-0.0999868600
0.0423320900
-0.0287734400
0.0186873000
-0.0168388500
0.0116474200
-0.0120191900
0.0083317850
-0.0094039810
0.0064281420
-0.0077469940
0.0052132100
-0.0065831570
0.0043813340
-0.0057278330
0.0037779550
-0.0050689150
0.0033266840
-0.0045101920
0.0029723560
-0.0041418330
0.0026343220
-0.0037127070
0.0025865980
-0.0032810800
0.0023399750
-0.0031485400
0.0022297670
-0.0026255130
0.0023204760
-0.0024019670
0.0021029670
-0.0021914540
0.0024766070
-0.0013893050
0.0025959230
-0.0016058270
0.0019920920
-0.0018220360
0.0017549600
-0.0017131230
0.0018021940
-0.0015056350
0.0023468930
0.0001456528
0.0037911320
0.0007134409
0.0036533140
0.0002059698
0.0021619350
-0.0010949040
0.0021559310
0.0000391082
0.0025963550
-0.0003731688
0.0027548370
0.0019657320
0.0059532380
0.0031543570
0.0029918110
-0.0021256960
-0.0004432882
-0.0014832530
0.0019471360
-0.0006610866
-0.0002078786
-0.0030742760
0.0003675898
0.0005684324
0.0052024810
0.0054170340
0.0084918860
0.0059495420
0.0053833570
0.0006158802
-0.0004702428
-0.0044529820
-0.0018890240
-0.0007810583
0.0037818520
0.0043575710
0.0086690320
0.0094623400
0.0122544400
0.0100626600
0.0099143350
0.0046728590
0.0023815180
-0.0011590120
-0.0005042168
-0.0027055830
0.0001623794
0.0020622790
0.0060538660
0.0044230110
0.0046197830
0.0018296290
0.0023980310
0.0008739601
0.0024335600
-0.0008834770
-0.0027767910
-0.0067050260
-0.0043428480
-0.0003776312
0.0071636490
0.0105965100
0.0151392600
0.0168204000
0.0187273300
0.0142736100
0.0103748200
0.0049746600
0.0030551780
-0.0014701950
-0.0037345260
-0.0060804020
-0.0047259520
-0.0088618690
-0.0116729600
-0.0107643500
-0.0035389330
-0.0000168983
0.0032166940
0.0014718450
0.0013277720
0.0002882451
0.0021134200
0.0025243010
0.0046509150
0.0031222980
0.0057562580
0.0123926100
0.0240097200
0.0307945400
0.0335646500
0.0273874400
0.0187800500
0.0062512570
-0.0027717890
-0.0120086600
-0.0194292200
-0.0262505500
-0.0249779700
-0.0212349100
-0.0109406000
0.0025318300
0.0190256100
0.0298744100
0.0328426800
0.0216486900
0.0060449330
-0.0108847800
-0.0196906000
-0.0189546500
-0.0045733520
0.0129590400
0.0281369800
0.0318845800
0.0296689100
0.0233105400
0.0177263300
0.0054024230
-0.0068779680
-0.0154503200
-0.0122190100
-0.0052482370
0.0030816440
0.0113675500
0.0230219200
0.0289988500
0.0279736000
0.0169144400
0.0036326870
-0.0068558040
-0.0083231260
-0.0086555360
-0.0098890150
-0.0129463700
-0.0115569700
-0.0118133000
-0.0107719300
-0.0100221000
-0.0087504040
-0.0095272320
-0.0019765110
0.0080651560
0.0139067200
0.0115329400
0.0092961270
0.0074565210
0.0066936830
-0.0021449140
-0.0121553300
-0.0155807800
-0.0029937930
0.0194233800
0.0378879400
0.0440216100
0.0436820200
0.0326666000
0.0099065890
-0.0212273300
-0.0389553200
-0.0422251300
-0.0349674600
-0.0202322100
0.0009947262
0.0177696300
0.0280216100
0.0266692800
0.0171166600
0.0024789400
-0.0038217300
-0.0048405390
-0.0096652830
-0.0207430400
-0.0217899900
-0.0098345120
0.0080512630
0.0224861400
0.0315487800
0.0241147500
0.0046806220
-0.0083735660
-0.0028089250
0.0111560500
0.0243077800
0.0234743200
0.0110832800
-0.0053130630
-0.0214672300
-0.0379627100
-0.0392467400
-0.0230651800
-0.0044074200
0.0001547537
0.0004103825
0.0041072980
0.0093555680
0.0054107500
-0.0052889560
-0.0172265500
-0.0190977200
-0.0126039000
0.0016608330
0.0198865400
0.0373181800
0.0375203700
0.0204636900
-0.0020908260
-0.0193127000
-0.0333853700
-0.0442983200
-0.0523188900
-0.0473134600
-0.0342154100
-0.0186223800
-0.0042839710
0.0129815300
0.0234798000
0.0253746100
0.0214460500
0.0143555600
0.0026831080
-0.0048478020
-0.0029352470
0.0088286190
0.0221924000
0.0307208900
0.0303218000
0.0248511800
0.0115540600
-0.0043074770
-0.0201231600
-0.0264579300
-0.0254719500
-0.0222418000
-0.0255869900
-0.0338220700
-0.0444330100
-0.0494523100
-0.0457905300
-0.0333973400
-0.0169700100
0.0004855606
0.0144456800
0.0262245300
0.0277034200
0.0210974400
0.0101685900
0.0017016200
-0.0011806550
0.0049548090
0.0120918400
0.0113075200
0.0006266561
-0.0107170400
-0.0227463200
-0.0341634100
-0.0415116300
-0.0433933800
-0.0465584100
-0.0473967300
-0.0416496600
-0.0309495000
-0.0220460200
-0.0172042900
-0.0200798400
-0.0209909300
-0.0134582000
-0.0026548340
-0.0004168262
-0.0008797895
0.0004884998
0.0028421110
0.0028099210
0.0039369230
0.0043916630
0.0019506330
-0.0075055670
-0.0196326400
-0.0295758400
-0.0341616700
-0.0353966000
-0.0326275100
-0.0263729600
-0.0166181800
-0.0082672100
-0.0015908140
-0.0008279859
-0.0086197410
-0.0257112000
-0.0411201600
-0.0514423000
-0.0566468400
-0.0591950900
-0.0548457300
-0.0465770000
-0.0353335800
-0.0260260300
-0.0226660000
-0.0269379800
-0.0305327600
-0.0298618900
-0.0245624400
-0.0190461300
-0.0142695900
-0.0132033200
-0.0124989800
-0.0103554300
-0.0034924650
0.0033974880
0.0065356250
0.0033311930
-0.0017534640
-0.0099097450
-0.0191040100
-0.0262252500
-0.0289901200
-0.0284676400
-0.0265901400
-0.0308298800
-0.0393056300
-0.0460485200
-0.0482344500
-0.0485014100
-0.0406812000
-0.0223583600
0.0040308000
0.0294774200
0.0518409800
0.0649805200
0.0712182700
0.0782712600
0.0887400000
0.0940695200
0.0929988500
0.0835731700
0.0661779600
0.0501509200
0.0422514400
0.0363584200
0.0336984600
0.0321579400
0.0302355900
0.0203929000
0.0032066090
-0.0118899100
-0.0118273200
-0.0011525730
0.0117926100
0.0171947700
0.0097016580
-0.0137473200
-0.0457778500
-0.0770100200
-0.0987182500
-0.1074536000
-0.1038392000
-0.0917337800
-0.0678056600
-0.0410291200
-0.0220710000
-0.0146729600
-0.0128073600
-0.0142244000
-0.0167139500
-0.0203811500
-0.0212735100
-0.0188788400
-0.0109586500
-0.0027449960
0.0007116733
-0.0016695430
-0.0068355690
-0.0191496500
-0.0376265900
-0.0554685300
-0.0656036100
-0.0697160800
-0.0674166600
-0.0606761200
-0.0508124200
-0.0436282300
-0.0423262800
-0.0475412000
-0.0505267700
-0.0490165900
-0.0445078500
-0.0348573200
-0.0130328900
0.0162087200
0.0437035000
0.0615792400
0.0744948200
0.0850478900
0.0934175800
0.0981143200
0.0989278900
0.0936978000
0.0879380600
0.0832083200
0.0863035000
0.0918125000
0.0945385500
0.0980032400
0.1049329000
0.1145104000
0.1244144000
0.1336407000
0.1450756000
0.1574856000
0.1733222000
0.1912470000
0.2086813000
0.2209570000
0.2268434000
0.2259753000
0.2155441000
0.1910853000
0.1592384000
0.1305689000
0.1139394000
0.1062949000
0.1049739000
0.1083406000
0.1113238000
0.1072312000
0.0988190000
0.0901079500
0.0797857300
0.0659005000
0.0532046900
0.0433824000
0.0340889900
0.0201665200
0.0019956010
-0.0171921400
-0.0300290800
-0.0360021400
-0.0408446600
-0.0497984800
-0.0604704100
-0.0688335600
-0.0682227400
-0.0620997000
-0.0545373100
-0.0459939500
-0.0391990800
-0.0283868100
-0.0169336300
-0.0148987400
-0.0157767800
-0.0206361400
-0.0324333500
-0.0588383900
-0.0927230600
-0.1257752000
-0.1493547000
-0.1636525000
-0.1690045000
-0.1663560000
-0.1525981000
-0.1285315000
-0.0987604300
-0.0790737100
-0.0725416500
-0.0738914600
-0.0740120200
-0.0718702900
-0.0659077600
-0.0559301800
-0.0419452900
-0.0262900200
-0.0130052800
-0.0091205230
-0.0162867800
-0.0328064600
-0.0546036400
-0.0816672800
-0.1106766000
-0.1365730000
-0.1534719000
-0.1637444000
-0.1641344000
-0.1567932000
-0.1414298000
-0.1229338000
-0.1077590000
-0.0982316000
-0.0869036400
-0.0677677500
-0.0461882300
-0.0295214800
-0.0129178200
0.0096325760
0.0424940500
0.0803584900
0.1118693000
0.1202077000
0.1138611000
0.1119890000
0.1161672000
0.1173670000
0.1160117000
0.0990893700
0.0570089800
0.0012789890
-0.0388081500
-0.0504665300
-0.0442598000
-0.0296048900
-0.0030544680
0.0208801300
0.0272039500
0.0196601500
0.0068539620
-0.0165111000
-0.0500593000
-0.0828353800
-0.1073422000
-0.1247198000
-0.1325927000
-0.1284153000
-0.1175981000
-0.1094717000
-0.1014332000
-0.0974898600
-0.1004000000
-0.0977041900
-0.0804789900
-0.0597764100
-0.0339483100
0.0010422670
0.0456400400
0.0776502300
0.0919791000
0.0947888100
0.0773319700
0.0439431400
0.0162628200
0.0035972190
0.0104872000
0.0249924900
0.0295826400
0.0301353500
0.0426107800
0.0618058000
0.0748111000
0.0729078900
0.0651151300
0.0538501300
0.0328679300
-0.0026500460
-0.0483398000
-0.0952811600
-0.1213514000
-0.1111933000
-0.0653993800
0.0012241110
0.0609504200
0.1052703000
0.1423190000
0.1576812000
0.1523830000
0.1382190000
0.1139608000
0.0957742300
0.1007593000
0.1106869000
0.1162929000
0.1249177000
0.1412390000
0.1546492000
0.1541632000
0.1408797000
0.1254508000
0.1074297000
0.0864542400
0.0660067000
0.0499997600
0.0457489800
0.0501893800
0.0461388800
0.0324095800
0.0137315700
-0.0120573300
-0.0477648200
-0.0879238400
-0.1180204000
-0.1292711000
-0.1314410000
-0.1396943000
-0.1552011000
-0.1598104000
-0.1483414000
-0.1347350000
-0.1367875000
-0.1457680000
-0.1491934000
-0.1419649000
-0.1223926000
-0.1055782000
-0.1100852000
-0.1219267000
-0.1346191000
-0.1499213000
-0.1462274000
-0.1191061000
-0.0902666600
-0.0662934000
-0.0337232000
0.0250446200
0.0745494500
0.0706331200
0.0326198600
0.0087257700
0.0059308670
0.0063019760
-0.0067904500
-0.0352370300
-0.0498317200
-0.0305701200
-0.0134399000
0.0008486076
0.0387383900
0.0649990400
0.0302790100
-0.0454163600
-0.1153886000
-0.1619595000
-0.1934398000
-0.2091444000
-0.2153875000
-0.2066849000
-0.1618879000
-0.0908756400
-0.0359881500
-0.0036348710
0.0242347300
0.0565122000
0.0810568500
0.0836713000
0.0671659200
0.0559287500
0.0621516600
0.0755101800
0.0867091900
0.1019153000
0.1318086000
0.1816042000
0.2383063000
0.2794595000
0.3017946000
0.3117961000
0.2917784000
0.2278524000
0.1450342000
0.0854180100
0.0599370900
0.0574513400
0.0633605000
0.0652856100
0.0664369600
0.0677106700
0.0530089200
0.0223618700
-0.0005389882
-0.0026193760
0.0025866980
0.0002284907
-0.0057053710
-0.0070588690
-0.0067885590
-0.0145482200
-0.0362893100
-0.0503287600
-0.0476109100
-0.0464946900
-0.0447328800
-0.0331540700
-0.0160441100
0.0065585600
0.0211976100
0.0276449100
0.0431969600
0.0657118300
0.0763279300
0.0671253700
0.0446287600
0.0235447600
0.0063715760
-0.0113366900
-0.0229229500
-0.0021382950
0.0460741800
0.0800380300
0.0868820500
0.0855519400
0.0850939600
0.0814442100
0.0663369900
0.0485380400
0.0339704500
0.0256021800
0.0212036100
0.0175221600
0.0231194200
0.0417096400
0.0631702000
0.0797977100
0.0847306800
0.0766574000
0.0638485000
0.0433531300
0.0099635390
-0.0251203700
-0.0524272400
-0.0720609900
-0.0871859800
-0.0893720300
-0.0846426800
-0.0922009000
-0.1068134000
-0.1131340000
-0.1159750000
-0.1184141000
-0.1146057000
-0.0950309500
-0.0519935000
0.0048952610
0.0437814800
0.0569469700
0.0532378900
0.0422762700
0.0362301400
0.0328721800
0.0305227600
0.0352156100
0.0422739000
0.0519444400
0.0642773000
0.0811346600
0.0991301100
0.1017811000
0.0854954700
0.0633517500
0.0452680600
0.0307907800
0.0148054900
-0.0057573170
-0.0343898700
-0.0657152000
-0.0908905200
-0.1065489000
-0.1183364000
-0.1294538000
-0.1368934000
-0.1417548000
-0.1491191000
-0.1584526000
-0.1709827000
-0.1861557000
-0.1995658000
-0.2057189000
-0.2026170000
-0.1888171000
-0.1621483000
-0.1118745000
-0.0506721400
-0.0092919650
0.0072893040
0.0095336340
0.0092905830
0.0130192500
0.0133741900
0.0076660470
0.0029134800
0.0045838080
0.0108078800
0.0196724000
0.0256561300
0.0326261900
0.0418656600
0.0493784700
0.0554700000
0.0662987200
0.0825502800
0.0943495600
0.0860351300
0.0595497500
0.0257417700
-0.0073037030
-0.0374391900
-0.0626078400
-0.0810168500
-0.0906653700
-0.0942076000
-0.0931868500
-0.0887104200
-0.0815495200
-0.0762630300
-0.0743760000
-0.0750290700
-0.0778669200
-0.0844197200
-0.0923459200
-0.0994135400
-0.1006038000
-0.0945509800
-0.0825608800
-0.0651630300
-0.0427868000
-0.0183475700
0.0071501680
0.0285627500
0.0451822900
0.0574978500
0.0657120300
0.0706099000
0.0742830200
0.0743589600
0.0750557000
0.0813441600
0.0934473100
0.1063196000
0.1162130000
0.1238969000
0.1370850000
0.1549030000
0.1716512000
0.1820935000
0.1846211000
0.1768041000
0.1584048000
0.1334237000
0.1114716000
0.0966443900
0.0875910200
0.0814775800
0.0789925100
0.0794151800
0.0811552700
0.0801826500
0.0774751600
0.0732837800
0.0663609800
0.0551205200
0.0408135200
0.0225779500
0.0041498010
-0.0145146500
-0.0328707800
-0.0516256600
-0.0702109100
-0.0849609400
-0.0947676300
-0.1040132000
-0.1121107000
-0.1171511000
-0.1122942000
-0.0910197000
-0.0594024700
-0.0314073100
-0.0097519960
0.0041569350
0.0110340500
0.0086861190
-0.0024823130
-0.0159480700
-0.0255488700
-0.0258310900
-0.0130427400
0.0065350560
0.0279842400
0.0443100600
0.0475769200
0.0366533700
0.0186251900
-0.0010131450
-0.0157606400
-0.0229289900
-0.0243368700
-0.0216948000
-0.0136000200
-0.0037508000
0.0040512990
0.0103022600
0.0169008200
0.0200030500
0.0179776100
0.0116325700
0.0022766960
-0.0080571910
-0.0185895700
-0.0296191800
-0.0402364300
-0.0517955100
-0.0646805200
-0.0770368200
-0.0859754500
-0.0940339100
-0.1002123000
-0.1038208000
-0.1071218000
-0.1106797000
-0.1131540000
-0.1137742000
-0.1107030000
-0.1045961000
-0.0965102900
-0.0894793200
-0.0831452300
-0.0775353400
-0.0703073600
-0.0600058400
-0.0477622000
-0.0336945900
-0.0165523200
0.0021778740
0.0194471900
0.0343749900
0.0468016300
0.0543018900
0.0577768600
0.0553949800
0.0490853000
0.0419234700
0.0356908400
0.0297274600
0.0234132300
0.0184695100
0.0187847400
0.0217260000
0.0261662800
0.0304438500
0.0366020500
0.0439539500
0.0497072100
0.0520326800
0.0534880700
0.0523490900
0.0477294000
0.0409240800
0.0337604100
0.0272621500
0.0225423100
0.0237386400
0.0311997500
0.0394044100
0.0475772800
0.0552502300
0.0606138000
0.0610197100
0.0556377400
0.0453637300
0.0330724200
0.0217424400
0.0122962500
0.0058469320
0.0058972200
0.0076023510
0.0070326290
0.0039384400
-0.0006639908
-0.0070702060
-0.0132151800
-0.0176980700
-0.0190430200
-0.0181657700
-0.0151035900
-0.0093450420
0.0000784467
0.0105412700
0.0203004100
0.0276573400
0.0328706400
0.0358169300
0.0347741800
0.0326495300
0.0317275400
0.0302453100
0.0296478700
0.0301109900
0.0325984400
0.0349225600
0.0351942600
0.0346901700
0.0350256600
0.0346589300
0.0328395800
0.0255397300
0.0128504100
-0.0003316540
-0.0096476930
-0.0167628800
-0.0207951000
-0.0211698200
-0.0192884100
-0.0168142600
-0.0134634300
-0.0116739600
-0.0130928300
-0.0170666100
-0.0209788900
-0.0232512600
-0.0246179500
-0.0269264200
-0.0294352200
-0.0309488600
-0.0294867000
-0.0248404100
-0.0189472300
-0.0156194300
-0.0146509500
-0.0166389500
-0.0200810900
-0.0242573800
-0.0282918400
-0.0307039200
-0.0304456500
-0.0297556600
-0.0301334700
-0.0320329400
-0.0332467400
-0.0343498200
-0.0350476300
-0.0364138300
-0.0375224000
-0.0357725200
-0.0297915800
-0.0218657000
-0.0130393200
-0.0041063760
0.0036319350
0.0099411300
0.0164270900
0.0218430200
0.0267842300
0.0297501800
0.0303778100
0.0298209600
0.0309752100
0.0331877900
0.0328499600
0.0288058900
0.0251553500
0.0246064700
0.0257588000
0.0248402500
0.0243423600
0.0234940400
0.0194177600
0.0107722500
0.0008014268
-0.0090319290
-0.0178188100
-0.0225332200
-0.0217597400
-0.0208466400
-0.0219448700
-0.0247457100
-0.0272828400
-0.0284403400
-0.0282560900
-0.0261343600
-0.0196578600
-0.0118556200
-0.0080528790
-0.0082577910
-0.0067208610
-0.0013861220
0.0051663650
0.0097287200
0.0117846700
0.0112108600
0.0096529000
0.0085462400
0.0111504300
0.0160322500
0.0202867500
0.0234989500
0.0264891200
0.0283228900
0.0289753900
0.0295118800
0.0319168900
0.0351139200
0.0368442100
0.0348107300
0.0320427300
0.0295490800
0.0258049100
0.0196045700
0.0129981000
0.0072654270
0.0025941840
0.0001009320
0.0043081390
0.0094497840
0.0112828400
0.0117041100
0.0123595800
0.0133190100
0.0146789700
0.0140552500
0.0108335200
0.0072872280
0.0056319050
0.0045059590
0.0035494420
0.0016634560
0.0000832384
-0.0019263850
-0.0040157380
-0.0049730700
-0.0045521180
-0.0037785470
-0.0037315870
-0.0055548870
-0.0078706580
-0.0103712400
-0.0133967900
-0.0172745800
-0.0193228500
-0.0194807700
-0.0183657800
-0.0184031000
-0.0172456900
-0.0141776900
-0.0107234100
-0.0094160440
-0.0117663800
-0.0153798400
-0.0160433100
-0.0151648000
-0.0127210700
-0.0096964820
-0.0054093890
-0.0020087550
-0.0010021980
-0.0017979560
-0.0042139000
-0.0081057330
-0.0121333300
-0.0150126400
-0.0165443100
-0.0189135200
-0.0221001800
-0.0273774000
-0.0318383500
-0.0343093900
-0.0358551200
-0.0368193800
-0.0360006800
-0.0341848400
-0.0307064000
-0.0265021300
-0.0224765700
-0.0175378100
-0.0120407100
-0.0078370220
-0.0050007060
-0.0019733280
0.0036524520
0.0099974030
0.0144440000
0.0162416500
0.0180366800
0.0185388700
0.0157242400
0.0117168300
0.0095240620
0.0097016440
0.0127698500
0.0151640500
0.0143986900
0.0107090400
0.0055165910
-0.0024855800
-0.0130621100
-0.0218294100
-0.0225773900
-0.0162970800
-0.0080258930
0.0007301277
0.0081826060
0.0122768200
0.0142571300
0.0149644500
0.0156331300
0.0165146500
0.0170430700
0.0168902500
0.0148050500
0.0106645200
0.0094629610
0.0126040100
0.0192441700
0.0277774100
0.0352594600
0.0370719700
0.0334638200
0.0274744200
0.0233781200
0.0208955500
0.0205522400
0.0198689200
0.0175583500
0.0144449400
0.0116355700
0.0095319660
0.0094263270
0.0110363400
0.0139310600
0.0152001900
0.0133550500
0.0092521200
0.0063188640
0.0030070400
-0.0019460360
-0.0094876080
-0.0169887300
-0.0215309900
-0.0228888900
-0.0219775700
-0.0193474500
-0.0185617800
-0.0209875600
-0.0239525700
-0.0236124900
-0.0211535400
-0.0179482200
-0.0142722200
-0.0121932000
-0.0135137100
-0.0139196800
-0.0126278000
-0.0101453400
-0.0083441510
-0.0094441330
-0.0136763100
-0.0187820600
-0.0223568000
-0.0239663000
-0.0244219600
-0.0220262400
-0.0189429000
-0.0155543400
-0.0130676900
-0.0114935000
-0.0090758170
-0.0048652810
-0.0001497082
0.0055345620
0.0102380100
0.0136746900
0.0157253900
0.0160361600
0.0169895100
0.0205528400
0.0235954600
0.0237609900
0.0207541800
0.0151390200
0.0089017450
0.0052122530
0.0034705470
0.0020716460
-0.0005119415
-0.0042161560
-0.0078755350
-0.0112874300
-0.0152166100
-0.0187898500
-0.0199969200
-0.0180760900
-0.0153691700
-0.0122167100
-0.0076546080
-0.0014707480
0.0040687330
0.0067604630
0.0058647670
0.0052570610
0.0066388910
0.0088360390
0.0105033700
0.0111933100
0.0114184100
0.0099944260
0.0072263560
0.0050828010
0.0021604910
-0.0026086970
-0.0086081490
-0.0125587600
-0.0139177300
-0.0135109500
-0.0122023000
-0.0103471000
-0.0095586600
-0.0081567040
-0.0080242590
-0.0108597400
-0.0152254000
-0.0199166900
-0.0248116300
-0.0274208700
-0.0271018200
-0.0239303800
-0.0202140700
-0.0164125100
-0.0140856100
-0.0124223100
-0.0104853100
-0.0077297310
-0.0032452090
0.0030425770
0.0086270140
0.0131669000
0.0160519500
0.0179905200
0.0178652100
0.0156213900
0.0145261400
0.0155455700
0.0169851400
0.0164801400
0.0141635500
0.0131948500
0.0131597800
0.0135902300
0.0131967700
0.0117801900
0.0102046600
0.0089769140
0.0081086820
0.0093600470
0.0120407200
0.0156810700
0.0161238900
0.0120491300
0.0063403890
0.0016947800
-0.0017648380
-0.0037051100
-0.0041148010
-0.0018995420
-0.0001684017
-0.0012708440
-0.0034753620
-0.0036319260
-0.0005240934
0.0041526350
0.0073247020
0.0097226650
0.0131903900
0.0184183200
0.0255155800
0.0321896000
0.0342908700
0.0328636700
0.0307543700
0.0306398300
0.0330309400
0.0356452900
0.0371352700
0.0401031000
0.0425294000
0.0376789700
0.0267703500
0.0154282400
0.0040724870
-0.0080522460
-0.0195065400
-0.0253004700
-0.0268376700
-0.0259591900
-0.0227651200
-0.0158902700
-0.0063639600
0.0005504900
0.0012972550
-0.0002110646
-0.0021241730
-0.0034483150
-0.0031244430
-0.0008261943
0.0023517500
0.0045773110
0.0059441920
0.0074616930
0.0083901910
0.0077902610
0.0048425400
0.0002557310
-0.0046311290
-0.0075128470
-0.0091225010
-0.0112454900
-0.0167636600
-0.0233493600
-0.0278915700
-0.0317256600
-0.0342917600
-0.0348508700
-0.0346142200
-0.0328010700
-0.0294230900
-0.0271180600
-0.0258145100
-0.0241662300
-0.0223015400
-0.0203203900
-0.0203029900
-0.0206895100
-0.0185198800
-0.0143461300
-0.0105087100
-0.0068380330
-0.0026717640
0.0011127020
0.0022023530
0.0018862160
0.0008446411
-0.0001053141
-0.0019819570
-0.0036411230
-0.0044697300
-0.0044636610
-0.0048566630
-0.0068741480
-0.0090105080
-0.0098495880
-0.0102387800
-0.0101976700
-0.0102190100
-0.0092197070
-0.0066611980
-0.0029524400
0.0005109848
0.0036918180
0.0087994970
0.0148596500
0.0187585400
0.0209180400
0.0224145000
0.0231245800
0.0231138800
0.0228692700
0.0231589200
0.0232946400
0.0203707600
0.0142783000
0.0063352950
-0.0018974260
-0.0096056760
-0.0151145400
-0.0192195000
-0.0224480300
-0.0258040600
-0.0289241600
-0.0307128400
-0.0291333900
-0.0239736100
-0.0176290200
-0.0130691400
-0.0110560300
-0.0103232700
-0.0095556150
-0.0102288700
-0.0113184200
-0.0130261100
-0.0139089000
-0.0118706200
-0.0065610790
-0.0005438361
0.0036576460
0.0050338280
0.0057855060
0.0068143250
0.0083264020
0.0091388440
0.0077946650
0.0042474860
0.0007985997
-0.0005420536
0.0002586393
0.0008181433
0.0021303510
0.0058280910
0.0083026000
0.0070403030
0.0047353830
0.0030825980
0.0039687890
0.0070016570
0.0109689000
0.0154253800
0.0182448800
0.0176063000
0.0147911300
0.0112314300
0.0091704620
0.0074612550
0.0053339100
0.0019261550
-0.0026749180
-0.0062262660
-0.0077645170
-0.0079519020
-0.0082173030
-0.0093902170
-0.0078663480
-0.0024587400
0.0040339600
0.0082270870
0.0103621000
0.0107685100
0.0092464290
0.0062196870
0.0018373060
-0.0038749140
-0.0090607440
-0.0125817400
-0.0133674400
-0.0116712400
-0.0104540100
-0.0123874400
-0.0150847300
-0.0154024500
-0.0117736100
-0.0053692330
0.0021796750
0.0073643100
0.0098292270
0.0109827600
0.0118900200
0.0120124400
0.0115571300
0.0112481800
0.0129487900
0.0160961100
0.0189100800
0.0211427000
0.0228925400
0.0230632700
0.0210368300
0.0152449700
0.0084062810
0.0019112110
-0.0026759320
-0.0056395020
-0.0079393550
-0.0107126500
-0.0133175600
-0.0146320200
-0.0150357700
-0.0142076400
-0.0136351500
-0.0149250900
-0.0176984100
-0.0202000900
-0.0208088600
-0.0184218300
-0.0135648600
-0.0080372300
-0.0033480070
0.0001436532
0.0035331810
0.0056838900
0.0073751990
0.0103831700
0.0132205800
0.0133019300
0.0126005800
0.0117097700
0.0086602330
0.0038376150
-0.0001705357
-0.0012309180
0.0017923960
0.0057399040
0.0072175880
0.0060769240
0.0044882710
0.0031684280
0.0028389880
0.0028474210
0.0026344480
0.0030666790
0.0040671330
0.0042993030
0.0035379450
0.0023277490
0.0024007080
0.0034563940
0.0035913780
0.0022288780
0.0009839917
0.0015234670
0.0042514290
0.0074602260
0.0088011410
0.0099628660
0.0127684600
0.0144344600
0.0139761600
0.0115353400
0.0081133570
0.0057740200
0.0056024570
0.0057511200
0.0050484220
0.0045199920
0.0042728600
0.0035876510
0.0032512410
0.0026717340
0.0007857451
-0.0005495715
-0.0001433476
0.0010465850
0.0029843290
0.0040930460
0.0041466600
0.0039400990
0.0045631980
0.0051535970
0.0048424390
0.0029237650
-0.0004725861
-0.0053679890
-0.0107073700
-0.0159654100
-0.0211079600
-0.0268589400
-0.0297801700
-0.0292599200
-0.0270309900
-0.0238065900
-0.0195744600
-0.0151208000
-0.0117871500
-0.0089867800
-0.0071982660
-0.0063832400
-0.0038872790
-0.0006705671
0.0029010220
0.0063694700
0.0088673520
0.0106718700
0.0121584000
0.0128367000
0.0128752400
0.0137046900
0.0143993800
0.0137727800
0.0120599700
0.0089258580
0.0047837220
-0.0008743046
-0.0068387760
-0.0116975000
-0.0147215700
-0.0168040200
-0.0189435400
-0.0205886000
-0.0194803200
-0.0176988200
-0.0151568200
-0.0117616000
-0.0084410750
-0.0052272360
-0.0033456440
-0.0021438730
0.0019110630
0.0085916640
0.0157211000
0.0220536100
0.0271983800
0.0294538000
0.0305964000
0.0315898300
0.0312516400
0.0295116900
0.0272538800
0.0247888500
0.0231063200
0.0218437800
0.0212793400
0.0209266700
0.0208987400
0.0199520600
0.0159082300
0.0087735270
0.0014462260
-0.0053344370
-0.0119887000
-0.0185643200
-0.0241034500
-0.0277469900
-0.0296126700
-0.0293730900
-0.0274773400
-0.0253216700
-0.0225791700
-0.0188051400
-0.0144898500
-0.0102161100
-0.0063290970
-0.0036187370
-0.0019942040
0.0003482291
0.0034720590
0.0050231900
0.0052124050
0.0051063700
0.0039575190
0.0012575610
-0.0015121350
-0.0037526440
-0.0052896550
-0.0058672570
-0.0051190610
-0.0028904260
0.0008333653
0.0038190560
0.0053851090
0.0052295330
0.0042524680
0.0030532990
0.0016346170
0.0017520120
0.0039976450
0.0081395500
0.0129286400
0.0162445300
0.0182531300
0.0189347200
0.0185447500
0.0179274000
0.0168649200
0.0143297200
0.0104617700
0.0062232580
0.0018131080
-0.0036775530
-0.0096291430
-0.0158467300
-0.0218963500
-0.0262966400
-0.0285103300
-0.0281123800
-0.0253313000
-0.0224494500
-0.0194829900
-0.0166842900
-0.0140794300
-0.0121512500
-0.0107681300
-0.0093022540
-0.0084389490
-0.0087274540
-0.0082135340
-0.0056655020
-0.0011814850
0.0026904740
0.0047160180
0.0064175060
0.0083799810
0.0099412610
0.0114737100
0.0127013700
0.0139497200
0.0143547700
0.0129556800
0.0103282800
0.0067182340
0.0026313930
-0.0016737980
-0.0057738840
-0.0076196940
-0.0068141360
-0.0058333040
-0.0060793880
-0.0053185140
-0.0050759360
-0.0066868050
-0.0103443200
-0.0141573800
-0.0157729600
-0.0137326500
-0.0101775800
-0.0068024710
-0.0039654040
-0.0014053910
0.0008610903
0.0021106780
0.0022294590
0.0025730270
0.0028416890
0.0023083230
0.0015856540
0.0026256380
0.0063202460
0.0097380620
0.0101559400
0.0091491700
0.0085212540
0.0094636030
0.0100934100
0.0093265230
0.0080911860
0.0082265450
0.0087949760
0.0082821380
0.0062057440
0.0035662190
0.0014136860
-0.0004913663
-0.0028719000
-0.0054468430
-0.0075265660
-0.0092232520
-0.0100594900
-0.0102288600
-0.0093770170
-0.0078803910
-0.0075327480
-0.0081577040
-0.0091086520
-0.0084583830
-0.0061113830
-0.0033107810
-0.0011383370
0.0010799140
0.0015470440
0.0004153831
-0.0007690265
-0.0012057000
-0.0003678734
0.0008726300
0.0026866980
0.0056401890
0.0083596400
0.0098025150
0.0089267290
0.0058268790
0.0027621020
0.0009760502
0.0000907365
-0.0001296283
0.0004525620
0.0024681000
0.0037899540
0.0030322290
0.0004319374
-0.0028036110
-0.0050081020
-0.0048556000
-0.0035546910
-0.0022790640
-0.0018147850
-0.0026999780
-0.0038160470
-0.0043243570
-0.0041169370
-0.0031471990
-0.0028084490
-0.0033161550
-0.0041540520
-0.0050606380
-0.0056428480
-0.0037492790
0.0001489120
0.0039500340
0.0060749640
0.0053264100
0.0035540330
0.0031650460
0.0042352780
0.0060952940
0.0081791410
0.0095767910
0.0107255500
0.0111884900
0.0098064740
0.0068783130
0.0028081480
-0.0011762120
-0.0045001190
-0.0070918080
-0.0088810880
-0.0105755300
-0.0124493700
-0.0139303700
-0.0160696400
-0.0188233600
-0.0212492200
-0.0227065100
-0.0210740000
-0.0171730900
-0.0123710900
-0.0067022190
-0.0018768110
0.0009183051
0.0032206040
0.0057167700
0.0084159880
0.0111339200
0.0134502300
0.0153057400
0.0168166900
0.0176256100
0.0161086500
0.0133053600
0.0101712900
0.0066174520
0.0025842830
-0.0010606110
-0.0037863210
-0.0055487030
-0.0056402820
-0.0045081560
-0.0036616070
-0.0030471180
-0.0027496270
-0.0021867260
-0.0004273933
0.0011748030
0.0009616183
0.0008991118
0.0019441030
0.0040758340
0.0071107180
0.0095157290
0.0097810090
0.0083821400
0.0061815400
0.0032774040
0.0002588970
-0.0016790870
-0.0017548680
-0.0019015920
-0.0026103710
-0.0036841330
-0.0041527950
-0.0038722540
-0.0032604740
-0.0014712800
-0.0003045041
-0.0013138820
-0.0034770500
-0.0056546990
-0.0065037750
-0.0058500290
-0.0039077390
-0.0007720889
0.0020466700
0.0047843770
0.0076674050
0.0110826100
0.0143356000
0.0163377600
0.0165111800
0.0147649800
0.0110370600
0.0063700700
0.0011777780
-0.0043055080
-0.0070754390
-0.0065707700
-0.0055963350
-0.0041565190
-0.0033522870
-0.0022886790
-0.0011970660
-0.0017250230
-0.0031798910
-0.0032318790
-0.0018011910
0.0007443718
0.0046490330
0.0093101610
0.0139614000
0.0180812100
0.0199199000
0.0198319400
0.0183796900
0.0157884200
0.0118040500
0.0077164120
0.0049514800
0.0032571880
0.0012881850
0.0000106384
-0.0003739617
-0.0007475705
-0.0013400080
-0.0022567550
-0.0038411100
-0.0051366460
-0.0051680110
-0.0053796120
-0.0053940040
-0.0035011650
-0.0016501670
-0.0012419160
-0.0024704310
-0.0052108060
-0.0074315990
-0.0081913500
-0.0076501050
-0.0061255240
-0.0044174170
-0.0032858330
-0.0032524360
-0.0034041920
-0.0036520090
-0.0046991140
-0.0055919750
-0.0048380370
-0.0023009100
0.0008473111
0.0034736830
0.0055761610
0.0069804700
0.0064191140
0.0036552980
0.0004672875
-0.0021197630
-0.0031364040
-0.0033282810
-0.0025221710
-0.0012352500
-0.0014473220
-0.0032111980
-0.0051931180
-0.0074352330
-0.0086731550
-0.0104904200
-0.0130371000
-0.0157023300
-0.0177605200
-0.0180458000
-0.0157792400
-0.0120503400
-0.0093956500
-0.0072306680
-0.0055591570
-0.0053640890
-0.0057301500
-0.0044916650
-0.0007407522
0.0044715660
0.0098900690
0.0145628400
0.0178618000
0.0184428500
0.0165394000
0.0144376800
0.0131437100
0.0125444100
0.0109684400
0.0090292490
0.0071334460
0.0050029550
0.0037476570
0.0032271200
0.0028494970
0.0020192800
0.0012519550
0.0003622714
-0.0001660360
0.0003708187
0.0012772800
0.0010081960
-0.0005939121
-0.0027023480
-0.0033055120
-0.0030143830
-0.0017298960
0.0008211061
0.0028911890
0.0033854560
0.0032184600
0.0032376950
0.0033355180
0.0029294080
0.0017816640
0.0001127052
-0.0013955490
-0.0019841640
-0.0020742560
-0.0019136960
-0.0022754660
-0.0032357710
-0.0035982770
-0.0026008680
-0.0023325750
-0.0020122870
-0.0006351496
0.0012855860
0.0031729830
0.0037790250
0.0029297110
0.0023286460
0.0019306800
0.0007219600
-0.0000001294
0.0003442060
0.0001202380
-0.0006553244
-0.0021343200
-0.0040546110
-0.0058576680
-0.0070160790
-0.0074000180
-0.0062826300
-0.0046935500
-0.0042164190
-0.0043320340
-0.0045695640
-0.0047773690
-0.0040653710
-0.0033420260
-0.0032938410
-0.0036538880
-0.0047563380
-0.0052769700
-0.0038821380
-0.0009932911
0.0024684360
0.0042756660
0.0036101070
0.0020757270
0.0001435397
-0.0025604120
-0.0058612850
-0.0084385470
-0.0097665250
-0.0105648600
-0.0104576700
-0.0100151900
-0.0102043700
-0.0108075800
-0.0099113150
-0.0074580020
-0.0042622680
-0.0013168360
0.0010667540
0.0034995600
0.0068450620
0.0089618110
0.0097824210
0.0091434550
0.0068030320
0.0039642090
0.0025103340
0.0030403000
0.0039499030
0.0045592990
0.0051220010
0.0049148040
0.0033398760
0.0013121880
0.0002039609
-0.0003680990
-0.0006614469
-0.0000277936
0.0001955806
0.0016428710
0.0037422450
0.0053499020
0.0073279640
0.0082720050
0.0080701020
0.0083745380
0.0090265870
0.0087002450
0.0077196940
0.0066204640
0.0048380680
0.0032079560
0.0024143580
0.0017399300
0.0022996110
0.0032633780
0.0032747900
0.0027137410
0.0018812840
0.0011078240
0.0003707424
-0.0003690223
-0.0016966970
-0.0028204010
-0.0035761870
-0.0042343830
-0.0045488530
-0.0043095910
-0.0041657620
-0.0041726300
-0.0030452670
-0.0012103460
0.0005612945
0.0020611030
0.0035654760
0.0044284400
0.0042611130
0.0029831440
0.0017642980
0.0006213825
-0.0012828750
-0.0036917870
-0.0050549730
-0.0057222080
-0.0064632100
-0.0073009520
-0.0078778010
-0.0086764510
-0.0092467780
-0.0094116300
-0.0086514480
-0.0078898580
-0.0075729210
-0.0058802150
-0.0042073780
-0.0032875420
-0.0019452400
0.0004672242
0.0020817050
0.0034297180
0.0063470440
0.0088554840
0.0086194120
0.0068660440
0.0045847020
0.0016387120
0.0000507897
-0.0008266652
-0.0012989130
-0.0013984110
-0.0027185940
-0.0038819590
-0.0044716250
-0.0055773450
-0.0058695680
-0.0062990430
-0.0069703100
-0.0070641320
-0.0068105100
-0.0053007340
-0.0032683270
-0.0018896280
-0.0009146561
0.0005316884
0.0018463690
0.0026880460
0.0030406530
0.0021771520
0.0008263598
-0.0002428548
-0.0012696890
-0.0019880920
-0.0012522600
-0.0000122265
0.0004102971
0.0012950720
0.0019082310
0.0028361640
0.0043232470
0.0058971680
0.0086046980
0.0102684400
0.0097329520
0.0074747920
0.0045252430
0.0022496610
-0.0001385645
-0.0020807110
-0.0031781100
-0.0033208530
-0.0036465640
-0.0039804650
-0.0041354070
-0.0041275290
-0.0042036980
-0.0035796170
-0.0024349310
-0.0013026910
0.0002006343
0.0016107090
0.0042940300
0.0080040990
0.0107343300
0.0114629200
0.0103007000
0.0084684850
0.0070647800
0.0056738840
0.0044026230
0.0037071620
0.0025875940
0.0016014440
0.0009555870
0.0007244111
0.0005336899
0.0005939986
0.0013126280
0.0033150330
0.0055330040
0.0069758850
0.0074741330
0.0074659600
0.0083840420
0.0097502970
0.0113483400
0.0118396000
0.0109213400
0.0097363140
0.0086653650
0.0074955120
0.0060132580
0.0038137430
0.0005733228
-0.0022632360
-0.0049721870
-0.0072327750
-0.0080984730
-0.0084198860
-0.0087903280
-0.0090423280
-0.0083850600
-0.0071814780
-0.0062122530
-0.0052033630
-0.0043693380
-0.0025594620
-0.0004994097
0.0004409602
0.0005381388
0.0000573810
-0.0010285110
-0.0026867350
-0.0041384630
-0.0054189760
-0.0060415670
-0.0069260730
-0.0085027770
-0.0096872770
-0.0089105670
-0.0071009660
-0.0059340610
-0.0056774800
-0.0058669680
-0.0066477920
-0.0070200110
-0.0061507460
-0.0052964590
-0.0043942710
-0.0033582510
-0.0029565390
-0.0034541570
-0.0049187550
-0.0059184360
-0.0060225850
-0.0056295550
-0.0052346280
-0.0042545710
-0.0030999310
-0.0021211840
-0.0015577210
-0.0010834010
-0.0007157398
-0.0008226944
-0.0015593290
-0.0025011120
-0.0023676770
-0.0012962110
0.0001407385
0.0014058400
0.0028302310
0.0039645820
0.0044019700
0.0049187170
0.0045963690
0.0046473380
0.0058360620
0.0074668310
0.0080312010
0.0080609460
0.0075945510
0.0060683270
0.0046488070
0.0043327700
0.0041167240
0.0034242770
0.0028286880
0.0029508350
0.0031869460
0.0028201670
0.0015863600
-0.0007315229
-0.0042816930
-0.0073634050
-0.0091125750
-0.0093687910
-0.0087886410
-0.0064906810
-0.0044181240
-0.0032495510
-0.0016721440
0.0004466888
0.0025161760
0.0047895210
0.0053942780
0.0043925060
0.0034872240
0.0039069060
0.0053899420
0.0071034600
0.0083200580
0.0084986500
0.0060868650
0.0028637430
0.0003652182
-0.0007185112
-0.0011148090
-0.0020456770
-0.0046583110
-0.0073952860
-0.0082167170
-0.0076647570
-0.0058414560
-0.0032085140
-0.0018057900
-0.0017307950
-0.0012339900
0.0001993170
0.0014350680
0.0025298080
0.0036480170
0.0045871880
0.0048768170
0.0061573400
0.0071523200
0.0061816040
0.0039406170
0.0016216710
-0.0009923530
-0.0032068970
-0.0036708750
-0.0025795060
-0.0016643040
-0.0019023290
-0.0025249100
-0.0029230080
-0.0033100530
-0.0041335080
-0.0053143520
-0.0052571480
-0.0041332050
-0.0035080300
-0.0039192780
-0.0048342870
-0.0066078530
-0.0085061510
-0.0107028300
-0.0119462800
-0.0122419700
-0.0118531900
-0.0109928700
-0.0095277790
-0.0073709750
-0.0050050350
-0.0021508790
0.0008383772
0.0025867440
0.0040379720
0.0058409430
0.0081718980
0.0102436500
0.0118233500
0.0118698000
0.0108281700
0.0095956940
0.0089485380
0.0078863660
0.0065310100
0.0036919160
-0.0005793713
-0.0049443190
-0.0072970240
-0.0085902150
-0.0097595890
-0.0106483100
-0.0117650200
-0.0133942100
-0.0135153700
-0.0125517800
-0.0120029000
-0.0107053100
-0.0077866130
-0.0025645460
0.0031830560
0.0079602770
0.0110039200
0.0126514400
0.0134932800
0.0129580600
0.0114513400
0.0098064440
0.0084157610
0.0070864850
0.0065686770
0.0061751920
0.0052804310
0.0039343960
0.0025741420
0.0010580670
-0.0000953408
-0.0003964263
0.0002450562
0.0004682341
0.0009347455
0.0019232790
0.0026356700
0.0028168910
0.0032836430
0.0039630190
0.0051684640
0.0067425920
0.0074196880
0.0064898200
0.0064986050
0.0070321890
0.0072831620
0.0074810650
0.0069649010
0.0048198620
0.0024361530
-0.0003370855
-0.0029107840
-0.0041526700
-0.0047824460
-0.0052187130
-0.0058095170
-0.0067668530
-0.0077838700
-0.0085085150
-0.0076757700
-0.0048170070
-0.0020688080
0.0002620616
0.0035691060
0.0060022580
0.0073901530
0.0076972520
0.0079513400
0.0074386880
0.0064909360
0.0052883560
0.0042009600
0.0028346420
0.0003167137
-0.0026659340
-0.0051423530
-0.0075262580
-0.0090380610
-0.0102361900
-0.0105383200
-0.0097042790
-0.0083137150
-0.0071636010
-0.0057290510
-0.0039751550
-0.0025481690
-0.0012837800
0.0004904728
0.0024348930
0.0040786240
0.0049156370
0.0055409560
0.0059653630
0.0062262430
0.0061482640
0.0056489040
0.0052758290
0.0054449040
0.0047567710
0.0040968030
0.0032646190
0.0029119070
0.0021744520
0.0016410010
0.0020883770
0.0031508320
0.0044259270
0.0054699070
0.0059641990
0.0054093240
0.0043960580
0.0036038090
0.0021255670
-0.0000610591
-0.0011576020
-0.0015532410
-0.0020557150
-0.0008341293
0.0011014590
0.0020585500
0.0023198280
0.0030572790
0.0033971490
0.0032239140
0.0027906220
0.0026835630
0.0026344480
0.0028801570
0.0031538250
0.0032058730
0.0031870060
0.0029959480
0.0018124470
0.0005240021
-0.0009941371
-0.0018124930
-0.0025860380
-0.0036410010
-0.0047188470
-0.0053653000
-0.0053681910
-0.0043545910
-0.0033580590
-0.0016566650
0.0006154687
0.0014907430
0.0024978300
0.0039387900
0.0039799490
0.0040310020
0.0044889470
0.0051544610
0.0052488790
0.0048060580
0.0038346840
0.0026902260
0.0003711504
-0.0019343290
-0.0043478850
-0.0068706600
-0.0088329330
-0.0097153090
-0.0102619400
-0.0095305450
-0.0081909630
-0.0072785940
-0.0060155120
-0.0041021030
-0.0015208930
0.0009548246
0.0028174900
0.0037046640
0.0042285680
0.0047609390
0.0050146320
0.0052259300
0.0051995690
0.0050122440
0.0039268610
0.0028602960
0.0015969770
0.0005030218
-0.0017297780
-0.0035841060
-0.0050168470
-0.0063042220
-0.0076662410
-0.0085631220
-0.0093099360
-0.0091766860
-0.0085706380
-0.0080969790
-0.0071361470
-0.0052371470
-0.0036207400
-0.0022745940
-0.0022355450
-0.0024154080
-0.0028917420
-0.0028505580
-0.0019386460
-0.0009122744
0.0005830552
0.0022482950
0.0036915980
0.0047852740
0.0042287900
0.0029275450
0.0010168490
-0.0004662608
-0.0015487530
-0.0027189910
-0.0041436680
-0.0048507420
-0.0051899320
-0.0052239080
-0.0053986990
-0.0057453210
-0.0069172450
-0.0076280610
-0.0072023740
-0.0054257460
-0.0037829120
-0.0016770170
0.0004819060
0.0024355420
0.0041595170
0.0059947940
0.0076457780
0.0083557130
0.0075588870
0.0072098220
0.0078681300
0.0086760600
0.0090652320
0.0093829230
0.0085034760
0.0072276350
0.0055096390
0.0045584830
0.0034658320
0.0028518240
0.0032435790
0.0037137080
0.0025945570
0.0007703005
-0.0005991643
-0.0015212880
-0.0022826950
-0.0025484650
-0.0024369470
-0.0014264210
-0.0014358980
-0.0010717870
-0.0005836278
0.0002289652
0.0010571340
0.0018405630
0.0018872250
0.0021551790
0.0011935980
0.0008731877
0.0001164741
-0.0009330396
-0.0013283790
-0.0016363410
-0.0022896480
-0.0022230340
-0.0019373400
-0.0013030330
-0.0011076100
-0.0010371560
-0.0010116070
-0.0008520664
-0.0009415629
-0.0011460530
-0.0020449250
-0.0025616730
-0.0038975400
-0.0042706190
-0.0040877270
-0.0039404720
-0.0043482070
-0.0039737270
-0.0030612900
-0.0018037300
-0.0007658872
-0.0000391519
0.0001098049
0.0002577003
0.0008828930
0.0024330100
0.0042710160
0.0058570420
0.0054914410
0.0049108530
0.0040627080
0.0023415760
0.0010921190
0.0003428061
-0.0007449674
-0.0019097850
-0.0040400750
-0.0054276870
-0.0059196810
-0.0058678490
-0.0060267480
-0.0056759700
-0.0051437110
-0.0036536270
-0.0028131880
-0.0021952740
-0.0014029060
-0.0000764162
0.0008304766
0.0010587220
0.0005640500
0.0001466921
-0.0003326097
-0.0000547782
0.0005309326
0.0013112410
0.0016290870
0.0021893170
0.0025447350
0.0031896230
0.0033755730
0.0033487520
0.0029175610
0.0023900110
0.0012238980
0.0010553890
0.0007961116
0.0010534980
0.0014064750
0.0022828190
0.0025044840
0.0020957450
0.0013112660
0.0006291884
-0.0002286611
-0.0002404967
0.0003889960
0.0007778107
0.0002610260
-0.0001231223
-0.0011642760
-0.0008916643
-0.0003854776
0.0014393320
0.0026277950
0.0036373310
0.0033742300
0.0024665800
0.0019017640
0.0013222550
-0.0000945983
-0.0005009074
-0.0001513622
0.0005577886
0.0001543880
0.0001181894
0.0000194324
-0.0003232944
-0.0008024119
-0.0009450587
-0.0015160730
-0.0011460220
0.0000524408
0.0020497440
0.0030554600
0.0041890950
0.0051968720
0.0060589740
0.0053976530
0.0046257160
0.0045121700
0.0046057910
0.0038757550
0.0036787730
0.0029677620
0.0026893810
0.0011417200
0.0004644739
0.0004983125
0.0008788199
0.0013073710
0.0016665990
0.0012473560
0.0004353599
-0.0015291600
-0.0024155210
-0.0030963130
-0.0034029080
-0.0035578070
-0.0028459650
-0.0027065730
-0.0024418620
-0.0021221250
-0.0017571050
-0.0019597650
-0.0019006860
-0.0017815850
-0.0004925937
0.0001621780
0.0005136183
0.0001517749
0.0002097588
-0.0003136875
-0.0013859350
-0.0025738680
-0.0033077140
-0.0035545810
-0.0030153010
-0.0024821260
-0.0023821420
-0.0027044670
-0.0023541250
-0.0026050500
-0.0024949890
-0.0026070260
-0.0021017240
-0.0021618780
-0.0018418580
-0.0007552385
0.0011291630
0.0026431210
0.0035663800
0.0033227680
0.0026786750
0.0016206720
0.0013797060
0.0012072610
0.0015120070
0.0016398960
0.0018156600
0.0008108407
0.0001335679
-0.0015337680
-0.0034652470
-0.0053676950
-0.0057075470
-0.0052003230
-0.0040012340
-0.0032644330
-0.0024315360
-0.0023046840
-0.0021146290
-0.0027486870
-0.0024655830
-0.0016000330
-0.0001457503
0.0008834513
0.0019545790
0.0020593340
0.0024667540
0.0021396900
0.0014638800
0.0010589660
0.0017537220
0.0024338640
0.0030251460
0.0025603090
0.0021356160
0.0006758740
-0.0003990215
-0.0015448660
-0.0019763030
-0.0023713280
-0.0022323300
-0.0026242770
-0.0025242040
-0.0020771990
-0.0016868140
-0.0013301870
-0.0003842687
-0.0001555230
0.0004382922
0.0008367303
0.0018891020
0.0025540510
0.0034463550
0.0037705110
0.0039581620
0.0034778740
0.0029012540
0.0018238560
0.0010176410
-0.0003310799
-0.0007758471
-0.0013300860
-0.0014772300
-0.0019991660
-0.0020118110
-0.0022961570
-0.0025008540
-0.0029470870
-0.0031162610
-0.0037473050
-0.0036042770
-0.0034339860
-0.0023258790
-0.0014153270
-0.0003971447
-0.0000796791
0.0001531584
-0.0001101542
-0.0001040876
-0.0001378530
0.0001685457
0.0002183015
0.0009436613
0.0013364120
0.0014282520
0.0010829680
0.0009681974
0.0001757183
-0.0003207798
-0.0009829475
-0.0009500023
-0.0010411160
-0.0007698542
-0.0005347732
-0.0001376070
-0.0002023619
-0.0000583473
-0.0003112926
-0.0000120274
-0.0000090857
0.0002536897
0.0003515509
0.0006110423
0.0005855470
0.0008127092
0.0009692914
0.0011373600
0.0005455015
0.0005095151
0.0003993817
0.0005239965
0.0004058568
0.0006914583
0.0005418808
0.0005068080
0.0002191094
0.0002320529
0.0000623836
0.0001507021
0.0000477180
0.0003237198
0.0003875023
0.0006765127
0.0004896923
0.0005143179
0.0003819806
0.0002595187
-0.0001536882
-0.0001765020
-0.0003560782
-0.0001487952
-0.0002618366
-0.0000769985
-0.0001050539
0.0000386386
-0.0000586925
0.0000401134
-0.0001147697
-0.0000817013
-0.0000788687
0.0001905690
0.0001324029
0.0003123784
0.0001991895
0.0002972267
0.0001695091
0.0002004167
-0.0000353707
-0.0000046947
-0.0001520188
-0.0000656462
-0.0002369298
-0.0001052550
-0.0001739048
-0.0000676671
-0.0002103169
-0.0001120120
-0.0001588618
0.0000038889
-0.0000879987
-0.0000406183
-0.0001812904
-0.0001311154
-0.0002892595
-0.0001878321
-0.0002723619
-0.0001995035
-0.0003310968
-0.0002874119
-0.0004003514
-0.0003084414
-0.0003849227
-0.0002980833
-0.0003788990
-0.0003051695
-0.0003855398
-0.0002872684
-0.0003576442
-0.0002797673
-0.0003384160
-0.0002468543
-0.0003006613
-0.0002053123
-0.0002575019
-0.0001840404
-0.0002636372
-0.0002179261
-0.0002947530
-0.0002340244
-0.0002938798
-0.0002237557
-0.0002705191
-0.0001985959
-0.0002409762
-0.0001732490
-0.0002207471
-0.0001575560
-0.0002020357
-0.0001406462
-0.0001755453
-0.0001109225
-0.0001392941
-0.0000739258
-0.0000983890
-0.0000347202
-0.0000558789
0.0000043420
-0.0000139636
0.0000458821
0.0000319859
0.0000889875
0.0000774149
0.0001313953
0.0001222339
0.0001735385
0.0001677336
0.0002170710
0.0002146387
0.0002614454
0.0002619503
0.0003060764
0.0003095287
0.0003511679
0.0003577251
0.0003968153
0.0004065216
0.0004430500
0.0004557989
0.0004896330
0.0005053307
0.0005363042
0.0005548669
0.0005828804
0.0006042711
0.0006293050
0.0006527393
