0.0003394858
0.0003400633
0.0003405092
0.0003408006
0.0003411949
0.0003419078
0.0003427377
0.0003439846
0.0003449922
0.0003447777
0.0003433999
0.0003425291
0.0003435124
0.0003466579
0.0003511232
0.0003561771
0.0003579529
0.0003543897
0.0003460207
0.0003347161
0.0003285259
0.0003268908
0.0003223635
0.0003110397
0.0002970342
0.0002875906
0.0002941580
0.0003142231
0.0003383629
0.0003566913
0.0003629026
0.0003624545
0.0003628987
0.0003658218
0.0003666710
0.0003559482
0.0003347480
0.0003235398
0.0003344653
0.0003598444
0.0003739756
0.0003631635
0.0003327739
0.0003014988
0.0002831304
0.0002931150
0.0003229684
0.0003767877
0.0004473383
0.0005070460
0.0005312514
0.0005176042
0.0004791184
0.0004377999
0.0003991151
0.0003813988
0.0003807162
0.0003824670
0.0003855946
0.0003934064
0.0003988550
0.0003686743
0.0002781299
0.0001651578
0.0000982916
0.0000861272
0.0000583264
0.0000237297
-0.0000028366
-0.0000175656
0.0000148101
0.0001214859
0.0002549427
0.0003335206
0.0003481561
0.0003729173
0.0003576994
0.0002832202
0.0002351329
0.0002543051
0.0003346255
0.0004596083
0.0006681036
0.0008502889
0.0008173005
0.0006362255
0.0004591275
0.0003072505
0.0001163519
-0.0001042376
-0.0004032215
-0.0007071712
-0.0009192842
-0.0009600261
-0.0008063356
-0.0004809338
-0.0000249894
0.0003550026
0.0004212612
0.0001968305
-0.0001156844
-0.0003334788
-0.0003904085
-0.0003958745
-0.0004889096
-0.0006566407
-0.0006908047
-0.0004936340
-0.0001669841
0.0001656931
0.0003950320
0.0004597043
0.0004364263
0.0004305002
0.0004769565
0.0005009666
0.0002645257
-0.0003725197
-0.0011777550
-0.0018933680
-0.0020998440
-0.0017170460
-0.0010194660
-0.0004320969
-0.0002203024
-0.0002541010
-0.0004199456
-0.0007223228
-0.0010493750
-0.0013195950
-0.0015385650
-0.0015411500
-0.0012872260
-0.0009621940
-0.0005927422
-0.0000614745
0.0004362521
0.0007871348
0.0011665920
0.0017775550
0.0022982760
0.0023363320
0.0018224320
0.0010631740
0.0005403398
0.0003831164
0.0004080331
0.0005744887
0.0009790332
0.0015257340
0.0019704780
0.0021090820
0.0019525490
0.0016712820
0.0015433800
0.0015720020
0.0015895570
0.0014563020
0.0012132080
0.0010822170
0.0009426508
0.0005405053
-0.0000890795
-0.0007489599
-0.0011766360
-0.0011757140
-0.0010063340
-0.0010937860
-0.0014074390
-0.0019431390
-0.0026220180
-0.0032933910
-0.0037908200
-0.0040085560
-0.0040652750
-0.0039451320
-0.0034621730
-0.0025919870
-0.0015737030
-0.0009305259
-0.0008022622
-0.0007326181
-0.0002605096
0.0006628264
0.0017610670
0.0025164110
0.0027620960
0.0026964760
0.0023206760
0.0016518440
0.0010241840
0.0003861967
0.0000061149
0.0003794058
0.0014443610
0.0027184480
0.0033217050
0.0027629260
0.0015187660
0.0003920216
-0.0002475666
-0.0002087587
0.0004783209
0.0015339130
0.0025250530
0.0029766730
0.0030559620
0.0028853800
0.0021089870
0.0004236063
-0.0019413830
-0.0041031130
-0.0052045560
-0.0052848520
-0.0049243310
-0.0047803080
-0.0053107180
-0.0058224810
-0.0053232610
-0.0038088640
-0.0019254560
-0.0003118810
0.0005381274
0.0004767022
-0.0002400363
-0.0011561070
-0.0020465230
-0.0029451040
-0.0038863290
-0.0046393670
-0.0047206880
-0.0038374370
-0.0021337340
-0.0001827058
0.0012273920
0.0014398610
0.0006602758
-0.0004026349
-0.0011692880
-0.0013686990
-0.0011008040
-0.0006003480
-0.0001334137
0.0003454809
0.0008144071
0.0012789030
0.0015061160
0.0015117030
0.0014716630
0.0014780010
0.0015319780
0.0015266870
0.0012733810
0.0007893412
0.0004811568
0.0004765107
0.0007803393
0.0012808160
0.0015715450
0.0015801980
0.0013331390
0.0008634579
0.0003107037
-0.0004430753
-0.0011375800
-0.0014169450
-0.0014292860
-0.0013902250
-0.0013193610
-0.0011187570
-0.0009244387
-0.0009295123
-0.0006922392
-0.0001514829
0.0006057242
0.0010633180
0.0009057103
0.0006705297
0.0003993939
-0.0003280586
-0.0016243410
-0.0031613870
-0.0041774770
-0.0044249470
-0.0043433140
-0.0043155620
-0.0043678150
-0.0041935590
-0.0034518010
-0.0021678660
-0.0006398684
0.0006282835
0.0015811650
0.0023290350
0.0029241620
0.0032229040
0.0024876290
0.0005134357
-0.0021152600
-0.0045404560
-0.0061626710
-0.0064178170
-0.0050901290
-0.0024466490
0.0005083923
0.0026645710
0.0033328440
0.0024042380
0.0007539035
-0.0003717107
-0.0005375382
-0.0001338608
0.0001324964
-0.0003600510
-0.0011208240
-0.0014643530
-0.0014557220
-0.0014069510
-0.0014315420
-0.0014017770
-0.0011010740
-0.0006462708
-0.0006332492
-0.0010713960
-0.0013929700
-0.0015011590
-0.0015019780
-0.0012321270
-0.0004531995
0.0004998400
0.0009229024
-0.0000405397
-0.0029115790
-0.0066732120
-0.0098789920
-0.0110973300
-0.0102070300
-0.0083029280
-0.0065216550
-0.0050873880
-0.0032409250
-0.0005650762
0.0025814720
0.0054854870
0.0072672150
0.0074115060
0.0062681990
0.0047313240
0.0036529990
0.0028933890
0.0019962230
0.0013894100
0.0012918170
0.0019485790
0.0034952510
0.0050072480
0.0056071420
0.0055745730
0.0054116040
0.0053044140
0.0053678610
0.0058831290
0.0068280060
0.0075094180
0.0077684290
0.0072438020
0.0050907720
0.0014745610
-0.0019104820
-0.0034749930
-0.0033537940
-0.0026339270
-0.0022560870
-0.0023048280
-0.0025832040
-0.0029899730
-0.0035120540
-0.0046067570
-0.0060342810
-0.0066641760
-0.0055991280
-0.0028334210
-0.0001082993
0.0009344334
-0.0002368217
-0.0022025260
-0.0033344920
-0.0032590480
-0.0026945430
-0.0025875220
-0.0028012080
-0.0026763000
-0.0024258100
-0.0022945940
-0.0023435320
-0.0025637410
-0.0026289310
-0.0016428410
0.0008603067
0.0036627870
0.0055810850
0.0055056080
0.0026991710
-0.0019879700
-0.0057570670
-0.0069182170
-0.0059457810
-0.0035948850
-0.0008224489
0.0021528690
0.0056059650
0.0084633080
0.0095689290
0.0096348530
0.0094681350
0.0088241100
0.0073045660
0.0057569010
0.0052651360
0.0058215720
0.0064915990
0.0061487030
0.0050438180
0.0033964110
0.0018901480
0.0012251660
0.0012432920
0.0019534600
0.0033406940
0.0044021710
0.0040420540
0.0020701420
-0.0006951325
-0.0036821590
-0.0059414400
-0.0062892030
-0.0047419920
-0.0020073710
0.0012906100
0.0041282670
0.0060200170
0.0070707510
0.0068851150
0.0058966390
0.0053623170
0.0054106620
0.0052707790
0.0041234890
0.0019403210
-0.0006073965
-0.0033994130
-0.0062887450
-0.0087611680
-0.0097938530
-0.0081738330
-0.0044353350
-0.0006318405
0.0013929940
0.0012503570
0.0001024201
-0.0005732623
-0.0006996395
-0.0006798152
-0.0001879483
0.0014879950
0.0042796420
0.0073380720
0.0098045410
0.0108368000
0.0102287500
0.0096438310
0.0090250310
0.0065988090
0.0020187370
-0.0027454510
-0.0058075380
-0.0065402680
-0.0063236210
-0.0068158370
-0.0081281520
-0.0084024280
-0.0058159740
-0.0004802075
0.0048301890
0.0071036060
0.0059613760
0.0030140440
-0.0002335707
-0.0025048990
-0.0035109880
-0.0035238630
-0.0027809980
-0.0012800110
0.0005578440
0.0009515354
0.0001131241
-0.0000464377
0.0007894203
0.0014238540
0.0015290400
0.0015065540
0.0015587940
0.0013463420
0.0001617194
-0.0019796160
-0.0041642370
-0.0053791960
-0.0045080750
-0.0019599720
0.0017899550
0.0048473080
0.0046416970
0.0005725002
-0.0055988590
-0.0101011800
-0.0108820800
-0.0080577510
-0.0024313330
0.0041202790
0.0095437930
0.0126937300
0.0134211900
0.0130325800
0.0128927600
0.0138618700
0.0157310700
0.0166682600
0.0157370500
0.0140511200
0.0130215400
0.0118019900
0.0090872270
0.0051864610
0.0019391920
0.0009878938
0.0020619060
0.0035908640
0.0034137160
0.0012654750
-0.0015117450
-0.0037965940
-0.0057172910
-0.0065479300
-0.0064438820
-0.0062482970
-0.0067585700
-0.0083605970
-0.0102156800
-0.0112421900
-0.0111622700
-0.0106313900
-0.0104212400
-0.0101528600
-0.0087755040
-0.0058505590
-0.0020137110
-0.0000005115
-0.0021112780
-0.0064935870
-0.0098622910
-0.0102728400
-0.0085978780
-0.0070390530
-0.0064356780
-0.0054019790
-0.0030108910
-0.0009365923
-0.0006826213
-0.0020163690
-0.0039645680
-0.0061715400
-0.0083598370
-0.0108310900
-0.0136743800
-0.0160635100
-0.0171772900
-0.0158900900
-0.0125845000
-0.0075192880
-0.0011043550
0.0048400200
0.0094970130
0.0134032700
0.0163965700
0.0175275400
0.0164319500
0.0131303100
0.0090224040
0.0059688370
0.0048311570
0.0047436480
0.0054007990
0.0077544250
0.0118248400
0.0156520600
0.0172405200
0.0158660700
0.0116788700
0.0060403140
0.0008789632
-0.0031956100
-0.0054047800
-0.0050500900
-0.0036439150
-0.0026481710
-0.0024551970
-0.0026730090
-0.0027322030
-0.0021525500
-0.0009474576
-0.0000859201
0.0000863525
-0.0000553372
-0.0008599565
-0.0021082590
-0.0029648130
-0.0030570650
-0.0014680250
0.0024261790
0.0072043550
0.0119493800
0.0164361400
0.0203435200
0.0229624100
0.0243377700
0.0249311900
0.0252274300
0.0243875700
0.0204217900
0.0130043000
0.0043845420
-0.0024983730
-0.0061406890
-0.0071539460
-0.0071173960
-0.0058537630
-0.0020270090
0.0033540660
0.0073522730
0.0085757050
0.0074331500
0.0056647140
0.0039158310
0.0011150650
-0.0032678100
-0.0078916630
-0.0103121100
-0.0101461800
-0.0094522380
-0.0106215800
-0.0134200900
-0.0164866400
-0.0199766300
-0.0237594600
-0.0261743900
-0.0258288000
-0.0222550000
-0.0160927900
-0.0080241300
0.0018690020
0.0116474100
0.0181253700
0.0199539500
0.0164630300
0.0099575960
0.0043956200
0.0019854360
0.0034501780
0.0073268070
0.0119598500
0.0156594300
0.0170919800
0.0157856200
0.0116470600
0.0054855090
-0.0010292070
-0.0065832740
-0.0100679800
-0.0111761200
-0.0105137000
-0.0080254260
-0.0041031970
-0.0005311099
0.0012133050
0.0004071547
-0.0019265770
-0.0031421030
-0.0020615270
0.0008342436
0.0035528890
0.0052737400
0.0073823050
0.0110517600
0.0156155800
0.0192847300
0.0210066900
0.0211566000
0.0199099700
0.0170086600
0.0132257600
0.0090576350
0.0040130960
-0.0018053930
-0.0067846030
-0.0107360900
-0.0144098100
-0.0183442200
-0.0226963600
-0.0268826100
-0.0296536000
-0.0308958700
-0.0316253200
-0.0320722200
-0.0325859300
-0.0333254700
-0.0339181400
-0.0350998100
-0.0370908500
-0.0381851300
-0.0374494400
-0.0349729900
-0.0313764500
-0.0264219900
-0.0205226900
-0.0143436800
-0.0083689700
-0.0035205400
-0.0005249478
0.0011420890
0.0016986530
0.0003214565
-0.0040510090
-0.0101318700
-0.0152824700
-0.0183639300
-0.0198252400
-0.0200597700
-0.0175925700
-0.0103043800
0.0008244819
0.0121997600
0.0211813500
0.0277245200
0.0329688900
0.0383445200
0.0428874900
0.0436686600
0.0385831500
0.0278109800
0.0134320500
-0.0008674832
-0.0121889300
-0.0184503700
-0.0178366300
-0.0105762900
-0.0000792970
0.0096889310
0.0167893400
0.0193932400
0.0164054100
0.0090792220
0.0005967685
-0.0056419510
-0.0076534140
-0.0064615780
-0.0032672250
0.0009883335
0.0059992490
0.0107972000
0.0130159700
0.0121853900
0.0095388510
0.0069899590
0.0045852570
0.0011948490
-0.0034586950
-0.0082571180
-0.0108699700
-0.0102067900
-0.0071414770
-0.0041503740
-0.0028158230
-0.0027622320
-0.0029001870
-0.0025175040
-0.0016881250
-0.0007586049
0.0011825820
0.0047772580
0.0092006770
0.0124785300
0.0121167800
0.0075389980
0.0006196151
-0.0066561000
-0.0124390000
-0.0157544900
-0.0164817600
-0.0138337700
-0.0064238430
0.0044100650
0.0150776600
0.0231395700
0.0281782600
0.0299466700
0.0288298300
0.0257356100
0.0211650700
0.0157862700
0.0098048780
0.0037566670
-0.0023056180
-0.0072024080
-0.0101839700
-0.0112211500
-0.0111554700
-0.0100115400
-0.0071520500
-0.0032082350
0.0010585410
0.0052044480
0.0082664150
0.0089108900
0.0068890670
0.0026442010
-0.0029419620
-0.0083460350
-0.0123724600
-0.0144348400
-0.0133215700
-0.0080672500
0.0012564400
0.0116721000
0.0193195800
0.0232265400
0.0241175200
0.0219678700
0.0171792100
0.0110771000
0.0049405040
0.0009362008
0.0008929611
0.0051476180
0.0122266600
0.0193674900
0.0247168700
0.0276886700
0.0284911000
0.0284222000
0.0281441000
0.0270821000
0.0244837700
0.0201894300
0.0146147400
0.0088386080
0.0036852200
-0.0007492251
-0.0047376180
-0.0084143750
-0.0107433200
-0.0112941800
-0.0104614200
-0.0087568930
-0.0076432640
-0.0084183740
-0.0108686100
-0.0146424200
-0.0193401400
-0.0239346400
-0.0266957800
-0.0272713000
-0.0266265100
-0.0264307900
-0.0277819100
-0.0303310800
-0.0322986100
-0.0321644200
-0.0301076000
-0.0281885100
-0.0286952900
-0.0314256500
-0.0348258200
-0.0384536000
-0.0416087200
-0.0434710200
-0.0439342400
-0.0424746800
-0.0381811400
-0.0300655800
-0.0183582700
-0.0054768610
0.0060102050
0.0157114700
0.0227918000
0.0268069200
0.0272948800
0.0244335200
0.0190224600
0.0123983800
0.0069769940
0.0049132540
0.0064157520
0.0098632000
0.0136048600
0.0162691800
0.0150400900
0.0081993840
-0.0025024560
-0.0129623100
-0.0199894200
-0.0221518300
-0.0198248200
-0.0153844300
-0.0108984200
-0.0066645440
-0.0026682660
-0.0001969656
-0.0007450575
-0.0034933720
-0.0066848920
-0.0086597440
-0.0095296800
-0.0107025900
-0.0125729700
-0.0143673300
-0.0143699100
-0.0125777100
-0.0106978900
-0.0095335820
-0.0087035440
-0.0067441370
-0.0032393040
0.0004524217
0.0029321440
0.0041053240
0.0049850380
0.0073874890
0.0114597700
0.0155137800
0.0191960200
0.0229181100
0.0264648400
0.0283768500
0.0279898300
0.0255843600
0.0228232400
0.0221759600
0.0242343300
0.0278903200
0.0316324300
0.0349724600
0.0386979200
0.0429450400
0.0462222900
0.0479825800
0.0484868900
0.0464692900
0.0396306000
0.0286276700
0.0161115900
0.0042726910
-0.0054487840
-0.0122957000
-0.0145703300
-0.0125084800
-0.0086202260
-0.0055270390
-0.0054253360
-0.0083659410
-0.0128979000
-0.0179812000
-0.0226080600
-0.0276538100
-0.0340072500
-0.0401395900
-0.0444023700
-0.0461960100
-0.0456033100
-0.0435952800
-0.0413455700
-0.0382767900
-0.0348940200
-0.0323664000
-0.0308961900
-0.0298958500
-0.0284070000
-0.0261937300
-0.0228349800
-0.0188120800
-0.0151128300
-0.0123916200
-0.0104683900
-0.0087773480
-0.0082750450
-0.0099994990
-0.0128858300
-0.0157116200
-0.0165614900
-0.0147083600
-0.0116920400
-0.0093233770
-0.0070467970
-0.0026844080
0.0048661360
0.0140113000
0.0225050800
0.0304715900
0.0378761600
0.0429058300
0.0436661700
0.0404935900
0.0348517100
0.0283458500
0.0240346600
0.0243291800
0.0295994800
0.0381082400
0.0471154000
0.0537649200
0.0565811300
0.0555228100
0.0521389000
0.0471400200
0.0392711800
0.0282304900
0.0159109600
0.0051654810
-0.0014782940
-0.0037771690
-0.0027436860
0.0004010672
0.0034949840
0.0047313930
0.0031880690
-0.0011457420
-0.0070522620
-0.0132669800
-0.0191009500
-0.0239092700
-0.0275491800
-0.0307232200
-0.0326131300
-0.0317114200
-0.0282034300
-0.0247626300
-0.0235081600
-0.0242466500
-0.0247946500
-0.0241084500
-0.0234418400
-0.0253903600
-0.0300970600
-0.0348611200
-0.0372379700
-0.0366043400
-0.0345985700
-0.0310500200
-0.0238229000
-0.0113125800
0.0045142610
0.0195759100
0.0303181400
0.0355573800
0.0356659500
0.0323084000
0.0271985400
0.0212103600
0.0151012000
0.0088787360
0.0039482560
0.0017870960
0.0026934730
0.0046179750
0.0063203860
0.0081475500
0.0114319000
0.0171750700
0.0237187600
0.0267769600
0.0243675800
0.0195350200
0.0163434900
0.0164240500
0.0184653500
0.0200432100
0.0204376000
0.0201310500
0.0190566900
0.0165282500
0.0117307900
0.0044892580
-0.0035134440
-0.0101736300
-0.0151331600
-0.0210933000
-0.0300968700
-0.0405198200
-0.0497956300
-0.0561332200
-0.0594267000
-0.0600401500
-0.0574859500
-0.0514962400
-0.0433016000
-0.0345817900
-0.0271291700
-0.0222358700
-0.0204717300
-0.0223995300
-0.0274613500
-0.0342413700
-0.0401740900
-0.0434787300
-0.0439523700
-0.0414760000
-0.0355316800
-0.0265108200
-0.0143463200
-0.0003016381
0.0125544000
0.0222336100
0.0274975400
0.0279364200
0.0247116500
0.0192383100
0.0124534100
0.0066662720
0.0040235510
0.0053829170
0.0103080100
0.0167182500
0.0235293400
0.0300954900
0.0363319500
0.0414348500
0.0439318000
0.0442116100
0.0427008300
0.0394321500
0.0363212700
0.0356253200
0.0373806900
0.0401348000
0.0421696200
0.0419759600
0.0402913500
0.0394609300
0.0402816300
0.0416242500
0.0414488900
0.0398689900
0.0383603400
0.0372174100
0.0351223400
0.0318175700
0.0289677900
0.0275657600
0.0261629500
0.0239811400
0.0227357400
0.0241239900
0.0272678800
0.0300672200
0.0316219900
0.0320050200
0.0318974000
0.0314693200
0.0302351600
0.0275557600
0.0224630800
0.0146354100
0.0044024810
-0.0064887140
-0.0166154800
-0.0263975600
-0.0362385200
-0.0459627900
-0.0540045300
-0.0592103500
-0.0616423900
-0.0621393500
-0.0620875500
-0.0620640000
-0.0615473600
-0.0600080500
-0.0582827200
-0.0577782900
-0.0593095400
-0.0628255500
-0.0668919200
-0.0695954800
-0.0696110600
-0.0669260500
-0.0625684500
-0.0571486300
-0.0506378200
-0.0441644000
-0.0387353400
-0.0346092400
-0.0308969000
-0.0260799900
-0.0194162500
-0.0120878200
-0.0053420110
0.0002360284
0.0048205470
0.0089011640
0.0115536600
0.0109683300
0.0074276420
0.0025867800
-0.0027458400
-0.0074403540
-0.0113403200
-0.0145314200
-0.0169106400
-0.0185071800
-0.0184033700
-0.0169311100
-0.0158033300
-0.0155559700
-0.0164870100
-0.0188555400
-0.0214474000
-0.0220953500
-0.0190072900
-0.0132429300
-0.0075608980
-0.0040968810
-0.0032755730
-0.0045524470
-0.0069246320
-0.0092519980
-0.0111501100
-0.0123943000
-0.0123853200
-0.0099855520
-0.0050153690
0.0002974607
0.0046438840
0.0084692070
0.0124163200
0.0164133400
0.0194220200
0.0204761400
0.0201214300
0.0189077200
0.0169154500
0.0136865500
0.0080803270
0.0006652794
-0.0063518830
-0.0115839900
-0.0156729300
-0.0185704400
-0.0186384100
-0.0151519200
-0.0090708190
-0.0020133290
0.0049995410
0.0122389200
0.0195615000
0.0260412700
0.0308544700
0.0346985600
0.0384169900
0.0436029300
0.0502921400
0.0570952600
0.0628426500
0.0673571000
0.0712037500
0.0740911500
0.0752670600
0.0750872500
0.0737650600
0.0715481700
0.0695378200
0.0665307200
0.0593479000
0.0463393700
0.0291269600
0.0123014200
-0.0013953090
-0.0115591500
-0.0186167200
-0.0228316200
-0.0249684200
-0.0261082700
-0.0274613100
-0.0304064900
-0.0347426200
-0.0396528800
-0.0448363700
-0.0512242700
-0.0588760900
-0.0667028500
-0.0734754700
-0.0786027600
-0.0823494200
-0.0851864900
-0.0872362300
-0.0878286700
-0.0847818100
-0.0749748100
-0.0571426300
-0.0329411100
-0.0073128420
0.0147669600
0.0309924300
0.0417082200
0.0478195600
0.0514283100
0.0539091200
0.0548562000
0.0528331200
0.0481977100
0.0433569300
0.0401159800
0.0394056200
0.0409687900
0.0448177200
0.0511152400
0.0578233400
0.0631589300
0.0672896000
0.0711053000
0.0747838300
0.0776023200
0.0789054900
0.0786653600
0.0771392400
0.0746110200
0.0710729200
0.0669679300
0.0629973200
0.0600110200
0.0581823900
0.0564797300
0.0545342700
0.0515056400
0.0481198500
0.0456596100
0.0447141600
0.0458370300
0.0479201300
0.0500789200
0.0518345500
0.0534149500
0.0548543700
0.0562063900
0.0576743800
0.0580812900
0.0566267200
0.0523640100
0.0433934200
0.0305454000
0.0166086700
0.0032309100
-0.0091542320
-0.0198731200
-0.0278381100
-0.0325882500
-0.0347740500
-0.0344324200
-0.0325728100
-0.0308439300
-0.0301956600
-0.0306649300
-0.0322449200
-0.0348611100
-0.0382995300
-0.0415802300
-0.0440262600
-0.0458185900
-0.0460186800
-0.0436147700
-0.0377325000
-0.0276267400
-0.0136668300
0.0032520340
0.0199578200
0.0337344100
0.0441104500
0.0519501100
0.0573852200
0.0600404100
0.0607350100
0.0601009800
0.0588416000
0.0570577400
0.0556746100
0.0562117700
0.0583391800
0.0597750400
0.0591588800
0.0557122600
0.0492655700
0.0402030900
0.0295793300
0.0185801400
0.0087461380
0.0009493226
-0.0049064380
-0.0086292490
-0.0086536820
-0.0042458160
0.0034514940
0.0127318300
0.0221047200
0.0301554400
0.0358291700
0.0383821100
0.0372427700
0.0321475700
0.0245259000
0.0162828900
0.0084175080
0.0015231260
-0.0044025450
-0.0099776040
-0.0146480600
-0.0191746100
-0.0249637300
-0.0317692500
-0.0382774200
-0.0442442700
-0.0500878300
-0.0559057600
-0.0612592000
-0.0657474400
-0.0697532900
-0.0734882100
-0.0765083300
-0.0787940500
-0.0815292800
-0.0847219900
-0.0869626300
-0.0872452300
-0.0852305300
-0.0808146800
-0.0743655800
-0.0672836000
-0.0606376200
-0.0544999500
-0.0498078400
-0.0469120000
-0.0459227400
-0.0470967200
-0.0504459000
-0.0549690100
-0.0589264000
-0.0617659900
-0.0629952100
-0.0613361400
-0.0554339200
-0.0458307400
-0.0353581200
-0.0266645000
-0.0198874100
-0.0147169600
-0.0105914900
-0.0071310310
-0.0044917740
-0.0021991000
0.0007421559
0.0039991170
0.0073943770
0.0117371600
0.0164643800
0.0198892500
0.0208403200
0.0194161100
0.0155352200
0.0087882760
-0.0012538180
-0.0146346600
-0.0303802100
-0.0468947800
-0.0623083100
-0.0751158500
-0.0842604100
-0.0886903000
-0.0895537300
-0.0891311900
-0.0882424100
-0.0868725300
-0.0859898500
-0.0862656000
-0.0867620000
-0.0873865700
-0.0885149700
-0.0892326800
-0.0875977100
-0.0803258900
-0.0647187300
-0.0427604300
-0.0203650600
-0.0017984940
0.0119550500
0.0209195800
0.0266792100
0.0311125700
0.0356867000
0.0400459000
0.0436995800
0.0469478800
0.0505426300
0.0545481200
0.0572808400
0.0550933300
0.0460573800
0.0320839100
0.0171303400
0.0048874300
-0.0034888170
-0.0084818010
-0.0106124700
-0.0109601300
-0.0107765400
-0.0105997100
-0.0105786200
-0.0110796000
-0.0124921400
-0.0144093700
-0.0163525500
-0.0176391000
-0.0170248800
-0.0146292900
-0.0108686800
-0.0061814150
-0.0015765510
0.0011424210
0.0012383140
-0.0013351880
-0.0062293800
-0.0122779500
-0.0182939600
-0.0222463600
-0.0225191800
-0.0186274300
-0.0108719400
-0.0001979412
0.0113338000
0.0203124400
0.0246692900
0.0246922900
0.0217463200
0.0177884500
0.0149161700
0.0131794700
0.0124408100
0.0124639600
0.0136187900
0.0161869400
0.0187735800
0.0202835300
0.0206166100
0.0209193100
0.0223240500
0.0248272000
0.0278143700
0.0304669200
0.0330106200
0.0353895700
0.0365529200
0.0364208000
0.0349818400
0.0321783900
0.0288703100
0.0262012200
0.0245681000
0.0241968700
0.0251783300
0.0271110100
0.0283076000
0.0275182300
0.0247008200
0.0205762400
0.0162395500
0.0132677600
0.0133093900
0.0160057000
0.0194836100
0.0231665900
0.0271758500
0.0306207100
0.0321943100
0.0304248200
0.0246562500
0.0154090300
0.0042691030
-0.0063550750
-0.0150463300
-0.0217634500
-0.0266519300
-0.0304166700
-0.0330435900
-0.0343869600
-0.0357512700
-0.0373610200
-0.0375233700
-0.0355162000
-0.0319834400
-0.0273065500
-0.0217481100
-0.0158505600
-0.0107317900
-0.0065548740
-0.0026128640
0.0013882730
0.0047884370
0.0066440630
0.0074392700
0.0090249180
0.0124537900
0.0176826100
0.0237652300
0.0284757200
0.0311005200
0.0318815600
0.0307196300
0.0282402800
0.0252023200
0.0223572300
0.0197624900
0.0183064000
0.0192224300
0.0206674400
0.0203011400
0.0173088600
0.0125865800
0.0071574510
0.0018531720
-0.0036221480
-0.0104451600
-0.0178754800
-0.0245024900
-0.0298533300
-0.0340178600
-0.0377754800
-0.0419441100
-0.0466080900
-0.0507405000
-0.0526881700
-0.0512494900
-0.0465243100
-0.0380838100
-0.0253873400
-0.0089328180
0.0087342450
0.0250464700
0.0384244900
0.0475809100
0.0522947000
0.0539823700
0.0539213800
0.0526303700
0.0497888700
0.0450276000
0.0401295600
0.0365790400
0.0351815600
0.0360720800
0.0391905800
0.0438723200
0.0476632400
0.0488386300
0.0474675000
0.0442229000
0.0411499600
0.0398234600
0.0397824700
0.0408588700
0.0435204400
0.0467222600
0.0484390200
0.0476117100
0.0444423100
0.0407609300
0.0380650400
0.0364941300
0.0360404000
0.0370137700
0.0399666400
0.0444942600
0.0499809200
0.0555596900
0.0608479700
0.0658417100
0.0696186500
0.0724556500
0.0747196600
0.0756632800
0.0756408300
0.0754216600
0.0754129400
0.0756930800
0.0758658200
0.0748028300
0.0716816900
0.0677033300
0.0645738800
0.0624508100
0.0593669100
0.0542563200
0.0484786700
0.0438107300
0.0410871500
0.0399970200
0.0384771600
0.0348916300
0.0292605700
0.0230450400
0.0166004700
0.0092027690
0.0007901079
-0.0076439240
-0.0144527700
-0.0195855100
-0.0235572200
-0.0266149300
-0.0293425800
-0.0319223300
-0.0351684100
-0.0396971600
-0.0450044200
-0.0506855700
-0.0573351500
-0.0651960600
-0.0734985200
-0.0809065500
-0.0863583700
-0.0889394500
-0.0881861000
-0.0840943400
-0.0783593600
-0.0737357200
-0.0712748700
-0.0702312900
-0.0689295400
-0.0669120800
-0.0639448300
-0.0591263000
-0.0528431600
-0.0453734500
-0.0379087100
-0.0322585200
-0.0291444500
-0.0282936100
-0.0299327800
-0.0338479900
-0.0392914700
-0.0457357800
-0.0532372900
-0.0616010100
-0.0699955600
-0.0772041200
-0.0831974900
-0.0874344800
-0.0890483800
-0.0890925300
-0.0887296200
-0.0886582700
-0.0880262000
-0.0848338100
-0.0776522400
-0.0657333500
-0.0497369700
-0.0317686100
-0.0140211000
0.0014098810
0.0127694500
0.0196820200
0.0238169700
0.0272727100
0.0303220400
0.0331791700
0.0362456700
0.0388525000
0.0400054700
0.0386524800
0.0347495300
0.0286924000
0.0209982100
0.0127077000
0.0055306330
0.0015864210
0.0015744280
0.0041144930
0.0069649140
0.0089371640
0.0105565600
0.0121866100
0.0120423300
0.0094959950
0.0053415030
0.0005296104
-0.0040870240
-0.0077741990
-0.0099276900
-0.0119577800
-0.0162876200
-0.0233713700
-0.0321380500
-0.0414442400
-0.0496053900
-0.0550090000
-0.0567518300
-0.0556367600
-0.0538167300
-0.0522549300
-0.0506720600
-0.0496780100
-0.0493375000
-0.0485357600
-0.0466983100
-0.0444510300
-0.0417626900
-0.0398083900
-0.0396795400
-0.0411732100
-0.0434490400
-0.0460964000
-0.0485648000
-0.0498108900
-0.0500083400
-0.0496197800
-0.0492965100
-0.0492285600
-0.0493146500
-0.0496175300
-0.0500642100
-0.0502831400
-0.0502242000
-0.0499479000
-0.0488506500
-0.0454550200
-0.0394369700
-0.0318492300
-0.0243396300
-0.0178403400
-0.0119732500
-0.0066042730
-0.0022372990
0.0007273094
0.0024247210
0.0037549220
0.0046099440
0.0051528100
0.0057269450
0.0066383320
0.0078812820
0.0096667000
0.0108907700
0.0103247700
0.0089280560
0.0071838600
0.0056721200
0.0050792470
0.0055007650
0.0070661940
0.0096996870
0.0131187500
0.0162050700
0.0184027800
0.0202264500
0.0209881200
0.0209521500
0.0212816400
0.0227618000
0.0251075900
0.0274435300
0.0288288500
0.0291969700
0.0287487800
0.0272340600
0.0250531700
0.0238197800
0.0241556400
0.0247277700
0.0249936800
0.0249868400
0.0238228300
0.0189362500
0.0073198070
-0.0101691800
-0.0294008700
-0.0458243500
-0.0566464200
-0.0612198400
-0.0615175200
-0.0599877100
-0.0581578900
-0.0570384100
-0.0548612400
-0.0491731000
-0.0394590100
-0.0273308000
-0.0151307400
-0.0040632190
0.0052960290
0.0121464900
0.0160069800
0.0172294600
0.0169122400
0.0163855200
0.0168966300
0.0190112900
0.0230244000
0.0289639800
0.0363158600
0.0443339000
0.0528367700
0.0615968600
0.0695169300
0.0762932700
0.0822974200
0.0872287100
0.0910129000
0.0942833900
0.0973513900
0.0990561400
0.0993497700
0.0991604500
0.0990410800
0.0990826700
0.0991671600
0.0991742900
0.0990299500
0.0988824200
0.0991146500
0.0997553400
0.0989862700
0.0929771300
0.0790784000
0.0586326400
0.0364897200
0.0175573100
0.0047310550
-0.0018040850
-0.0032309570
-0.0017391480
0.0011931170
0.0039955130
0.0059686060
0.0072527470
0.0071630770
0.0051299380
0.0018725490
-0.0009187943
-0.0017199890
0.0005832088
0.0059897860
0.0146228100
0.0256937900
0.0377558400
0.0484842300
0.0567943000
0.0621607300
0.0641368000
0.0641775300
0.0640731200
0.0646134400
0.0658833700
0.0681736100
0.0715911600
0.0755717600
0.0796532900
0.0836419200
0.0871332400
0.0896085000
0.0909922700
0.0914029300
0.0914126200
0.0912329500
0.0902560700
0.0875665400
0.0823934900
0.0743808900
0.0643614100
0.0540674000
0.0445705800
0.0362374500
0.0290084200
0.0229210800
0.0175862300
0.0121131800
0.0058177180
-0.0000702822
-0.0049383500
-0.0096318060
-0.0150099600
-0.0218403800
-0.0291518000
-0.0359855400
-0.0428603400
-0.0500016500
-0.0567573700
-0.0628871100
-0.0684320300
-0.0724484300
-0.0750434300
-0.0775678500
-0.0810349500
-0.0855150700
-0.0903688200
-0.0955338600
-0.1002023000
-0.1042921000
-0.1080209000
-0.1109592000
-0.1130337000
-0.1149415000
-0.1159986000
-0.1160110000
-0.1148953000
-0.1128699000
-0.1111989000
-0.1100667000
-0.1097525000
-0.1103432000
-0.1113790000
-0.1119157000
-0.1118992000
-0.1118253000
-0.1120587000
-0.1125522000
-0.1127316000
-0.1123711000
-0.1111946000
-0.1084048000
-0.1038659000
-0.0972366700
-0.0883884200
-0.0775590700
-0.0653974600
-0.0527105300
-0.0401669800
-0.0289608300
-0.0199820500
-0.0140607700
-0.0100664300
-0.0063391600
-0.0023996510
0.0012302710
0.0038680920
0.0060249470
0.0090698270
0.0130189600
0.0171340800
0.0206828800
0.0231771900
0.0246754700
0.0251197500
0.0245128700
0.0229038900
0.0211000500
0.0200132400
0.0199138100
0.0205192100
0.0217828200
0.0237911800
0.0258845200
0.0279769600
0.0293100900
0.0297935900
0.0297922200
0.0302438300
0.0306788400
0.0306612700
0.0305094400
0.0310083900
0.0329376200
0.0358172300
0.0385517900
0.0412282100
0.0437083300
0.0446725400
0.0436753300
0.0411931500
0.0385847300
0.0359407800
0.0329422500
0.0304049600
0.0293065200
0.0302519400
0.0327179700
0.0362947000
0.0408538500
0.0462857700
0.0517013300
0.0563005200
0.0602717800
0.0636772200
0.0662214100
0.0684732600
0.0716727900
0.0754175000
0.0783510800
0.0796571900
0.0794688900
0.0781993700
0.0763492100
0.0739787700
0.0699053500
0.0637583200
0.0560881600
0.0480719300
0.0409574300
0.0352690100
0.0301908900
0.0252656500
0.0209428500
0.0169679300
0.0125843400
0.0074473020
0.0021304900
-0.0035026630
-0.0104273000
-0.0177254500
-0.0238033000
-0.0286392200
-0.0332089900
-0.0378827700
-0.0431833000
-0.0487469000
-0.0533524500
-0.0572634000
-0.0616187100
-0.0669336000
-0.0723258200
-0.0769712400
-0.0813487400
-0.0856175200
-0.0891328600
-0.0921433600
-0.0945169100
-0.0960675300
-0.0966476600
-0.0961848600
-0.0942507200
-0.0907515400
-0.0861433600
-0.0810594700
-0.0765832800
-0.0731809300
-0.0707806200
-0.0686864900
-0.0665887100
-0.0646701300
-0.0626561700
-0.0604270700
-0.0578219900
-0.0554304100
-0.0529914600
-0.0497021000
-0.0453685900
-0.0399632100
-0.0336283400
-0.0262800700
-0.0179457200
-0.0087559710
0.0005864952
0.0092893350
0.0162790500
0.0210831800
0.0248968000
0.0287527000
0.0324695600
0.0351489000
0.0364002800
0.0370646700
0.0379175900
0.0385013700
0.0385369700
0.0379333300
0.0369107100
0.0363376600
0.0363002400
0.0364818100
0.0366052100
0.0362921700
0.0350951200
0.0333280700
0.0315989900
0.0296747200
0.0276561200
0.0250717400
0.0226345400
0.0211421600
0.0205764700
0.0200752200
0.0189558600
0.0175126500
0.0174285600
0.0188529400
0.0202427800
0.0209617200
0.0202302500
0.0174262500
0.0129144500
0.0067569350
-0.0006674233
-0.0080602760
-0.0144188600
-0.0198183300
-0.0240525000
-0.0256959100
-0.0239027200
-0.0197138400
-0.0149159800
-0.0096424140
-0.0028173560
0.0051165240
0.0127634100
0.0188509800
0.0228328500
0.0246996900
0.0245500100
0.0228021000
0.0202460200
0.0178822000
0.0164733500
0.0150737400
0.0135198100
0.0134380700
0.0151379100
0.0174679700
0.0197514000
0.0217420500
0.0243565700
0.0274116300
0.0303793400
0.0332051000
0.0355654900
0.0365410000
0.0365377200
0.0363763200
0.0362908200
0.0362549100
0.0363175900
0.0368116200
0.0377596200
0.0386843600
0.0396983100
0.0410103200
0.0428321100
0.0441578400
0.0441650100
0.0428223100
0.0407262600
0.0386195000
0.0356804900
0.0304310900
0.0231922000
0.0152750600
0.0075986880
0.0011052010
-0.0042429190
-0.0083438740
-0.0100692100
-0.0090978070
-0.0064325710
-0.0028311950
0.0011217980
0.0051617850
0.0091741940
0.0126377800
0.0148321500
0.0157743600
0.0161093800
0.0164508400
0.0168276400
0.0173655200
0.0177514900
0.0173307200
0.0168698000
0.0167126200
0.0164966600
0.0160746200
0.0157858200
0.0157114600
0.0158644400
0.0163976700
0.0175162400
0.0192570900
0.0205156700
0.0208418700
0.0207379800
0.0206358100
0.0206313300
0.0206598100
0.0206756700
0.0206779400
0.0206711500
0.0206469000
0.0206177200
0.0206485900
0.0207594200
0.0206544200
0.0195888700
0.0169067500
0.0125311500
0.0069918580
0.0015693680
-0.0029312540
-0.0070726980
-0.0113490200
-0.0153417400
-0.0187856700
-0.0217981500
-0.0245017700
-0.0276821500
-0.0313557800
-0.0346554800
-0.0375024000
-0.0398576700
-0.0423949900
-0.0456768400
-0.0489185900
-0.0517101600
-0.0547191900
-0.0578390600
-0.0614385400
-0.0654077200
-0.0689159700
-0.0713337500
-0.0729383900
-0.0744775900
-0.0765094700
-0.0787516600
-0.0805593600
-0.0805035600
-0.0783609400
-0.0755090500
-0.0726298700
-0.0692914200
-0.0654746000
-0.0614271300
-0.0573165900
-0.0535875700
-0.0509950500
-0.0498054800
-0.0490092400
-0.0475331500
-0.0453422100
-0.0420913300
-0.0378144300
-0.0325548400
-0.0261401600
-0.0180547800
-0.0086777810
0.0001953676
0.0073108530
0.0134361900
0.0188740500
0.0226361600
0.0245658600
0.0249202100
0.0236737300
0.0207519900
0.0173691500
0.0141193200
0.0100220900
0.0047731360
-0.0010938870
-0.0061555730
-0.0091647670
-0.0104702700
-0.0107735600
-0.0108206800
-0.0107933900
-0.0101807000
-0.0087544290
-0.0076494960
-0.0078125690
-0.0088514430
-0.0111265500
-0.0146244300
-0.0179444000
-0.0198332900
-0.0204684200
-0.0201863900
-0.0192610400
-0.0177149100
-0.0147819000
-0.0109009000
-0.0068342800
-0.0027823930
0.0012046020
0.0046553050
0.0067525330
0.0073182000
0.0065891460
0.0044998160
0.0016770940
-0.0008688222
-0.0035350150
-0.0068758860
-0.0098509440
-0.0113548400
-0.0118080400
-0.0111791400
-0.0092684800
-0.0065272040
-0.0030331670
0.0009427837
0.0050518890
0.0089451300
0.0119178400
0.0137170700
0.0150548700
0.0156809500
0.0157260600
0.0156330700
0.0155762500
0.0157199200
0.0162091700
0.0172614000
0.0190394100
0.0207875900
0.0220678800
0.0229054600
0.0238441100
0.0251516100
0.0269180500
0.0281686300
0.0284728200
0.0283386600
0.0282300200
0.0283218400
0.0284789100
0.0282163200
0.0269079300
0.0247496200
0.0228873800
0.0216698700
0.0207033700
0.0206972200
0.0221780700
0.0248245100
0.0278916600
0.0302807200
0.0318406000
0.0333032500
0.0351384700
0.0362085300
0.0363782800
0.0360183700
0.0351194700
0.0338125400
0.0326008000
0.0321581400
0.0321638700
0.0318002500
0.0308051100
0.0296833200
0.0286672900
0.0282290600
0.0282028900
0.0281758700
0.0281810600
0.0287017600
0.0300611500
0.0316198900
0.0330439600
0.0346507500
0.0358313200
0.0366095700
0.0375447200
0.0385402400
0.0395327800
0.0400376400
0.0401444400
0.0400750700
0.0395498100
0.0382414100
0.0364904100
0.0342045800
0.0310417600
0.0277390500
0.0245814400
0.0221206700
0.0207590800
0.0204624300
0.0202917100
0.0191485000
0.0170681300
0.0149621500
0.0133119500
0.0123689100
0.0111799700
0.0091528150
0.0068466510
0.0043372840
0.0014852500
-0.0015080750
-0.0049464130
-0.0085762210
-0.0120524400
-0.0155250000
-0.0189690000
-0.0221991000
-0.0246784900
-0.0262540300
-0.0268411900
-0.0263048200
-0.0239549000
-0.0196769900
-0.0140741700
-0.0069165180
0.0009801780
0.0079904110
0.0130971900
0.0167550100
0.0190194200
0.0194572300
0.0184447000
0.0167055700
0.0146661700
0.0120722000
0.0087138670
0.0055222110
0.0031307290
0.0009149481
-0.0010976450
-0.0025259390
-0.0035470250
-0.0050167500
-0.0068959320
-0.0084772660
-0.0095150930
-0.0104233900
-0.0111159100
-0.0116535400
-0.0118243200
-0.0114189000
-0.0100230900
-0.0070843190
-0.0036878650
-0.0009071598
0.0016361880
0.0039181970
0.0049081510
0.0049008130
0.0047226000
0.0047388820
0.0048822130
0.0046673980
0.0034694170
0.0012968110
-0.0011231110
-0.0036583550
-0.0060629520
-0.0076517800
-0.0087091960
-0.0090544740
-0.0084988440
-0.0074105870
-0.0067924050
-0.0071546990
-0.0086129920
-0.0110898100
-0.0146584900
-0.0191218200
-0.0238601800
-0.0280649600
-0.0318049000
-0.0350464100
-0.0379003500
-0.0397391400
-0.0407043600
-0.0419110500
-0.0436255300
-0.0453536300
-0.0461435500
-0.0462653500
-0.0462331100
-0.0454824700
-0.0428785900
-0.0378404300
-0.0298681300
-0.0202259900
-0.0117380100
-0.0055842510
-0.0013095670
-0.0001223105
-0.0025755270
-0.0067731660
-0.0110565700
-0.0149348900
-0.0183116500
-0.0213157400
-0.0242057900
-0.0263654700
-0.0276696100
-0.0287390500
-0.0298573700
-0.0309688100
-0.0323986700
-0.0337425900
-0.0346838900
-0.0359335600
-0.0374078800
-0.0381908700
-0.0388487500
-0.0402268900
-0.0416613200
-0.0422800500
-0.0424365200
-0.0427626100
-0.0434061500
-0.0444635700
-0.0451763800
-0.0447391300
-0.0439218600
-0.0432950500
-0.0430701900
-0.0430790300
-0.0431157600
-0.0433152200
-0.0438261100
-0.0446178300
-0.0455852900
-0.0461520900
-0.0463207900
-0.0461882500
-0.0452315700
-0.0433299800
-0.0412590800
-0.0386548500
-0.0356249400
-0.0318367500
-0.0266937200
-0.0208490400
-0.0151916200
-0.0098984890
-0.0049301900
-0.0012595050
0.0014719420
0.0041665980
0.0066766630
0.0091727150
0.0115493600
0.0132931300
0.0149932300
0.0166792500
0.0183831200
0.0198295100
0.0208883200
0.0219413600
0.0225453300
0.0221082700
0.0200474000
0.0166102400
0.0129765800
0.0097673240
0.0068799520
0.0050395070
0.0044983050
0.0044987980
0.0046015740
0.0051489830
0.0064974020
0.0080470820
0.0094420800
0.0110004300
0.0122201500
0.0133191200
0.0147398500
0.0157714500
0.0162622900
0.0162876200
0.0163173900
0.0171237400
0.0187387900
0.0199850200
0.0208214600
0.0222136400
0.0241855900
0.0261684100
0.0276383800
0.0287053800
0.0301220400
0.0315370200
0.0322041900
0.0322363700
0.0316854400
0.0303086500
0.0282597100
0.0255681300
0.0225752000
0.0205821500
0.0200540800
0.0202118700
0.0203724800
0.0203496500
0.0202264300
0.0202067400
0.0206659400
0.0216961500
0.0228239400
0.0238586200
0.0242572500
0.0241225900
0.0240957700
0.0248933800
0.0265319900
0.0278357500
0.0287181500
0.0299670800
0.0314174100
0.0328726900
0.0345482900
0.0356487500
0.0360084800
0.0364690800
0.0373466900
0.0378948700
0.0379743200
0.0378976200
0.0378435900
0.0378331200
0.0378576500
0.0379131400
0.0379293900
0.0375764400
0.0366019700
0.0349666400
0.0324927500
0.0301636900
0.0283441900
0.0262129600
0.0231137100
0.0198047300
0.0166732600
0.0142032500
0.0125674200
0.0117169900
0.0112204800
0.0103419500
0.0091664740
0.0080659270
0.0066896360
0.0050768710
0.0031979820
0.0005921891
-0.0021324520
-0.0043373960
-0.0063659000
-0.0073495530
-0.0067528610
-0.0044791320
-0.0009036709
0.0035917120
0.0083277400
0.0127531900
0.0167136900
0.0195036400
0.0205038000
0.0206103800
0.0205265400
0.0195275800
0.0166872200
0.0126726600
0.0084406770
0.0044512080
0.0011368370
-0.0012689700
-0.0032991530
-0.0053169290
-0.0067774180
-0.0067778080
-0.0054995570
-0.0040993590
-0.0031878910
-0.0028750570
-0.0031925640
-0.0045113780
-0.0067474060
-0.0090160880
-0.0108455100
-0.0124371300
-0.0141795300
-0.0161602900
-0.0190194400
-0.0226487800
-0.0259132600
-0.0282526000
-0.0303632700
-0.0323569200
-0.0341292300
-0.0359424400
-0.0380666000
-0.0398330600
-0.0409513200
-0.0418149500
-0.0421751300
-0.0422252900
-0.0424759700
-0.0429907300
-0.0432340700
-0.0429468200
-0.0424093500
-0.0422460000
-0.0423943300
-0.0419617300
-0.0398532200
-0.0361687400
-0.0318758400
-0.0270951600
-0.0220733400
-0.0169390500
-0.0126847600
-0.0098273030
-0.0078000660
-0.0069758490
-0.0069228120
-0.0069546630
-0.0070232820
-0.0075295280
-0.0085124520
-0.0091504630
-0.0091790290
-0.0085702100
-0.0075296140
-0.0068667510
-0.0068036550
-0.0074746460
-0.0089810750
-0.0104951600
-0.0113541800
-0.0118260000
-0.0119902600
-0.0117948200
-0.0112467000
-0.0104358600
-0.0094767570
-0.0089588280
-0.0088374850
-0.0088686680
-0.0093594360
-0.0106472400
-0.0124207300
-0.0141582900
-0.0152105800
-0.0159813000
-0.0166422100
-0.0167603000
-0.0160846500
-0.0145282800
-0.0120466600
-0.0092397490
-0.0065294680
-0.0040254270
-0.0019614840
-0.0000589728
0.0008559111
0.0009134197
0.0008030291
0.0007661727
0.0007292467
0.0006132535
0.0006776977
0.0015085640
0.0031255830
0.0043548050
0.0051755440
0.0065748110
0.0087008940
0.0110053600
0.0130193300
0.0149806700
0.0168942400
0.0188623700
0.0205872800
0.0221985600
0.0237150700
0.0253306800
0.0272152000
0.0281788700
0.0282654400
0.0282153700
0.0282167600
0.0277685700
0.0263195800
0.0242270200
0.0221389300
0.0206526300
0.0200790800
0.0200616400
0.0206285900
0.0221869000
0.0244598000
0.0266731300
0.0280445000
0.0288979300
0.0296417900
0.0295371500
0.0287161600
0.0282715700
0.0279947700
0.0267608600
0.0241583000
0.0211869700
0.0187188500
0.0160735700
0.0132899800
0.0109685800
0.0087573310
0.0066810080
0.0048349200
0.0030901690
0.0015238200
0.0007331977
0.0001638352
-0.0006891438
-0.0011962610
-0.0012280040
-0.0011026950
-0.0011443760
-0.0016419650
-0.0024633290
-0.0031355060
-0.0044145000
-0.0071374500
-0.0108485600
-0.0143372400
-0.0170980300
-0.0198610000
-0.0229559400
-0.0256309700
-0.0270303200
-0.0278161000
-0.0283027900
-0.0280204000
-0.0271331300
-0.0265269700
-0.0260573600
-0.0252646400
-0.0241647400
-0.0223451200
-0.0202719800
-0.0189085500
-0.0178611800
-0.0165046800
-0.0154781100
-0.0149476200
-0.0148847500
-0.0149095600
-0.0143476900
-0.0129798800
-0.0115955500
-0.0104482800
-0.0084839660
-0.0056718100
-0.0032122610
-0.0013619220
0.0000734371
0.0007613360
0.0015489800
0.0031705990
0.0049192130
0.0064241070
0.0076885690
0.0091757470
0.0109696600
0.0123034500
0.0134136100
0.0147629200
0.0155775900
0.0157162500
0.0152931100
0.0142152300
0.0129903800
0.0124211000
0.0123936400
0.0125115400
0.0126556400
0.0127223600
0.0123263300
0.0110495900
0.0094636210
0.0086584620
0.0080293310
0.0066716890
0.0052266860
0.0046129460
0.0045925700
0.0046546930
0.0047325120
0.0051857290
0.0060924770
0.0070307390
0.0081747460
0.0097065920
0.0115327100
0.0125366700
0.0131585800
0.0142909400
0.0154896700
0.0161952200
0.0164129400
0.0169687700
0.0183771600
0.0197983400
0.0204597000
0.0209951500
0.0218546300
0.0223318400
0.0220545900
0.0211829900
0.0197061600
0.0167020700
0.0122051100
0.0071149720
0.0026660750
-0.0007928680
-0.0037151640
-0.0066295600
-0.0090057780
-0.0104349500
-0.0112229900
-0.0123607700
-0.0138970400
-0.0150055600
-0.0162153000
-0.0179072700
-0.0197425600
-0.0216195800
-0.0226416600
-0.0232759300
-0.0241015800
-0.0242692800
-0.0234046100
-0.0216353100
-0.0187381400
-0.0159037200
-0.0137308600
-0.0108538100
-0.0073132280
-0.0039855550
-0.0011482180
0.0012940070
0.0033536850
0.0046147620
0.0054252570
0.0062792170
0.0067014430
0.0067269820
0.0068071160
0.0072352300
0.0075970320
0.0072684370
0.0072673700
0.0079500810
0.0085682040
0.0094864830
0.0110881600
0.0124033700
0.0129535600
0.0128673600
0.0116984900
0.0092529500
0.0067949440
0.0049244230
0.0032046220
0.0011765280
-0.0005881507
-0.0018235300
-0.0028128330
-0.0027615930
-0.0012348230
0.0012284790
0.0037609970
0.0058845860
0.0083275020
0.0105234600
0.0117349400
0.0118561100
0.0109145800
0.0094021070
0.0085948300
0.0085548080
0.0086912880
0.0087376950
0.0087072420
0.0087195190
0.0087818000
0.0087263720
0.0082333320
0.0073788750
0.0067852770
0.0061269530
0.0051539950
0.0047489530
0.0053189490
0.0062781530
0.0063017470
0.0054591490
0.0049396600
0.0046117860
0.0034492940
0.0012499800
-0.0010606680
-0.0028634370
-0.0042386550
-0.0056397720
-0.0072241270
-0.0089600380
-0.0102418700
-0.0107625700
-0.0117128400
-0.0138765100
-0.0162317300
-0.0180480900
-0.0187892500
-0.0188969600
-0.0187419900
-0.0177230500
-0.0154654400
-0.0129166400
-0.0101546500
-0.0069681810
-0.0043496250
-0.0030593320
-0.0024250800
-0.0015397210
-0.0004771236
0.0005138874
0.0008533627
0.0008755634
0.0017159140
0.0037170040
0.0059183570
0.0079400780
0.0088823950
0.0089866930
0.0088715840
0.0083182860
0.0069381370
0.0050325480
0.0029216140
0.0004311622
-0.0022917560
-0.0045469350
-0.0062680230
-0.0073906990
-0.0083790910
-0.0093555810
-0.0103275600
-0.0108123400
-0.0108806400
-0.0108738200
-0.0107570900
-0.0102361500
-0.0094025020
-0.0089349770
-0.0083668970
-0.0068964910
-0.0049004240
-0.0033346210
-0.0027347880
-0.0027035870
-0.0030660000
-0.0042767010
-0.0064070890
-0.0088267620
-0.0113738600
-0.0137337500
-0.0152460100
-0.0166046200
-0.0181643500
-0.0200049100
-0.0223276500
-0.0244966300
-0.0259091600
-0.0266718000
-0.0278157400
-0.0294977400
-0.0308812100
-0.0318505400
-0.0322127500
-0.0323396900
-0.0327716100
-0.0331617000
-0.0327434800
-0.0322675700
-0.0321973800
-0.0322519800
-0.0318989700
-0.0308786000
-0.0294760500
-0.0277921000
-0.0266501400
-0.0258862300
-0.0244977400
-0.0223511500
-0.0199729400
-0.0178946500
-0.0161946800
-0.0152498400
-0.0147850800
-0.0146056800
-0.0145673800
-0.0146049200
-0.0148736800
-0.0153508000
-0.0156455800
-0.0156812500
-0.0154793200
-0.0149769300
-0.0141139900
-0.0126980400
-0.0113344800
-0.0102871600
-0.0087212200
-0.0065115890
-0.0045246130
-0.0037226670
-0.0035579620
-0.0032040240
-0.0024853980
-0.0014761070
-0.0005505697
0.0005143172
0.0019664940
0.0038978260
0.0054626140
0.0068943800
0.0082755250
0.0096493140
0.0113629700
0.0125704300
0.0128892500
0.0127921100
0.0127049200
0.0127332700
0.0127908000
0.0127429700
0.0125772100
0.0125995400
0.0134653800
0.0152176900
0.0165008300
0.0167432900
0.0166116100
0.0170265300
0.0182952300
0.0196552600
0.0204899800
0.0206518900
0.0204947400
0.0204923700
0.0210428000
0.0220140500
0.0225588200
0.0226475200
0.0226440900
0.0225527800
0.0220178900
0.0210704500
0.0205263200
0.0204740200
0.0205613500
0.0206055400
0.0205953200
0.0205782000
0.0205744700
0.0205800700
0.0205855500
0.0205864800
0.0205832600
0.0205790200
0.0205840700
0.0206021200
0.0206158100
0.0205765000
0.0204923200
0.0205369100
0.0210689300
0.0220244500
0.0226186300
0.0227587000
0.0226219200
0.0220277300
0.0210690400
0.0205397300
0.0205104800
0.0206134400
0.0206293000
0.0205400900
0.0205289100
0.0209854300
0.0220066200
0.0231094300
0.0241261300
0.0245853300
0.0245906100
0.0245141500
0.0244904600
0.0245084100
0.0245226500
0.0245232700
0.0245193000
0.0245206100
0.0245270500
0.0245265800
0.0245121400
0.0244963600
0.0245295400
0.0246152500
0.0246014400
0.0241070800
0.0230803600
0.0220757300
0.0211851000
0.0203415400
0.0186664100
0.0156706000
0.0116974400
0.0076865440
0.0042944260
0.0009934037
-0.0019798750
-0.0043553150
-0.0070264370
-0.0098727180
-0.0121355100
-0.0140754800
-0.0159398800
-0.0181402200
-0.0204389700
-0.0225135600
-0.0239505900
-0.0244079200
-0.0243309700
-0.0242479200
-0.0242965100
-0.0243347200
-0.0239487800
-0.0229398900
-0.0214356300
-0.0194118400
-0.0174569100
-0.0154435800
-0.0136703900
-0.0119269300
-0.0107522400
-0.0104126600
-0.0104885300
-0.0108241200
-0.0113723500
-0.0118676300
-0.0120865600
-0.0118521600
-0.0116057600
-0.0115276900
-0.0114644700
-0.0114438900
-0.0117985000
-0.0128175900
-0.0139438700
-0.0144142300
-0.0147745900
-0.0159603500
-0.0176085100
-0.0184740000
-0.0187433700
-0.0191061000
-0.0196259400
-0.0201537100
-0.0201785300
-0.0195823700
-0.0187293800
-0.0175429800
-0.0158805600
-0.0147532800
-0.0144174300
-0.0139534400
-0.0128340300
-0.0117652400
-0.0111798500
-0.0108401300
-0.0106161200
-0.0100589300
-0.0090927660
-0.0085188340
-0.0084871230
-0.0086957070
-0.0087912860
-0.0082313450
-0.0067026260
-0.0049221190
-0.0036565650
-0.0029031540
-0.0022021440
-0.0012835890
-0.0007119664
-0.0005996068
-0.0007958407
-0.0013554740
-0.0018261050
-0.0013898480
-0.0004685322
0.0006264733
0.0017684020
0.0031141650
0.0039479250
0.0034444940
0.0020898810
0.0012531170
0.0005853084
-0.0008257905
-0.0023482020
-0.0028994320
-0.0023305150
-0.0012900360
-0.0007872486
-0.0006882282
-0.0002202068
0.0006519586
0.0010730570
0.0011496520
0.0018645430
0.0035773740
0.0052966040
0.0065203220
0.0075452110
0.0093986570
0.0118472800
0.0138535300
0.0155367000
0.0164794800
0.0168351500
0.0176742600
0.0191081600
0.0196021900
0.0186820500
0.0173606100
0.0166078300
0.0160914000
0.0150720700
0.0134860500
0.0127064300
0.0134799900
0.0153353000
0.0167102200
0.0170361200
0.0168863100
0.0167711200
0.0168177300
0.0168962300
0.0167057400
0.0159777400
0.0147416700
0.0131736700
0.0114891500
0.0097704850
0.0081157700
0.0060060610
0.0036597870
0.0008349064
-0.0018142050
-0.0031734630
-0.0036698540
-0.0037076020
-0.0033966620
-0.0029084350
-0.0026612430
-0.0026713920
-0.0027112610
-0.0026322630
-0.0025308800
-0.0028424020
-0.0040700050
-0.0058044430
-0.0071192760
-0.0081619190
-0.0090866060
-0.0100192900
-0.0105292200
-0.0106641700
-0.0106119600
-0.0100582500
-0.0087098290
-0.0071016770
-0.0054702530
-0.0036737300
-0.0026118420
-0.0019039180
-0.0011386900
-0.0012112180
-0.0021077130
-0.0026886300
-0.0027341590
-0.0026854760
-0.0029242130
-0.0033641420
-0.0035408380
-0.0036127260
-0.0043068380
-0.0057448110
-0.0070584110
-0.0081556320
-0.0090537700
-0.0099227520
-0.0106403700
-0.0115556400
-0.0127652900
-0.0135111500
-0.0130868500
-0.0122199000
-0.0113543000
-0.0107423500
-0.0104590100
-0.0099344400
-0.0090180790
-0.0084772290
-0.0084153800
-0.0084867660
-0.0085136570
-0.0085188210
-0.0085663250
-0.0085758980
-0.0081778320
-0.0071478190
-0.0056355900
-0.0036966440
-0.0020842840
-0.0004970472
0.0008636950
0.0013518710
0.0012578700
0.0012090860
0.0017145200
0.0026681810
0.0032658290
0.0035666000
0.0039090330
0.0041637640
0.0044821830
0.0049451310
0.0051910680
0.0051902800
0.0051528540
0.0052231770
0.0053156550
0.0050127680
0.0038254640
0.0021084700
0.0006643464
-0.0007739233
-0.0020304390
-0.0029103600
-0.0041769230
-0.0057749790
-0.0066551050
-0.0068464940
-0.0066632060
-0.0057782440
-0.0041546550
-0.0028701280
-0.0020554900
-0.0010202510
0.0002332378
0.0018173820
0.0035333020
0.0045829530
0.0050791340
0.0052173210
0.0051999380
0.0051865490
0.0051779020
0.0051620020
0.0051666800
0.0052530210
0.0053314450
0.0050158890
0.0038417590
0.0021590510
0.0007148473
-0.0008283452
-0.0021921990
-0.0027377930
-0.0027217360
-0.0025942830
-0.0025407970
-0.0026016240
-0.0027493090
-0.0027651260
-0.0021326890
-0.0006578991
0.0007195616
0.0013030500
0.0019053950
0.0031483110
0.0040653910
0.0035781600
0.0021099830
0.0012747800
0.0011809580
0.0008771802
-0.0000579890
-0.0011758990
-0.0022232300
-0.0026915990
-0.0026888870
-0.0026059200
-0.0025788280
-0.0025936520
-0.0026055240
-0.0026135680
-0.0026255720
-0.0026203860
-0.0025661000
-0.0025165450
-0.0027456570
-0.0035310260
-0.0047561990
-0.0060087550
-0.0069849710
-0.0080259630
-0.0091079140
-0.0100436800
-0.0099760610
-0.0090393160
-0.0084258590
-0.0083408840
-0.0083933470
-0.0084050150
-0.0085232600
-0.0089829280
-0.0094072140
-0.0090584520
-0.0085809240
-0.0080485810
-0.0070576180
-0.0055767940
-0.0036208740
-0.0020403120
-0.0005711224
0.0007897915
0.0018985290
0.0031083240
0.0039938910
0.0043036270
0.0045288760
0.0049678250
0.0052744830
0.0051775110
0.0045874070
0.0034659280
0.0019941900
0.0012233180
0.0011726170
0.0012942370
0.0013507900
0.0013495110
0.0013453800
0.0013059650
0.0012061500
0.0012167600
0.0017767230
0.0029964790
0.0040354170
0.0044433740
0.0044519280
0.0041649050
0.0033949360
0.0027640900
0.0034020480
0.0043523110
0.0050476260
0.0057121010
0.0066518430
0.0076768880
0.0087136150
0.0092948400
0.0093261290
0.0087296500
0.0073426380
0.0057440310
0.0041155080
0.0022891750
0.0011084580
0.0002349366
-0.0009220231
-0.0021196850
-0.0026762390
-0.0026967570
-0.0026029640
-0.0025392220
-0.0025068790
-0.0025568500
-0.0028615200
-0.0033542310
-0.0035552470
-0.0034488330
-0.0034977530
-0.0043165880
-0.0057286520
-0.0064601230
-0.0065705390
-0.0070069170
-0.0079716200
-0.0085189100
-0.0081602540
-0.0071361500
-0.0059780430
-0.0045146520
-0.0030729680
-0.0019843260
-0.0010009920
-0.0004863571
-0.0005233041
-0.0011108370
-0.0020367440
-0.0025876800
-0.0029509800
-0.0034244010
-0.0034674930
-0.0025590000
-0.0007396242
0.0015641460
0.0038276370
0.0056052940
0.0071835230
0.0085964250
0.0099661440
0.0116679700
0.0128744400
0.0131997800
0.0131117800
0.0130148700
0.0130063900
0.0130426400
0.0130787700
0.0130644100
0.0128679600
0.0124341900
0.0118265000
0.0108075200
0.0096845700
0.0090923180
0.0085820160
0.0077323000
0.0068678320
0.0058354210
0.0042887910
0.0018429870
-0.0005542010
-0.0024085930
-0.0041569780
-0.0062284540
-0.0079859090
-0.0091125270
-0.0100095000
-0.0104237400
-0.0104504800
-0.0103932000
-0.0103717900
-0.0103851500
-0.0103996000
-0.0103955700
-0.0103747600
-0.0103632900
-0.0104098600
-0.0104960300
-0.0104344900
-0.0098795230
-0.0089501540
-0.0084646100
-0.0083477440
-0.0079471360
-0.0071575680
-0.0065401940
-0.0056569260
-0.0041452430
-0.0029164800
-0.0019658180
-0.0005723051
0.0008036549
0.0014522450
0.0016148300
0.0014877170
0.0004572105
-0.0017368830
-0.0040215440
-0.0059389710
-0.0072610530
-0.0081169840
-0.0079581020
-0.0069963030
-0.0064591890
-0.0065218590
-0.0065490380
-0.0057774670
-0.0043203880
-0.0034793810
-0.0033963130
-0.0035144200
-0.0035740460
-0.0036083450
-0.0036611530
-0.0034600210
-0.0025185940
-0.0007344549
0.0015409010
0.0038035520
0.0056129870
0.0072365900
0.0086079590
0.0096863410
0.0109507100
0.0120911200
0.0127245200
0.0130117900
0.0138310300
0.0154361300
0.0166037400
0.0170409700
0.0177669900
0.0191128100
0.0199221300
0.0199988600
0.0198621500
0.0198625600
0.0200116900
0.0199575100
0.0191206900
0.0176615400
0.0168878200
0.0168816100
0.0168063800
0.0160562800
0.0147214100
0.0134490300
0.0129610500
0.0129684400
0.0128008400
0.0123262600
0.0120052800
0.0120026900
0.0121524200
0.0121473300
0.0114586400
0.0100242000
0.0085614110
0.0069709530
0.0057009920
0.0052977930
0.0049956290
0.0037645820
0.0019569610
0.0010692390
0.0015548910
0.0029757990
0.0043351290
0.0051113400
0.0053157440
0.0052867040
0.0050993220
0.0045507280
0.0034722790
0.0020057040
0.0012221730
0.0011574070
0.0012691880
0.0013383240
0.0013801600
0.0013824250
0.0010959450
0.0003516406
-0.0004552768
-0.0008389133
-0.0007419332
-0.0000989529
0.0008210143
0.0011956090
0.0012641360
0.0020394230
0.0037325110
0.0050113600
0.0052966770
0.0052555670
0.0056707130
0.0065628890
0.0071370960
0.0076236220
0.0085471610
0.0098252070
0.0113567500
0.0123838200
0.0129023700
0.0130572800
0.0130366000
0.0130033500
0.0129700900
0.0129696400
0.0130639600
0.0131981000
0.0129259700
0.0116130400
0.0094263040
0.0075610740
0.0064356050
0.0055820230
0.0051841870
0.0051376300
0.0051579910
0.0051836870
0.0052690620
0.0053432390
0.0050094810
0.0038072910
0.0021329950
0.0007916803
-0.0006642406
-0.0023895210
-0.0041886470
-0.0057942950
-0.0065753770
-0.0071679970
-0.0080860370
-0.0085475800
-0.0080880260
-0.0070731370
-0.0064578090
-0.0063370800
-0.0064421280
-0.0069476970
-0.0079548980
-0.0090537540
-0.0100679900
-0.0104797400
-0.0104224600
-0.0105524100
-0.0113350200
-0.0126702400
-0.0139578200
-0.0144652600
-0.0143921900
-0.0143072600
-0.0145675600
-0.0151001200
-0.0153848200
-0.0153250500
-0.0152121100
-0.0155030000
-0.0165231500
-0.0177914100
-0.0185548000
-0.0189740100
-0.0194582000
-0.0204775500
-0.0216984800
-0.0222755000
-0.0222913200
-0.0221752200
-0.0221188700
-0.0221377300
-0.0222177300
-0.0222794500
-0.0220365800
-0.0211100100
-0.0195975800
-0.0178026800
-0.0158118400
-0.0140289000
-0.0123865700
-0.0110149000
-0.0098810700
-0.0083857480
-0.0070363110
-0.0065673080
-0.0064906390
-0.0058505450
-0.0046787580
-0.0040370950
-0.0037481500
-0.0036512890
-0.0036470510
-0.0035802270
-0.0035323890
-0.0038249660
-0.0047813440
-0.0060294720
-0.0070652170
-0.0080842760
-0.0090713570
-0.0100488400
-0.0105322800
-0.0105636100
-0.0104916600
-0.0104469200
-0.0104344500
-0.0104782100
-0.0106969000
-0.0110980700
-0.0114898000
-0.0122007600
-0.0131073500
-0.0134933900
-0.0139904600
-0.0143662800
-0.0144407600
-0.0144116200
-0.0143845800
-0.0143911500
-0.0143961800
-0.0143856400
-0.0143697300
-0.0144036700
-0.0144871800
-0.0144623100
-0.0139583800
-0.0129676300
-0.0121433700
-0.0116129100
-0.0114302500
-0.0114513900
-0.0114804500
-0.0114771400
-0.0114684500
-0.0114917700
-0.0115243400
-0.0114684900
-0.0111966000
-0.0108189400
-0.0106447100
-0.0101789900
-0.0086805860
-0.0063403530
-0.0040154460
-0.0027376760
-0.0025084820
-0.0026410660
-0.0027558090
-0.0028100990
-0.0027447530
-0.0022540480
-0.0013034310
-0.0003548478
0.0006992401
0.0019764030
0.0036365860
0.0048981770
0.0056971840
0.0065529120
0.0074199860
0.0085051640
0.0098170610
0.0112859100
0.0120283900
0.0120683500
0.0119465600
0.0118932200
0.0119159000
0.0119465800
0.0119564800
0.0119268900
0.0118776300
0.0119007700
0.0121767300
0.0126598500
0.0129339100
0.0129563100
0.0129107300
0.0128882200
0.0128951600
0.0129033400
0.0129028000
0.0128947600
0.0128945100
0.0129073100
0.0129226300
0.0128929300
0.0128155700
0.0128327600
0.0133076100
0.0142813100
0.0151775100
0.0158479000
0.0159439000
0.0150657900
0.0135848200
0.0128664900
0.0129147600
0.0127053300
0.0114596600
0.0097122800
0.0088388640
0.0088083110
0.0089658060
0.0090108170
0.0089732260
0.0089888980
0.0090682250
0.0090096950
0.0084525140
0.0075275960
0.0070648180
0.0069663060
0.0065059620
0.0055822840
0.0050208570
0.0049532970
0.0050342780
0.0050766110
0.0050710280
0.0050709080
0.0050780100
0.0050376020
0.0049469470
0.0049901410
0.0055420900
0.0065264510
0.0070877260
0.0070915760
0.0069099510
0.0069137080
0.0074773700
0.0084667000
0.0090172610
0.0090445270
0.0089356540
0.0089239380
0.0090192930
0.0090158850
0.0085246460
0.0075054390
0.0065163080
0.0056174660
0.0048098010
0.0034732950
0.0017979320
0.0010114300
0.0010965940
0.0012522020
0.0006883289
-0.0007833601
-0.0020778200
-0.0024722740
-0.0026329950
-0.0027466630
-0.0027861110
-0.0027959780
-0.0027907500
-0.0027872690
-0.0027899760
-0.0027991660
-0.0028009730
-0.0027780120
-0.0027472690
-0.0027971600
-0.0030635950
-0.0034592330
-0.0036672650
-0.0040153610
-0.0050090690
-0.0062375870
-0.0068131310
-0.0068000600
-0.0066700380
-0.0066898180
-0.0068479850
-0.0068185890
-0.0060037740
-0.0043837520
-0.0030875450
-0.0021795760
-0.0009044800
0.0004777252
0.0016820720
0.0031462780
0.0044536990
0.0050632130
0.0055968780
0.0064553610
0.0069699770
0.0070232210
0.0069395350
0.0069395650
0.0070343840
0.0069990040
0.0064520840
0.0054826320
0.0049365390
0.0048916500
0.0049657400
0.0049754160
0.0049649310
0.0050553740
0.0051603280
0.0048177870
0.0035139890
0.0017873130
0.0009320102
0.0008969067
0.0010590350
0.0011429240
0.0011304540
0.0010376990
0.0009075620
0.0009937120
0.0017969310
0.0031982730
0.0040484360
0.0044111800
0.0047674260
0.0049326860
0.0048941010
0.0049409470
0.0054603760
0.0063645100
0.0069057630
0.0073477150
0.0082508100
0.0096063480
0.0113940900
0.0126279100
0.0129220400
0.0128130600
0.0127427100
0.0127848300
0.0126739500
0.0121300300
0.0110231500
0.0095406290
0.0087618340
0.0087191690
0.0088461010
0.0088811760
0.0088342180
0.0088434640
0.0089552110
0.0089742810
0.0083853530
0.0069708390
0.0055421510
0.0045969230
0.0033856640
0.0018515280
0.0008085235
-0.0000550402
-0.0011841970
-0.0023500360
-0.0031167190
-0.0038700120
-0.0049782530
-0.0063019600
-0.0074882120
-0.0084025490
-0.0083022010
-0.0073640490
-0.0067636000
-0.0066637940
-0.0066894620
-0.0067527540
-0.0072118720
-0.0082118790
-0.0092836150
-0.0102591700
-0.0107484700
-0.0110307400
-0.0114389900
-0.0116862400
-0.0117193100
-0.0116829500
-0.0116850600
-0.0117320600
-0.0117155000
-0.0114447000
-0.0109613300
-0.0106863900
-0.0106601200
-0.0107037200
-0.0107283900
-0.0107361500
-0.0107331300
-0.0107063400
-0.0106683600
-0.0108105400
-0.0113647500
-0.0124642800
-0.0139449600
-0.0147351600
-0.0147806100
-0.0146217900
-0.0145365900
-0.0146276000
-0.0148197200
-0.0147731200
-0.0137577100
-0.0117732100
-0.0101246400
-0.0090606160
-0.0086867600
-0.0087317110
-0.0088152530
-0.0088364460
-0.0087691790
-0.0086692540
-0.0087219570
-0.0092908800
-0.0102647900
-0.0107886700
-0.0107949500
-0.0108465500
-0.0113596300
-0.0124730000
-0.0139667600
-0.0147513700
-0.0147961500
-0.0146652800
-0.0146129200
-0.0146427000
-0.0146660400
-0.0146511200
-0.0146230400
-0.0146592900
-0.0147734200
-0.0147688700
-0.0141852500
-0.0129409700
-0.0119397100
-0.0116666400
-0.0116825800
-0.0114514900
-0.0110179700
-0.0110131100
-0.0114215000
-0.0115471600
-0.0113468100
-0.0111850200
-0.0109342400
-0.0110014000
-0.0114746800
-0.0118210700
-0.0118328600
-0.0114942800
-0.0109738300
-0.0107518900
-0.0108267100
-0.0108153900
-0.0102717300
-0.0093228010
-0.0088337750
-0.0087698580
-0.0084141540
-0.0074926840
-0.0063888680
-0.0051007970
-0.0039712970
-0.0031689210
-0.0023958060
-0.0014599800
-0.0009539695
-0.0009546682
-0.0011014230
-0.0010607930
-0.0005148029
0.0003548143
0.0008397957
0.0013769810
0.0027867350
0.0047974150
0.0067691970
0.0082913060
0.0096080830
0.0112510300
0.0124453800
0.0127881700
0.0127338400
0.0126590100
0.0125955200
0.0124924400
0.0125565700
0.0133318200
0.0148004700
0.0158968000
0.0164538200
0.0165942900
0.0165524500
0.0165242300
0.0165290300
0.0165431500
0.0165477400
0.0165419800
0.0165280900
0.0165188800
0.0165425600
0.0165961700
0.0165783100
0.0162824800
0.0157527500
0.0154965800
0.0157414900
0.0162794600
0.0166027400
0.0166081200
0.0163516100
0.0158787800
0.0152978700
0.0143561800
0.0132515400
0.0123321600
0.0110577000
0.0095351890
0.0086871030
0.0080643540
0.0071676730
0.0066941540
0.0070703070
0.0080840480
0.0091972420
0.0104927500
0.0116944600
0.0124830300
0.0127440500
0.0125423600
0.0119237300
0.0108619600
0.0094896980
0.0086726840
0.0080835160
0.0072445690
0.0067106830
0.0065799680
0.0067199610
0.0072508360
0.0080614310
0.0086252880
0.0094997640
0.0111135900
0.0123972500
0.0128610500
0.0128213800
0.0123200200
0.0111424700
0.0099512570
0.0095399780
0.0090848950
0.0087146750
0.0086238470
0.0086914780
0.0088041830
0.0087386490
0.0081704220
0.0072410860
0.0067820310
0.0066876650
0.0062304910
0.0053033830
0.0047318950
0.0046588550
0.0047653130
0.0048564700
0.0048216070
0.0045307770
0.0040474290
0.0037775520
0.0037365030
0.0037519290
0.0038127230
0.0040499420
0.0044396860
0.0047235300
0.0052363890
0.0062268540
0.0072384760
0.0081248500
0.0086653620
0.0094955140
0.0108648500
0.0116620900
0.0117553600
0.0116402700
0.0115695000
0.0115585500
0.0115683300
0.0116356400
0.0117479800
0.0116609300
0.0108768600
0.0095053290
0.0086247880
0.0080303460
0.0072564340
0.0067283550
0.0062165620
0.0054076720
0.0045484360
0.0032281360
0.0016173170
0.0006018648
-0.0001548209
-0.0012424670
-0.0027702700
-0.0044980710
-0.0061907730
-0.0075362430
-0.0090450930
-0.0104252100
-0.0109828600
-0.0109720900
-0.0108624100
-0.0108323600
-0.0108552100
-0.0108775600
-0.0108818500
-0.0108719900
-0.0108542400
-0.0108476600
-0.0108883300
-0.0109609000
-0.0109000900
-0.0103940400
-0.0095167590
-0.0089199950
-0.0083235210
-0.0074461600
-0.0069376000
-0.0068739020
-0.0069501210
-0.0070044040
-0.0070046890
-0.0069512170
-0.0068755490
-0.0069400870
-0.0074491720
-0.0083273290
-0.0089242700
-0.0095220150
-0.0104001000
-0.0109071700
-0.0109677300
-0.0108949900
-0.0108550400
-0.0108667000
-0.0108890000
-0.0108941400
-0.0108668300
-0.0108334500
-0.0108825700
-0.0111490100
-0.0115426600
-0.0117497900
-0.0121008000
-0.0131007700
-0.0143253300
-0.0148747400
-0.0148362600
-0.0147731600
-0.0150534600
-0.0155331300
-0.0155536400
-0.0150973000
-0.0147722500
-0.0147233700
-0.0147743300
-0.0148050500
-0.0148018100
-0.0147950700
-0.0147983000
-0.0147954000
-0.0147717800
-0.0147512200
-0.0148092700
-0.0149427100
-0.0148906500
-0.0140967100
-0.0126045200
-0.0115344700
-0.0110621800
-0.0109154200
-0.0104766200
-0.0094660980
-0.0083990210
-0.0074819970
-0.0070164030
-0.0064410740
-0.0052807870
-0.0042752250
-0.0039324900
-0.0039752750
-0.0040565980
-0.0040927900
-0.0041155780
-0.0040776830
-0.0038042970
-0.0033262600
-0.0030536840
-0.0030287760
-0.0030726410
-0.0030943880
-0.0030888810
-0.0030802420
-0.0030776810
-0.0030789510
-0.0030809570
-0.0030841360
-0.0030877840
-0.0030834690
-0.0030675330
-0.0030571350
-0.0030973120
-0.0031772310
-0.0031262930
-0.0026043880
-0.0016813250
-0.0010855780
-0.0007411424
-0.0003991606
-0.0003919349
-0.0006009026
-0.0006501273
-0.0008106291
-0.0010631510
-0.0016542230
-0.0026026970
-0.0031344040
-0.0031832500
-0.0030982260
-0.0030576730
-0.0030693650
-0.0030863820
-0.0030895310
-0.0030851780
-0.0030844850
-0.0030885290
-0.0030875090
-0.0030739690
-0.0030609450
-0.0030909010
-0.0031655970
-0.0031374240
-0.0026619680
-0.0017097490
-0.0008356804
-0.0000082501
0.0006011883
0.0007249499
0.0007713993
0.0015172390
0.0029884390
0.0040592180
0.0045521490
0.0047547290
0.0052163720
0.0060616940
0.0066580870
0.0072763500
0.0081832300
0.0087057700
0.0086983460
0.0084917070
0.0085239370
0.0093572030
0.0108272300
0.0116617100
0.0117235500
0.0115616700
0.0114819700
0.0115645600
0.0117114700
0.0116310300
0.0108319700
0.0094584220
0.0086132430
0.0080497930
0.0071721100
0.0062482180
0.0053246950
0.0044928540
0.0031737570
0.0015275330
0.0007007209
0.0006610964
0.0008317091
0.0009166911
0.0008349588
0.0006512526
0.0006739668
0.0015299680
0.0032618340
0.0045699760
0.0049132890
0.0047966570
0.0046879820
0.0046994910
0.0047520950
0.0047424110
0.0046561080
0.0046465160
0.0051097750
0.0061520540
0.0072732290
0.0082320130
0.0085633250
0.0086208450
0.0093254680
0.0107713400
0.0118756300
0.0124409800
0.0126142600
0.0126216500
0.0125473700
0.0122274300
0.0117742100
0.0117850700
0.0122749000
0.0126127900
0.0125805400
0.0123710300
0.0124224000
0.0133381000
0.0148664000
0.0153732500
0.0144133600
0.0130322300
0.0123834100
0.0123913800
0.0125529000
0.0126468500
0.0126012500
0.0122943800
0.0117812100
0.0114961000
0.0115416200
0.0117208200
0.0116684200
0.0108375600
0.0093780460
0.0085521820
0.0084824060
0.0086187870
0.0086837870
0.0086644530
0.0086377570
0.0086330860
0.0086403870
0.0086412050
0.0086346090
0.0086379600
0.0086623750
0.0086836700
0.0086282380
0.0084999880
0.0085507490
0.0093301120
0.0108056000
0.0119050000
0.0124613600
0.0126007700
0.0125591700
0.0125338200
0.0125435800
0.0125588700
0.0125542200
0.0125341800
0.0125344500
0.0125877300
0.0126379900
0.0124111700
0.0116320400
0.0104086500
0.0091414110
0.0081371510
0.0071087150
0.0061232670
0.0052451590
0.0048592040
0.0044720080
0.0032658180
0.0016491500
0.0007847529
0.0002863155
-0.0005772417
-0.0016255110
-0.0026717210
-0.0031345430
-0.0031034710
-0.0031576790
-0.0036828690
-0.0047987000
-0.0062887570
-0.0070699140
-0.0071155710
-0.0069856380
-0.0069288030
-0.0069475050
-0.0069681470
-0.0069787590
-0.0069889160
-0.0069936400
-0.0069450530
-0.0068615200
-0.0069281610
-0.0074896860
-0.0084125730
-0.0088720990
-0.0089685800
-0.0094282250
-0.0103511500
-0.0109116100
-0.0109779700
-0.0108956900
-0.0108518800
-0.0108559500
-0.0108554700
-0.0108487500
-0.0108888700
-0.0109745800
-0.0109231600
-0.0103708000
-0.0094078360
-0.0088716610
-0.0088320060
-0.0088846920
-0.0088587320
-0.0088966030
-0.0093720160
-0.0102676300
-0.0110330100
-0.0118996900
-0.0131241700
-0.0143233000
-0.0148192100
-0.0148426500
-0.0150166300
-0.0154662100
-0.0157614800
-0.0158044500
-0.0157636300
-0.0157331000
-0.0157273600
-0.0157299500
-0.0157553200
-0.0157975900
-0.0157716100
-0.0154958300
-0.0150127200
-0.0147374900
-0.0147133100
-0.0147576900
-0.0147799700
-0.0147729300
-0.0147621600
-0.0147569900
-0.0147616700
-0.0147717000
-0.0147776800
-0.0147540900
-0.0147094800
-0.0147348500
-0.0150113000
-0.0154899800
-0.0157555800
-0.0157778600
-0.0157628100
-0.0157797200
-0.0157327900
-0.0154420100
-0.0150236800
-0.0148965400
-0.0148251900
-0.0140117900
-0.0123568800
-0.0111278800
-0.0107046400
-0.0102486700
-0.0094367410
-0.0089845060
-0.0088608690
-0.0083820460
-0.0074421330
-0.0068650310
-0.0068371920
-0.0070320760
-0.0070770210
-0.0064954010
-0.0052323410
-0.0041842520
-0.0038617370
-0.0039557880
-0.0040851420
-0.0040531420
-0.0037434990
-0.0032848510
-0.0030884390
-0.0030159380
-0.0025512290
-0.0016689070
-0.0010424110
-0.0004911786
0.0002600715
0.0008146597
0.0016535100
0.0030573040
0.0041180580
0.0046825300
0.0048383260
0.0048029840
0.0047732110
0.0047729750
0.0047819130
0.0047912430
0.0048073860
0.0048143100
0.0047662180
0.0046816590
0.0047492220
0.0053130390
0.0062378270
0.0066950730
0.0067852420
0.0072457070
0.0081884440
0.0087760350
0.0088150240
0.0086216930
0.0085498270
0.0090901940
0.0103935200
0.0117269000
0.0124949900
0.0125985000
0.0125434700
0.0130423000
0.0142435100
0.0153221800
0.0159282000
0.0163402400
0.0165164900
0.0165291400
0.0165312500
0.0165541300
0.0165190400
0.0162706900
0.0158705900
0.0156047100
0.0152114100
0.0143614600
0.0136432800
0.0134814400
0.0130518300
0.0126599400
0.0125621000
0.0125887100
0.0126251900
0.0126282500
0.0126210600
0.0126148500
0.0126167300
0.0126201500
0.0126241800
0.0126215200
0.0126127500
0.0126064400
0.0126292600
0.0126746700
0.0126511200
0.0123753000
0.0118912000
0.0116184600
0.0116006700
0.0116480200
0.0116568400
0.0116263400
0.0116275600
0.0117138900
0.0117821600
0.0114596100
0.0104275000
0.0091882010
0.0086199690
0.0086120650
0.0087060470
0.0087300870
0.0087537280
0.0088251800
0.0087776250
0.0082284690
0.0072549940
0.0067044420
0.0066952590
0.0068257280
0.0067805140
0.0063410380
0.0058240920
0.0056908010
0.0053405300
0.0050430570
0.0046022050
0.0033259990
0.0016382100
0.0007928918
0.0007609873
0.0009103800
0.0009606688
0.0009227275
0.0009152210
0.0009718757
0.0009830032
0.0006767156
-0.0000353915
-0.0007036529
-0.0010537010
-0.0015932160
-0.0024984770
-0.0030054620
-0.0030163770
-0.0029693290
-0.0032280580
-0.0037385990
-0.0039608480
-0.0038515640
-0.0038787490
-0.0046937330
-0.0061587320
-0.0069536000
-0.0069522630
-0.0068721920
-0.0073170030
-0.0082330110
-0.0088613860
-0.0094117820
-0.0102156600
-0.0109231000
-0.0117918200
-0.0130390900
-0.0142728000
-0.0147870200
-0.0147368700
-0.0146597500
-0.0149042700
-0.0154114400
-0.0157012400
-0.0157166700
-0.0156580300
-0.0156558600
-0.0157110800
-0.0157001400
-0.0154194700
-0.0149135900
-0.0146345600
-0.0146688300
-0.0147960100
-0.0147060900
-0.0140997300
-0.0132803400
-0.0132652700
-0.0136063200
-0.0130267100
-0.0121300600
-0.0116802700
-0.0114085800
-0.0110195100
-0.0107745300
-0.0107361900
-0.0107709500
-0.0107949000
-0.0107706600
-0.0107241700
-0.0107521100
-0.0110250600
-0.0114814500
-0.0117328300
-0.0118244900
-0.0120299200
-0.0122184800
-0.0120180400
-0.0117734000
-0.0116962200
-0.0117106400
-0.0117612400
-0.0118122000
-0.0117773800
-0.0114826900
-0.0109903100
-0.0107555200
-0.0108060900
-0.0107943400
-0.0103066400
-0.0094066520
-0.0087847910
-0.0082189200
-0.0074269520
-0.0068957650
-0.0063301110
-0.0054093940
-0.0046234800
-0.0040836600
-0.0038835740
-0.0038982310
-0.0039331780
-0.0039393710
-0.0039296300
-0.0039255070
-0.0039240450
-0.0039203610
-0.0039166890
-0.0039293320
-0.0039559440
-0.0039523950
-0.0038616000
-0.0037765950
-0.0040789110
-0.0051471920
-0.0064940660
-0.0070613820
-0.0065080260
-0.0051842160
-0.0040814770
-0.0035445210
-0.0032183270
-0.0029725460
-0.0024431450
-0.0015828880
-0.0009979957
-0.0004040665
0.0004835077
0.0010159980
0.0010926600
0.0009577750
0.0007935483
0.0008803859
0.0016981730
0.0031087710
0.0039541230
0.0042987510
0.0046476530
0.0048581900
0.0049017200
0.0048847980
0.0048707800
0.0048701370
0.0048716920
0.0048705230
0.0048742030
0.0048888730
0.0048975420
0.0048602400
0.0047867540
0.0048432350
0.0053473400
0.0062389430
0.0068573500
0.0074470070
0.0082408120
0.0086777590
0.0089455030
0.0096258660
0.0102138500
0.0095963810
0.0088605790
0.0086566100
0.0087178180
0.0087968650
0.0088171810
0.0088201220
0.0087999440
0.0087230090
0.0086681000
0.0089718900
0.0099591930
0.0112249000
0.0120730900
0.0125608400
0.0127243100
0.0127115800
0.0126883000
0.0126873200
0.0126959200
0.0126990300
0.0126980500
0.0126964500
0.0126965200
0.0126971600
0.0126977800
0.0126980000
0.0126981500
0.0126983000
0.0126985300
0.0126987900
0.0126990000
0.0126992400
0.0126994900
0.0126998000
0.0127000100
0.0127000900
0.0127000700
0.0127005300
0.0127016100
0.0127025700
0.0127009800
0.0126969300
0.0126967000
0.0127116200
0.0127315100
0.0126937600
0.0124832300
0.0121209300
0.0117571300
0.0109344400
0.0096061070
0.0087985730
0.0082598140
0.0073698850
0.0063366690
0.0053076570
0.0048204270
0.0047962610
0.0048745680
0.0049310030
0.0049556670
0.0048005920
0.0042428010
0.0031489950
0.0016765350
0.0008971907
0.0008454649
0.0009739051
0.0010303060
0.0010098590
0.0009849954
0.0009802182
0.0009873931
0.0009919879
0.0009916596
0.0009899653
0.0009900031
0.0009923158
0.0010648470
0.0010457820
0.0010234520
0.0010135190
0.0010230600
0.0010289520
0.0009573040
0.0008137003
0.0008484723
0.0016115520
0.0030687240
0.0041502640
0.0046883510
0.0048094200
0.0047454240
0.0046965480
0.0046900260
0.0047032450
0.0046681480
0.0044585920
0.0040196490
0.0034084110
0.0023334230
0.0011086780
0.0005221953
0.0005196442
0.0006802525
0.0006937362
0.0001964909
-0.0008552169
-0.0019708780
-0.0029706890
-0.0034039120
-0.0034420170
-0.0036199570
-0.0040667580
-0.0045498270
-0.0051224770
-0.0059030610
-0.0068626150
-0.0073697220
-0.0074078120
-0.0073321670
-0.0072990500
-0.0073134820
-0.0073258400
-0.0073252330
-0.0073245610
-0.0073394590
-0.0073496730
-0.0073057680
-0.0072137710
-0.0072582880
-0.0077944320
-0.0087387820
-0.0092618230
-0.0092807250
-0.0091689790
-0.0091570080
-0.0092429040
-0.0091999020
-0.0086559900
-0.0077004040
-0.0071519410
-0.0070910850
-0.0071627620
-0.0071976320
-0.0071896540
-0.0071708580
-0.0071100070
-0.0070133860
-0.0070464430
-0.0075593160
-0.0084705910
-0.0089798290
-0.0089975570
-0.0088711780
-0.0087915390
-0.0088162680
-0.0088871730
-0.0088223680
-0.0082835460
-0.0073473300
-0.0067599980
-0.0066087650
-0.0067150270
-0.0072493770
-0.0081201540
-0.0085965090
-0.0086135780
-0.0084997790
-0.0083855320
-0.0083224220
-0.0083916430
-0.0087785390
-0.0092000370
-0.0091887930
-0.0091960390
-0.0091059650
-0.0090313690
-0.0085191820
-0.0080420880
-0.0078996620
-0.0079378950
-0.0080198630
-0.0079298910
-0.0073621270
-0.0064171790
-0.0058886400
-0.0058579900
-0.0059264690
-0.0057805390
-0.0053084480
-0.0049775610
-0.0053142220
-0.0052151920
-0.0041801870
-0.0031689460
-0.0028014040
-0.0028529760
-0.0029375810
-0.0028638880
-0.0025883710
-0.0023604170
-0.0025221150
-0.0027245950
-0.0027562260
-0.0026961470
-0.0026351260
-0.0026247180
-0.0026443370
-0.0025929320
-0.0023054390
-0.0018420040
-0.0016132650
-0.0016449110
-0.0016152960
-0.0011320740
-0.0002693207
0.0002265998
0.0002850986
0.0002304130
0.0002202618
0.0002329207
0.0002076062
0.0002091660
0.0004743954
0.0011277510
0.0017791690
0.0020368900
0.0020194600
0.0019605870
0.0019551840
0.0019920180
0.0020220720
0.0019780120
0.0018713150
0.0019151290
0.0025612260
0.0037728670
0.0046633930
0.0050997230
0.0051919370
0.0051350990
0.0050906960
0.0050715540
0.0050582920
0.0050355690
0.0050089470
0.0049818170
0.0049568370
0.0049314280
0.0049059870
0.0048799530
0.0048544680
0.0048272650
0.0047974500
0.0047662360
0.0047425720
0.0047296090
0.0047107920
0.0046456500
0.0045439780
0.0045561020
0.0049629480
0.0056796440
0.0060255990
0.0059497610
0.0058740640
0.0062124680
0.0069032750
0.0072746190
0.0072539910
0.0071218900
0.0070270000
0.0069784780
0.0069355680
0.0068740180
0.0067941690
0.0067204510
0.0066927570
0.0067004320
0.0065980220
0.0061201530
0.0053504310
0.0049391550
0.0049352390
0.0049198710
0.0044649700
0.0036509030
0.0032750140
0.0036511940
0.0043211670
0.0043060130
0.0036083540
0.0031066010
0.0029995620
0.0030418200
0.0030626240
0.0030080090
0.0028258380
0.0024996980
0.0020658170
0.0013269450
0.0004991315
0.0001119445
0.0001012474
0.0001786320
0.0002041775
0.0001379266
0.0000293237
0.0000706961
0.0006034642
0.0015214740
0.0020111030
0.0020301160
0.0019671600
0.0019347390
0.0017086690
0.0010414140
0.0002405085
-0.0001355247
-0.0001467203
-0.0000864216
-0.0000793484
-0.0001111559
-0.0001214877
-0.0000888164
-0.0000848547
-0.0002848491
-0.0007575414
-0.0011891970
-0.0013100280
-0.0013200670
-0.0015995830
-0.0021508410
-0.0024646130
-0.0024768500
-0.0024013210
-0.0023513500
-0.0023353500
-0.0023235250
-0.0023034310
-0.0022778810
-0.0022541860
-0.0022334290
-0.0022107660
-0.0021796900
-0.0021468980
-0.0021474250
-0.0022392740
-0.0024052360
-0.0025666110
-0.0029955820
-0.0037155690
-0.0040960300
-0.0040825050
-0.0039619110
-0.0038765210
-0.0038265850
-0.0037713900
-0.0037111210
-0.0036852420
-0.0036918500
-0.0035946770
-0.0031306410
-0.0023688940
-0.0019031720
-0.0016976290
-0.0014948480
-0.0013646060
-0.0013195750
-0.0013060150
-0.0012915600
-0.0012654530
-0.0012304650
-0.0011994000
-0.0011962090
-0.0012145470
-0.0011667390
-0.0008851216
-0.0004156232
-0.0001496933
-0.0001199421
-0.0001536950
-0.0001655596
-0.0001516806
-0.0001352550
-0.0001248029
-0.0001186761
-0.0001128700
-0.0001066469
-0.0000980575
-0.0000850431
-0.0000707585
-0.0000696505
-0.0000894077
-0.0000894416
0.0000415897
0.0003558810
0.0006613990
0.0007744410
0.0007577056
0.0007232344
0.0007066518
0.0006982812
0.0006910275
0.0006969653
0.0007132415
0.0006804442
0.0004847297
0.0001583255
-0.0000566410
-0.0002639966
-0.0005639516
-0.0007225232
-0.0007191584
-0.0006706276
-0.0006365676
-0.0006180689
-0.0005927252
-0.0005562800
-0.0005402719
-0.0006055688
-0.0007366122
-0.0007968004
-0.0007745519
-0.0007284629
-0.0006884437
-0.0006598130
-0.0006419167
-0.0006262582
-0.0005823022
-0.0004641319
-0.0003069751
-0.0002428976
-0.0002261422
-0.0000526098
0.0003729336
0.0007929398
0.0009540641
0.0009361932
0.0008803920
0.0008409752
0.0008469600
0.0009704185
0.0012034280
0.0013832220
0.0014843620
0.0014990230
0.0014648420
0.0014282790
0.0013956410
0.0013621680
0.0013293090
0.0013135440
0.0013121120
0.0012672510
0.0010663940
0.0007413095
0.0005547472
0.0005297005
0.0005579230
0.0005797783
0.0005574712
0.0004398612
0.0002530916
0.0001541799
0.0001509325
0.0001720638
0.0001832173
0.0001839293
0.0001844242
0.0001892913
0.0001960934
0.0001976373
0.0001907046
0.0001910603
0.0002399946
0.0003556045
0.0004654190
0.0005023850
0.0004908551
0.0004730772
0.0004630943
0.0004577740
0.0004516378
0.0004436903
0.0004349320
0.0004274669
0.0004216766
0.0004160726
0.0004051277
0.0003891417
0.0003845206
0.0004306243
0.0005275638
0.0006087693
0.0006601864
0.0006518388
0.0005486853
0.0003876157
0.0002940751
0.0002745351
0.0002847549
0.0003298762
0.0004069051
0.0004635006
0.0004925401
0.0004913280
0.0004723996
0.0004525026
0.0004351325
0.0004193680
0.0004033549
0.0003871765
0.0003709699
0.0003552802
0.0003402823
0.0003260170
0.0003113612
0.0002949063
0.0002778620
0.0002672553
0.0002720310
0.0002822820
0.0002647561
0.0002263299
0.0002098625
0.0002197963
0.0002241565
0.0002112029
0.0001818122
0.0001449037
0.0001209897
0.0001108316
0.0001046303
0.0000943009
0.0000726126
0.0000436024
0.0000267354
0.0000278539
0.0000373115
0.0000399333
0.0000405384
0.0000448025
0.0000427968
0.0000339247
0.0000232622
0.0000133836
0.0000044604
-0.0000040820
-0.0000125133
-0.0000207807
-0.0000287835
-0.0000364895
-0.0000439266
-0.0000511133
-0.0000580615
-0.0000647678
-0.0000712332
-0.0000774482
-0.0000834089
-0.0000891369
-0.0000946879
-0.0001000792
-0.0001051869
-0.0001097803
-0.0001139859
-0.0001188476
-0.0001261051
-0.0001349967
-0.0001415482
-0.0001477136
-0.0001548170
-0.0001584296
-0.0001573094
-0.0001556559
-0.0001591866
-0.0001670162
-0.0001757715
-0.0001794441
-0.0001787321
-0.0001771494
-0.0001760195
-0.0001753042
-0.0001745966
-0.0001737517
-0.0001726052
-0.0001712347
-0.0001702807
-0.0001712713
-0.0001742300
-0.0001767859
-0.0001782936
-0.0001772454
-0.0001744290
-0.0001714163
-0.0001686821
-0.0001661584
-0.0001636755
-0.0001612125
-0.0001587914
-0.0001564401
-0.0001541521
-0.0001519226
-0.0001497437
-0.0001476160
-0.0001455369
-0.0001435079
-0.0001415307
-0.0001396055
-0.0001377209
-0.0001358567
-0.0001340206
-0.0001322830
-0.0001307561
-0.0001293643
-0.0001278073
-0.0001261049
-0.0001243966
-0.0001227177
-0.0001210795
-0.0001195622
-0.0001183067
-0.0001171984
-0.0001158326
-0.0001142515
-0.0001126657
-0.0001111557
-0.0001097138
-0.0001083154
-0.0001069539
-0.0001056323
-0.0001043480
-0.0001030891
-0.0001018431
-0.0001006330
-0.0000994882
-0.0000983772
-0.0000973004
-0.0000962298
-0.0000951597
-0.0000941117
-0.0000930981
-0.0000921009
-0.0000911132
-0.0000901382
-0.0000891770
-0.0000882288
-0.0000872932
-0.0000863710
-0.0000854607
-0.0000845600
-0.0000836679
-0.0000827840
-0.0000819081
-0.0000810399
-0.0000801794
-0.0000793266
-0.0000784814
0.0000000000
0.0000000000
0.0000000000
