0.0009691982
0.0009609579
0.0009531058
0.0009446992
0.0009367816
0.0009283447
0.0009201699
0.0009114394
0.0009026617
0.0008931399
0.0008832922
0.0008731156
0.0008625672
0.0008515641
0.0008395799
0.0008266164
0.0008126893
0.0008017129
0.0007944218
0.0007917585
0.0007863022
0.0007670686
0.0007352358
0.0006947143
0.0006405830
0.0005880893
0.0005592589
0.0005481558
0.0005399563
0.0005416701
0.0005470045
0.0005557863
0.0005567118
0.0005673286
0.0005840987
0.0005804719
0.0005034444
0.0003892836
0.0002482876
0.0000868332
-0.0000526508
-0.0001188994
-0.0001538057
-0.0001876947
-0.0002239421
-0.0002674380
-0.0002608340
-0.0001365108
0.0000058515
-0.0002923396
-0.0007053145
-0.0006830848
-0.0004068670
-0.0004520834
-0.0006972609
-0.0008367957
-0.0005511408
-0.0001234853
-0.0002866273
-0.0013063990
-0.0011748210
0.0010895990
0.0032938310
0.0024205090
-0.0009197655
-0.0047249700
-0.0058370430
-0.0039214650
-0.0015856710
-0.0010116160
-0.0024908560
-0.0031095980
-0.0027900390
-0.0031022640
-0.0046438250
-0.0061670510
-0.0025496820
0.0055932480
0.0058713590
-0.0112759600
-0.0138599400
-0.0025298140
0.0068906870
0.0042258600
-0.0117819900
-0.0197849700
-0.0054125190
0.0108333700
0.0047742010
-0.0075721200
-0.0090083650
0.0056285110
0.0149597400
-0.0016663790
-0.0205065100
-0.0125709900
0.0065015760
0.0101453300
-0.0090235030
-0.0340452900
-0.0403067800
-0.0062001430
0.0263310400
0.0133748200
-0.0128681400
-0.0137945800
0.0009307555
0.0129726000
0.0082076680
-0.0047892250
-0.0135154600
-0.0075004450
0.0052584980
0.0011855450
-0.0107497300
-0.0078066150
-0.0027741330
-0.0060580090
-0.0117271100
-0.0145595300
-0.0122660000
0.0018635820
0.0160175900
0.0030707920
-0.0244219100
-0.0219229900
0.0018606940
0.0201717800
0.0101585500
-0.0140715000
-0.0293838600
-0.0183028500
0.0007254529
0.0057124330
-0.0042837650
-0.0137129700
-0.0074046510
0.0024062060
-0.0023415800
-0.0107542100
-0.0060612490
0.0040070780
0.0103893200
0.0107309300
-0.0012428930
-0.0184468500
-0.0243853800
-0.0085380720
-0.0034079950
-0.0187132400
-0.0212995200
-0.0146386000
-0.0066632490
0.0023120830
0.0090007640
0.0065288000
-0.0031130120
-0.0002438581
0.0092345600
0.0086998690
-0.0046960980
-0.0131549500
-0.0000715438
0.0148596300
0.0126142200
0.0011035810
-0.0120917100
-0.0173570200
0.0020635270
0.0087144640
-0.0098661840
-0.0043816680
0.0246917000
0.0368345900
0.0218364100
-0.0013378060
-0.0132105900
0.0019209650
0.0166787500
0.0007807540
-0.0148942400
-0.0075176740
-0.0018054490
-0.0012359280
-0.0004024100
-0.0000740704
0.0001344128
-0.0011291330
-0.0001313665
0.0046243600
0.0056223460
0.0017692960
0.0069699340
0.0140071200
0.0086500370
-0.0024085350
-0.0007546956
-0.0027634110
-0.0078299590
0.0013149510
0.0049588740
0.0111121500
0.0183091700
0.0137928800
0.0042463010
-0.0036653630
-0.0013549340
0.0077096190
0.0171645600
0.0182530400
0.0061389130
-0.0037137090
0.0027197920
0.0074126040
0.0010019050
-0.0010346770
-0.0001646031
-0.0062517370
-0.0090726580
0.0019295260
0.0099254670
0.0068245170
-0.0002819093
-0.0056271950
-0.0049703460
-0.0031065140
-0.0013844670
-0.0001745267
0.0018106990
0.0030607900
0.0014417900
-0.0031184140
-0.0015664510
0.0106392700
0.0190195300
0.0075059980
-0.0024309620
-0.0069212930
-0.0077353050
-0.0058336280
-0.0035192770
0.0003989156
0.0052116050
0.0071121100
0.0075547250
0.0084583340
0.0099218030
0.0099861010
0.0047849300
-0.0028563470
-0.0078705340
-0.0082746410
-0.0052930010
0.0014339700
0.0104616900
0.0134695000
0.0074349360
0.0068169960
0.0191552500
0.0050904930
0.0022702280
0.0021498980
-0.0194134500
-0.0228841600
-0.0000453283
0.0247217100
0.0229136900
-0.0072407510
-0.0094441440
0.0059729110
0.0171997800
0.0237060600
0.0105077900
-0.0088498990
-0.0065471150
0.0099610190
0.0014724510
-0.0170878800
-0.0165696600
0.0073695440
0.0352664400
0.0481975300
0.0268288900
0.0161774500
0.0264980900
0.0195241500
-0.0126309000
-0.0135104400
0.0026192820
0.0040992280
-0.0158904100
-0.0402049300
-0.0397511400
-0.0113821500
0.0124759900
-0.0035386110
-0.0357444700
-0.0689266700
-0.0961510100
-0.0970591700
-0.0797651800
-0.0729872400
-0.0729653600
-0.0630906500
-0.0923160000
-0.1307456000
-0.1148605000
-0.0602705300
-0.0188780400
0.0033839020
0.0073511730
-0.0133102200
-0.0246022200
-0.0007631534
0.0152892400
0.0061450140
0.0047867590
-0.0158069400
-0.0290348200
-0.0374622000
-0.0578109500
-0.0318872100
0.0219724300
0.0688023400
0.0849600300
0.0797556100
0.0612631700
0.0505629800
0.0335930600
-0.0230213700
-0.0600563400
-0.0251214100
0.0165843500
0.0050534920
-0.0124218000
-0.0338032000
-0.0484957400
-0.0007075577
0.0709274800
0.1339637000
0.1838842000
0.1638397000
0.0619269800
-0.0171998200
0.0328885600
0.1038142000
0.0890634900
0.0355768800
-0.0261516200
-0.0943873300
-0.1322003000
-0.0764583200
0.0119039700
0.0313423300
0.0087092010
-0.0287747900
-0.0579997200
-0.0463436400
-0.0053378800
0.0230350500
0.0303343300
0.0108069100
-0.0130409400
-0.0088802250
0.0308745500
0.0859974100
0.1410093000
0.1685230000
0.1370892000
0.0817163900
0.0460706000
0.0721102200
0.1323464000
0.1748741000
0.1884150000
0.1428508000
0.0872154000
0.0548598400
0.0439630500
0.0320289500
-0.0136631000
-0.0665127700
-0.0894759200
-0.0848199000
-0.0751087800
-0.0971257100
-0.1127461000
-0.0696389000
-0.0073144930
-0.0146205700
-0.0494912600
-0.0663383700
-0.0749492500
-0.0920369500
-0.1119220000
-0.1174999000
-0.1359469000
-0.1665895000
-0.1739727000
-0.1309195000
-0.0679508100
-0.0009798308
0.0585685200
0.0707219500
0.0284833700
-0.0337639000
-0.0779610600
-0.0598068600
-0.0022004040
0.0112869500
0.0269066900
0.0789815500
0.1360456000
0.1788134000
0.2099783000
0.2416238000
0.2577771000
0.2307197000
0.1747489000
0.0994219200
0.0401912600
0.0492198200
0.0724380000
0.0527567800
0.0244033600
0.0310479600
0.0632976400
0.0817618300
0.0479341500
0.0035878000
0.0097036500
0.0399039300
0.0535272600
0.0109827300
-0.0579522800
-0.0697120500
0.0164446100
0.0951499600
0.0822560700
0.0626506600
0.0559748800
0.0260098000
-0.0082139640
-0.0015639310
0.0300283400
0.0251916100
-0.0028194620
-0.0295748900
-0.0383402700
0.0032026250
0.0593762700
0.0912903900
0.0765200600
0.0525818600
0.0537397200
0.0729888900
0.0761639700
0.0413870800
-0.0231381600
-0.0712340800
-0.0803885500
-0.0676065500
-0.0562152000
-0.0597694400
-0.0709684800
-0.0712782500
-0.0605036100
-0.0534035300
-0.0627419600
-0.0783937400
-0.0877707600
-0.0737945700
-0.0481995000
-0.0383030200
-0.0360005300
-0.0064862290
0.0473901100
0.1034784000
0.1225464000
0.0851947600
0.0195267000
0.0106632300
0.0289903300
0.0454225300
0.0660491400
0.0810219600
0.0703961400
0.0333662000
0.0094546630
0.0437305600
0.1056986000
0.1370612000
0.1292696000
0.0788257300
0.0219103700
0.0159855000
0.0564476700
0.0902724700
0.0754852600
0.0461711600
0.0291914200
0.0386956100
0.0655185600
0.0704385200
0.0376032700
-0.0085886910
-0.0365736300
-0.0377139200
-0.0576503000
-0.1347070000
-0.1757544000
-0.1726913000
-0.1683068000
-0.1726700000
-0.1801105000
-0.1849033000
-0.1873076000
-0.1897749000
-0.1917102000
-0.1881897000
-0.1764056000
-0.1652399000
-0.1655217000
-0.1729453000
-0.1691589000
-0.1508157000
-0.1315208000
-0.1108738000
-0.0973058500
-0.0923011700
-0.0558665300
-0.0034873190
0.0381521800
0.0668553800
0.0764411900
0.0676554800
0.0525233300
0.0357216200
0.0244110300
0.0286199300
0.0347164200
0.0112708000
-0.0064213270
0.0132576100
0.0367214700
0.0318389000
0.0091794680
-0.0115839200
-0.0195966600
-0.0210028000
-0.0260315100
-0.0451833100
-0.0763089800
-0.0966498700
-0.0793655600
-0.0470754100
-0.0464541900
-0.0619372200
-0.0806088900
-0.1062215000
-0.1338493000
-0.1438128000
-0.1169350000
-0.1114964000
-0.1267363000
-0.1260342000
-0.1295531000
-0.1403476000
-0.1407622000
-0.1249314000
-0.1087827000
-0.1066318000
-0.1146920000
-0.1108958000
-0.0879821600
-0.0573388200
-0.0325602100
-0.0248868000
-0.0265061200
-0.0130077100
0.0027750980
0.0050259780
-0.0005431919
-0.0060666670
-0.0112123600
-0.0053968010
0.0178260300
0.0439735900
0.0570865200
0.0604961700
0.0608036800
0.0662926000
0.0817791200
0.0937318400
0.0763603700
0.0366004700
0.0002788934
-0.0222585600
-0.0280505200
-0.0064160490
0.0061481940
-0.0235841100
-0.0476012400
-0.0227032100
0.0161959700
0.0391980800
0.0320811700
0.0073650180
-0.0011404340
0.0537893700
0.1284685000
0.1756402000
0.1852327000
0.1907484000
0.2087181000
0.2148677000
0.1870602000
0.1313338000
0.0776986100
0.0561999900
0.0323517000
-0.0044192720
-0.0197838700
0.0019743600
0.0271349400
0.0193094200
-0.0038132810
0.0001914408
0.0217035500
0.0428072000
0.0525421200
0.0326669100
0.0166973900
0.0185932200
0.0139009800
-0.0025677030
-0.0214456500
-0.0358590100
-0.0379399600
-0.0409585100
-0.0573366000
-0.0771745300
-0.0888539100
-0.1046322000
-0.1190488000
-0.1081266000
-0.1013404000
-0.1184858000
-0.1064567000
-0.0639160600
-0.0177777300
0.0245982000
0.0584691200
0.0793257100
0.1038041000
0.1243853000
0.1157106000
0.0964869800
0.0849020400
0.0768544000
0.0582066300
0.0346436200
0.0138536500
0.0011802230
0.0003363666
-0.0023975200
-0.0202264900
-0.0427455300
-0.0679023500
-0.0958841900
-0.1118614000
-0.0873239500
-0.0424379500
0.0041289740
0.0520885300
0.0964653300
0.1294190000
0.1532602000
0.1706612000
0.1669299000
0.1411716000
0.1232436000
0.1165368000
0.1123360000
0.1133309000
0.1169051000
0.1237805000
0.1332030000
0.1434131000
0.1480332000
0.1342291000
0.1133475000
0.0963945700
0.0795511500
0.0680671600
0.0663989000
0.0577613300
0.0313154700
0.0106790700
0.0096781480
0.0127418800
0.0009354744
-0.0323373500
-0.0709816700
-0.0995918400
-0.1173463000
-0.1270548000
-0.1318856000
-0.1274611000
-0.1209473000
-0.1130748000
-0.0984397600
-0.0737578900
-0.0441378400
-0.0208769300
-0.0250317100
-0.0473591200
-0.0599787100
-0.0329401000
0.0161248700
0.0640988200
0.0984810000
0.1098118000
0.1147902000
0.1194061000
0.1230030000
0.1252922000
0.1298124000
0.1379427000
0.1432096000
0.1181751000
0.0506230800
-0.0333663900
-0.1109633000
-0.1580881000
-0.1676566000
-0.1812367000
-0.2041541000
-0.2310596000
-0.2592159000
-0.2700349000
-0.2342807000
-0.1803450000
-0.1323809000
-0.1003389000
-0.0776033700
-0.0553457600
-0.0461584600
-0.0613662000
-0.0581018800
-0.0079198490
0.0441749700
0.0526201100
0.0354435700
0.0276763800
0.0463661600
0.0596110100
0.0742679100
0.1074742000
0.1396530000
0.1569787000
0.1603977000
0.1436245000
0.1122541000
0.0798739300
0.0468429600
0.0206138800
0.0030043770
-0.0008234222
-0.0080964660
-0.0222250900
-0.0314420900
-0.0156894900
0.0217249300
0.0644197300
0.0941246600
0.0887813400
0.0697136300
0.0585155100
0.0642585800
0.0705065800
0.0476177100
0.0020469230
-0.0467354900
-0.0761716000
-0.0765871500
-0.0730132100
-0.0894458800
-0.1126539000
-0.1260054000
-0.1135549000
-0.0925623100
-0.0750565000
-0.0628406900
-0.0560047500
-0.0595059700
-0.0673593600
-0.0747730400
-0.0832519600
-0.0914529500
-0.0928923700
-0.0738075600
-0.0461181800
-0.0180306600
0.0113342800
0.0366023800
0.0509790600
0.0619556200
0.0800275300
0.0993012500
0.1145601000
0.1249559000
0.1281797000
0.1154075000
0.1005454000
0.1050957000
0.1178606000
0.1337450000
0.1608703000
0.1902728000
0.2166902000
0.2414318000
0.2526386000
0.2175115000
0.1586980000
0.0990962100
0.0395958700
-0.0207123100
-0.0846477200
-0.1469754000
-0.1918842000
-0.2110429000
-0.2308160000
-0.2404046000
-0.2026185000
-0.1399986000
-0.0741900600
-0.0311894700
-0.0481470000
-0.0695268600
-0.0688495300
-0.0832656800
-0.1083932000
-0.1310912000
-0.1472960000
-0.1533614000
-0.1373670000
-0.1112953000
-0.0781710500
-0.0395331000
-0.0004338243
0.0347033500
0.0587374000
0.0808106100
0.1033705000
0.1156672000
0.1069187000
0.0908670100
0.0783290500
0.0702783800
0.0646115300
0.0624794700
0.0642420600
0.0617865700
0.0514624700
0.0506652000
0.0711283700
0.0872591200
0.0736222500
0.0505212700
0.0356940600
0.0161758300
-0.0112622800
-0.0434370100
-0.0763822800
-0.1007366000
-0.1020007000
-0.1017271000
-0.1073754000
-0.1099001000
-0.0918283700
-0.0422607800
0.0175553200
0.0689168400
0.0947632200
0.1056466000
0.1058540000
0.0883976900
0.0648590100
0.0470761400
0.0502913800
0.0616681600
0.0639092700
0.0477146500
0.0264545600
0.0120645800
0.0025190720
-0.0042787200
-0.0065401650
-0.0036328250
0.0005080536
0.0068671390
0.0134964700
0.0142734700
0.0015973300
-0.0172323300
-0.0313641700
-0.0237359400
-0.0039370900
-0.0082991940
-0.0636263300
-0.1123820000
-0.1331396000
-0.1486707000
-0.1551649000
-0.1388205000
-0.1141203000
-0.0976678200
-0.0683240700
-0.0349526700
-0.0219277400
-0.0133970400
0.0113109700
0.0436779700
0.0709276200
0.0713431700
0.0337012300
0.0086007190
0.0275854000
0.0566705600
0.0781009400
0.0902579100
0.0964990100
0.0958980600
0.1084365000
0.1436181000
0.1664461000
0.1344132000
0.0805749600
0.0248419200
-0.0231290600
-0.0397087500
-0.0346602900
-0.0442607300
-0.0633417500
-0.0659542800
-0.0493830900
-0.0309202600
-0.0283113000
-0.0462036500
-0.0698230200
-0.0837054900
-0.0736605000
-0.0630056900
-0.0611488500
-0.0581778400
-0.0469959800
-0.0285231200
-0.0087570930
0.0057398400
0.0034560620
-0.0127140100
-0.0279184800
-0.0208700300
0.0099504440
0.0335713300
0.0251317600
0.0150366000
0.0220206800
0.0331612700
0.0402602400
0.0380282000
0.0303891900
0.0212940600
0.0123972500
0.0004923562
-0.0159965100
-0.0280725000
-0.0243091400
-0.0167530500
-0.0146935300
-0.0171641700
-0.0216392500
-0.0219725700
-0.0036384160
0.0260965500
0.0441569400
0.0245645700
-0.0047037890
0.0055390100
0.0338601200
0.0598988100
0.0736545500
0.0606489900
0.0184243600
-0.0246672300
-0.0516149600
-0.0890877700
-0.1072654000
-0.1123954000
-0.1250203000
-0.1296490000
-0.0930635500
-0.0394802300
0.0164676300
0.0722931200
0.1049394000
0.0922116700
0.0550495400
0.0121434700
-0.0001893175
0.0060940310
-0.0112830500
-0.0452359500
-0.0531502200
-0.0367413100
-0.0298990300
-0.0273508600
-0.0198440900
-0.0238399700
-0.0449451800
-0.0665812900
-0.0795777900
-0.0663388800
-0.0433510000
-0.0265054700
-0.0235644800
-0.0476249100
-0.0756828800
-0.0804812700
-0.0855618000
-0.0604759900
-0.0030796220
0.0426214000
0.0400351800
0.0224179200
0.0289730700
0.0564665500
0.0934098100
0.1231817000
0.1203615000
0.0791777000
0.0570533600
0.0640245600
0.0694477500
0.0697894200
0.0644617400
0.0514554600
0.0506704400
0.0648445800
0.0842202000
0.1039933000
0.1110537000
0.0847742000
0.0534512600
0.0211236400
-0.0373380600
-0.0855703100
-0.1001497000
-0.1126100000
-0.0994856600
-0.0649494200
-0.0558221900
-0.0726400900
-0.1040049000
-0.1251104000
-0.1013195000
-0.0596812400
-0.0319977500
-0.0279136700
-0.0189209500
0.0047767550
0.0312937800
0.0593236700
0.0853358400
0.1055592000
0.1160004000
0.1233783000
0.1263207000
0.1252161000
0.1226570000
0.1239829000
0.1331303000
0.1368024000
0.1014381000
0.0395734700
-0.0095919770
-0.0134533800
-0.0070420090
-0.0212562700
-0.0247125500
-0.0093418890
0.0100260700
0.0180894200
0.0032785930
-0.0203226200
-0.0360955100
-0.0284990000
-0.0089683630
0.0065634380
0.0104126400
-0.0002832599
-0.0065288810
0.0116616700
0.0340039500
0.0237426900
0.0207257000
0.0233284800
0.0065991570
-0.0236401200
-0.0523307300
-0.0609097400
-0.0529148000
-0.0428187400
-0.0369441200
-0.0309326800
-0.0124902000
0.0181045400
0.0547292100
0.0747312500
0.0372482500
-0.0261645800
-0.0475387900
-0.0298939100
-0.0132706800
-0.0179392200
-0.0418705900
-0.0503011100
-0.0121949200
0.0260984100
0.0179481200
-0.0130697400
-0.0171248800
-0.0264725800
-0.0555721400
-0.0958801700
-0.1389316000
-0.1569100000
-0.1232347000
-0.0780332700
-0.0472445700
-0.0256963000
-0.0278268300
-0.0439307800
-0.0350187600
-0.0147622100
-0.0233542100
-0.0534012400
-0.0727178700
-0.0619094100
-0.0336750900
0.0008172529
0.0415148400
0.0856075600
0.0998650900
0.0466921600
-0.0171319300
-0.0274000500
-0.0034804450
0.0179307900
0.0137787800
-0.0045722320
-0.0316997600
-0.0436983600
-0.0163107500
0.0014202050
0.0044049770
0.0182468500
0.0008275171
-0.0412735600
-0.0805515000
-0.0876446700
-0.0663932100
-0.0505936400
-0.0736519600
-0.1115627000
-0.1169837000
-0.0638935200
-0.0277964200
-0.0465503900
-0.0563707700
-0.0398156900
-0.0210226300
-0.0079563230
0.0038202600
0.0166614100
0.0308929300
0.0450747000
0.0596814400
0.0748560100
0.0878017700
0.0930985400
0.0954434100
0.0979085700
0.0927647500
0.0702454100
0.0361613800
-0.0014672760
-0.0329551800
-0.0377971800
-0.0267228300
-0.0262841600
-0.0272595400
-0.0190560500
-0.0171324100
-0.0203105600
-0.0184774800
-0.0236342700
-0.0464004700
-0.0720051500
-0.0922167500
-0.1072619000
-0.1189332000
-0.1033105000
-0.0756817600
-0.0453141200
-0.0074747850
0.0383350500
0.0670799300
0.0245223800
-0.0645289800
-0.0927875000
-0.0735131100
-0.0429433300
-0.0286012500
-0.0618632600
-0.0817497200
-0.0482483300
-0.0108483700
-0.0155598800
-0.0330064900
-0.0316816600
-0.0202713200
-0.0091229390
-0.0057257880
-0.0163886300
-0.0219725900
-0.0030108340
0.0206321700
0.0088829800
-0.0218168900
-0.0388696700
-0.0349770700
-0.0185867300
-0.0031330510
0.0032099980
0.0074163980
0.0223975100
0.0415224700
0.0556476700
0.0604961000
0.0528260800
0.0302588600
0.0090593000
0.0049072550
-0.0011391240
-0.0029614720
-0.0010122700
-0.0032366470
0.0094873880
0.0320007500
0.0549540600
0.0759543000
0.0900241600
0.0957669400
0.0975756800
0.1011598000
0.0848219700
0.0447842900
-0.0033845830
-0.0428715100
-0.0477415100
-0.0261575100
-0.0009161219
0.0175014300
0.0255933800
0.0510098600
0.1021692000
0.1548482000
0.1790674000
0.1710415000
0.1657346000
0.1726233000
0.1572752000
0.1270173000
0.0946939000
0.0612995700
0.0324951000
0.0177666900
0.0118421000
0.0068837500
0.0032946590
0.0016165570
0.0020589020
-0.0035195310
-0.0299695800
-0.0667504400
-0.0980678400
-0.1081192000
-0.0971279300
-0.0780071100
-0.0687478000
-0.0740313200
-0.0696651300
-0.0547307400
-0.0458682200
-0.0665854400
-0.1025568000
-0.1326705000
-0.1410119000
-0.1396232000
-0.1562071000
-0.1719760000
-0.1433620000
-0.0948482100
-0.0557771100
-0.0460661400
-0.0569496700
-0.0708149100
-0.0783801700
-0.0600633600
-0.0280682800
0.0024452590
0.0154338700
0.0058105250
-0.0070575530
-0.0100469800
-0.0097029160
-0.0104401500
-0.0122266500
-0.0112927700
-0.0025717660
0.0071888400
0.0024850930
-0.0035671640
0.0122434000
0.0416044100
0.0767856700
0.1059299000
0.0951164500
0.0403488800
-0.0008288772
0.0001046972
0.0233816200
0.0555478900
0.0767934800
0.0675974800
0.0587593400
0.0844269900
0.1138167000
0.1201461000
0.1207699000
0.1295190000
0.1158943000
0.0739812200
0.0261461500
-0.0103981600
-0.0270744100
-0.0418934100
-0.0591271500
-0.0559566400
-0.0276021600
0.0106301500
0.0482316200
0.0689504700
0.0549923800
0.0293150100
0.0043191300
-0.0192105000
-0.0360903500
-0.0379571200
-0.0332973100
-0.0230118700
0.0055458520
0.0408263800
0.0714832000
0.0874994700
0.0975609500
0.1085014000
0.1150193000
0.1064510000
0.0903943700
0.0880544000
0.1056216000
0.1272409000
0.1398801000
0.1461625000
0.1525432000
0.1571749000
0.1444941000
0.1073654000
0.0602556500
0.0196490400
0.0023373410
0.0024211940
-0.0048182590
-0.0173062500
-0.0304126400
-0.0414243900
-0.0437758200
-0.0374912300
-0.0284345900
-0.0217999600
-0.0266299100
-0.0419572800
-0.0611032500
-0.0816559600
-0.0973081900
-0.0955055900
-0.0853061900
-0.0827374700
-0.0879311200
-0.0944177200
-0.0952684700
-0.0858025000
-0.0757732200
-0.0738938200
-0.0739210600
-0.0691159800
-0.0640277900
-0.0671685900
-0.0711656100
-0.0515330700
-0.0073953110
0.0405605100
0.0757142200
0.0923793700
0.1044930000
0.1090903000
0.0869594000
0.0534487800
0.0186420700
-0.0177666400
-0.0482942400
-0.0637576000
-0.0754130800
-0.1028581000
-0.1123833000
-0.0877752700
-0.0519570500
-0.0135304000
0.0175348100
0.0195343900
-0.0020474060
-0.0222010700
-0.0402027700
-0.0575830500
-0.0687037500
-0.0699302900
-0.0595926300
-0.0440577500
-0.0368366100
-0.0331463900
-0.0281809400
-0.0254439600
-0.0330134600
-0.0489401000
-0.0629454400
-0.0670440000
-0.0665020100
-0.0644387700
-0.0488085700
-0.0104748100
0.0352237000
0.0797784100
0.1264798000
0.1761062000
0.2189709000
0.2284476000
0.2066464000
0.1706324000
0.1170104000
0.0530428100
-0.0145718700
-0.0691556300
-0.0715168700
-0.0412997000
-0.0068605740
0.0270917000
0.0630187200
0.1017900000
0.1342992000
0.1404954000
0.1250573000
0.0930589000
0.0537892900
0.0123389300
-0.0240307800
-0.0328717200
-0.0164811100
0.0080874600
0.0181849900
-0.0189220700
-0.0742852400
-0.1090770000
-0.1114004000
-0.1124539000
-0.1492863000
-0.2088569000
-0.2693183000
-0.2625918000
-0.1272605000
0.0160903200
0.0759722500
0.1133998000
0.1557691000
0.1898821000
0.1837044000
0.1508999000
0.1106928000
0.0673327200
0.0376411500
0.0531570400
0.0825636600
0.0835252500
0.0522310000
0.0254638500
0.0433170800
0.0834995100
0.1190496000
0.1246387000
0.0877820100
0.0456923800
0.0200615900
-0.0017184380
-0.0370551800
-0.0757422300
-0.0933365900
-0.0640681300
-0.0184509900
0.0303355600
0.0798477300
0.1055378000
0.0795924500
0.0352083600
-0.0080854430
-0.0526419800
-0.0958699900
-0.1307124000
-0.1483743000
-0.1310901000
-0.0828545400
-0.0281008300
0.0286415200
0.0945433000
0.1679200000
0.2165371000
0.1791341000
0.0939245200
0.0074597760
-0.0640843800
-0.1116412000
-0.1553977000
-0.1861811000
-0.1708636000
-0.1286178000
-0.0811028600
-0.0360216100
-0.0161561100
-0.0289265700
-0.0501315500
-0.0598481700
-0.0580630900
-0.0661095000
-0.0864835900
-0.1112596000
-0.1374040000
-0.1414677000
-0.0989483100
-0.0342527800
0.0344517900
0.0869299500
0.0694859200
0.0045647300
-0.0639851400
-0.1061942000
-0.1156744000
-0.1257431000
-0.1438984000
-0.1564768000
-0.1447869000
-0.1051930000
-0.0595076000
-0.0077281490
0.0504841000
0.0861464000
0.0447629600
-0.0280201700
-0.0546095800
-0.0579153100
-0.0595540500
-0.0512190200
-0.0353797900
-0.0145653500
0.0082171340
0.0256296300
0.0169379400
-0.0120107600
-0.0434120200
-0.0665802700
-0.0846622000
-0.1024724000
-0.1066645000
-0.0687432100
-0.0151960200
0.0369766100
0.0886966800
0.1407911000
0.1971981000
0.2513832000
0.2845565000
0.2860426000
0.2762764000
0.2690751000
0.2695099000
0.2798061000
0.2861789000
0.2539637000
0.1626244000
0.0591040700
-0.0183285800
-0.0673239000
-0.1091974000
-0.1433292000
-0.1566153000
-0.1638532000
-0.1623306000
-0.1181904000
-0.0457665000
0.0159732400
0.0268498200
0.0082818140
-0.0125849100
-0.0278192500
-0.0293244400
-0.0350618700
-0.0577111400
-0.0860154200
-0.1166877000
-0.1494936000
-0.1684306000
-0.1481847000
-0.1119532000
-0.0774897200
-0.0433928800
-0.0105628400
0.0236425000
0.0570255300
0.0901016800
0.1219645000
0.1575792000
0.1953051000
0.2227502000
0.2118507000
0.1778170000
0.1459736000
0.1339282000
0.1358924000
0.1227177000
0.0899703900
0.0521490000
0.0139904100
-0.0227647000
-0.0507076000
-0.0680223900
-0.0831823500
-0.0999528300
-0.1129750000
-0.1110565000
-0.0966175800
-0.0796301700
-0.0620050500
-0.0449144400
-0.0325800400
-0.0278242900
-0.0253723100
-0.0227930700
-0.0204503800
-0.0183766400
-0.0156108000
-0.0101703500
-0.0032456630
0.0037702470
0.0109452200
0.0183320800
0.0253947200
0.0298339100
0.0304648300
0.0287627900
0.0271777800
0.0322054400
0.0483648500
0.0608936300
0.0523824600
0.0379757200
0.0408566500
0.0554321400
0.0680632400
0.0757381400
0.0827975400
0.0873674900
0.0805059800
0.0659531300
0.0498189700
0.0325327200
0.0165708200
0.0088577880
0.0115309200
0.0168659100
0.0221161700
0.0281996400
0.0347007800
0.0369471700
0.0289593700
0.0168210600
0.0044357150
-0.0066067250
-0.0107930200
-0.0098915860
-0.0083898760
-0.0116617400
-0.0214381800
-0.0274322300
-0.0217201800
-0.0123031700
-0.0026222340
0.0071677590
0.0144060200
0.0154850400
0.0141696100
0.0128636500
0.0115686500
0.0107669500
0.0095870790
0.0051260460
-0.0036342930
-0.0106083400
-0.0078858490
0.0013329460
0.0113772200
0.0228538900
0.0354689100
0.0423195700
0.0306209200
0.0116503300
-0.0071926790
-0.0260815200
-0.0410590100
-0.0508405200
-0.0591993700
-0.0648678000
-0.0580990700
-0.0428105000
-0.0276539800
-0.0184903600
-0.0127983500
-0.0096277590
-0.0072971120
0.0016198460
0.0153683800
0.0302126600
0.0440284000
0.0507675700
0.0502095400
0.0479571100
0.0419135500
0.0227881500
-0.0021941020
-0.0281740400
-0.0506144300
-0.0578160900
-0.0511220700
-0.0314433400
-0.0016759800
0.0302346100
0.0598572700
0.0822207200
0.0996939300
0.1057720000
0.0764342000
0.0228340900
-0.0354805300
-0.0843173500
-0.0968649400
-0.0890967100
-0.0778979900
-0.0671230600
-0.0611042300
-0.0628423900
-0.0571204900
-0.0536977800
-0.0614367000
-0.0694695000
-0.0682095600
-0.0592309300
-0.0528259600
-0.0567651100
-0.0646630800
-0.0593592800
-0.0467321200
-0.0347723900
-0.0271855500
-0.0240404300
-0.0215267400
-0.0190336500
-0.0174036100
-0.0157889300
-0.0091473700
0.0073004350
0.0275351500
0.0479673000
0.0672205600
0.0799401700
0.0847645100
0.0800628500
0.0617193100
0.0384038300
0.0150612000
-0.0094190940
-0.0315899300
-0.0468172300
-0.0571315000
-0.0685205700
-0.0808741000
-0.0891389400
-0.0807989000
-0.0644009200
-0.0515366800
-0.0528809400
-0.0603823700
-0.0636844300
-0.0533350300
-0.0345482700
-0.0174665400
-0.0074427600
-0.0019146170
-0.0009180060
-0.0063308320
-0.0137406100
-0.0218002800
-0.0289693200
-0.0314454200
-0.0288975900
-0.0249942400
-0.0213991800
-0.0181003200
-0.0137664000
-0.0056878380
0.0043394260
0.0131798800
0.0173253200
0.0175856700
0.0146479400
0.0040965760
-0.0100318700
-0.0197496700
-0.0250021800
-0.0338203500
-0.0496202400
-0.0677946000
-0.0789066400
-0.0671580300
-0.0469709200
-0.0278479400
-0.0088392940
0.0116705500
0.0349675100
0.0518716500
0.0430276100
0.0137691500
-0.0208710200
-0.0513449100
-0.0598197200
-0.0454397400
-0.0249102100
-0.0033697020
0.0184403700
0.0323924000
0.0309492100
0.0240979400
0.0178608300
0.0106612700
0.0029046320
-0.0027928220
0.0011784920
0.0110055300
0.0221028700
0.0325314000
0.0391032500
0.0404678500
0.0401503600
0.0400991100
0.0405904500
0.0403374700
0.0351143900
0.0233282300
0.0085795230
-0.0069534580
-0.0183239100
-0.0168823200
-0.0106613700
-0.0050092230
0.0019867490
0.0101583100
0.0141218800
0.0020921730
-0.0184067500
-0.0387487000
-0.0546500900
-0.0635491300
-0.0711929200
-0.0781808900
-0.0799476700
-0.0748006700
-0.0672537300
-0.0581976200
-0.0481513800
-0.0371108200
-0.0254400800
-0.0167072700
-0.0170821700
-0.0210154700
-0.0246590800
-0.0288473200
-0.0333913600
-0.0365601300
-0.0344985000
-0.0301011400
-0.0269269700
-0.0253934100
-0.0199654300
0.0016499190
0.0326704300
0.0522284300
0.0501039700
0.0410261100
0.0327605400
0.0243572500
0.0160478600
0.0072014970
-0.0022169810
-0.0116590900
-0.0166823000
-0.0133447700
-0.0072149980
-0.0009476631
0.0080880100
0.0198590300
0.0331800600
0.0452965300
0.0519978700
0.0539826400
0.0595043500
0.0706231000
0.0737197100
0.0624071300
0.0468767200
0.0315811400
0.0167703900
0.0020666960
-0.0142353600
-0.0322065100
-0.0440445600
-0.0347103400
-0.0133257100
0.0093269980
0.0276274800
0.0313480800
0.0289589700
0.0230020100
0.0119710400
-0.0010954100
-0.0115307900
-0.0118583900
-0.0058037830
0.0009154083
0.0072368700
0.0124868700
0.0175385600
0.0228038200
0.0285312300
0.0335916900
0.0353294400
0.0321670100
0.0274374600
0.0225380000
0.0181089100
0.0160761000
0.0169945700
0.0189610900
0.0203546800
0.0190307900
0.0156159800
0.0119264900
0.0084169380
0.0050616240
0.0010980980
-0.0040984080
-0.0074106840
-0.0008440072
0.0131485400
0.0163457500
0.0009321471
-0.0194576900
-0.0357204100
-0.0460138100
-0.0548505200
-0.0683588400
-0.0759553500
-0.0792090100
-0.0806456300
-0.0820359400
-0.0831009600
-0.0851288200
-0.0881158600
-0.0873289100
-0.0740025900
-0.0551439200
-0.0439482300
-0.0355772900
-0.0246968300
-0.0127140100
-0.0005457519
0.0105987300
0.0193427200
0.0266868800
0.0335684400
0.0365412800
0.0326566200
0.0262433200
0.0218141000
0.0228919600
0.0266787200
0.0305223300
0.0360284700
0.0431464500
0.0500085800
0.0526546600
0.0508745800
0.0479068900
0.0459029300
0.0450514900
0.0446805200
0.0439773200
0.0432266100
0.0429989800
0.0433421100
0.0411721200
0.0316615400
0.0191617800
0.0072346420
-0.0054250720
-0.0182656600
-0.0284447500
-0.0298305000
-0.0277417800
-0.0256281200
-0.0234507100
-0.0212233800
-0.0195067900
-0.0188855500
-0.0186961300
-0.0184254500
-0.0181578600
-0.0177910900
-0.0175996000
-0.0173870200
-0.0169712400
-0.0155352200
-0.0136358100
-0.0116894900
-0.0098198470
-0.0079397900
-0.0061388270
-0.0043581440
-0.0025979580
-0.0006296881
0.0013938430
0.0033769470
0.0051954320
0.0070619810
0.0091583610
0.0111411200
0.0108512700
0.0068932370
0.0020912030
-0.0013386160
-0.0037559090
-0.0059037550
-0.0081758470
-0.0097522630
-0.0100184500
-0.0096807570
-0.0084934940
-0.0040773680
0.0021459600
0.0085938880
0.0148357700
0.0205060900
0.0246731100
0.0281132300
0.0313852100
0.0346490900
0.0377881600
0.0401131700
0.0405374600
0.0403405000
0.0401058100
0.0398697700
0.0397118900
0.0392206400
0.0372417900
0.0339399900
0.0303820400
0.0269750900
0.0237822700
0.0206205700
0.0169202600
0.0126672400
0.0084280610
0.0039055930
-0.0010824340
-0.0035195680
0.0012891950
0.0085246070
0.0094880390
0.0055757920
0.0009748503
-0.0030368210
-0.0066739220
-0.0099514080
-0.0135081600
-0.0168933500
-0.0178072400
-0.0127448900
-0.0060171340
-0.0000480093
0.0054045240
0.0104490500
0.0151068900
0.0185830700
0.0196971600
0.0192364900
0.0170579700
0.0142607100
0.0117225400
0.0092770350
0.0071955820
0.0057621350
0.0049325070
0.0042586790
0.0036702410
0.0031136880
0.0026006020
0.0021445920
0.0018689060
0.0017671300
0.0017217430
0.0016413760
0.0015420280
0.0014372620
0.0014076020
0.0014610890
0.0015071050
0.0014974830
0.0014501480
0.0013741110
0.0012802560
0.0010982600
0.0007138798
0.0002290262
-0.0002282668
-0.0006396890
-0.0009666088
-0.0011726820
-0.0013379260
-0.0015082490
-0.0016685010
-0.0018303470
-0.0020044510
-0.0022044530
-0.0023973250
-0.0025727330
-0.0027371470
-0.0029053620
-0.0030732860
-0.0032259700
-0.0033520750
-0.0034513360
-0.0035428920
-0.0036370710
-0.0037350940
-0.0038341070
-0.0039303920
-0.0040245680
-0.0041164660
-0.0042071680
-0.0042961690
-0.0043826310
-0.0044668550
-0.0045508210
-0.0046349830
-0.0047181410
-0.0047981720
-0.0048753780
-0.0049529370
-0.0050316800
-0.0051108190
-0.0051880570
-0.0052622130
-0.0053334050
-0.0054015610
-0.0054661960
-0.0055269920
-0.0055841390
-0.0056377320
-0.0056877810
-0.0057342120
-0.0057769570
-0.0058159690
-0.0058512310
-0.0058827100
-0.0059103680
-0.0059341560
-0.0059540350
-0.0059699660
-0.0059819130
-0.0059898440
-0.0059937260
-0.0059935300
