0.0024272590
0.0023943750
0.0023639460
0.0023053160
0.0022492500
0.0021653160
0.0020846470
0.0019766450
0.0018727070
0.0017421240
0.0016166260
0.0014653380
0.0013202590
0.0011503880
0.0009880328
0.0008020328
0.0006249166
0.0004253842
0.0002362863
0.0000261039
-0.0001720729
-0.0003899290
-0.0005941304
-0.0008165261
-0.0010236200
-0.0012474140
-0.0014542080
-0.0016761890
-0.0018795270
-0.0020965560
-0.0022933330
-0.0025022880
-0.0026894530
-0.0028873900
-0.0030621010
-0.0032461850
-0.0034057490
-0.0035733910
-0.0037153630
-0.0038641750
-0.0039863440
-0.0041142310
-0.0042147290
-0.0043198730
-0.0043971190
-0.0044780570
-0.0045308440
-0.0045863970
-0.0046140500
-0.0046433520
-0.0046444710
-0.0046515300
-0.0046441730
-0.0046503200
-0.0046437040
-0.0046490400
-0.0046433920
-0.0046480480
-0.0046436270
-0.0046472910
-0.0046444040
-0.0046467010
-0.0046458270
-0.0046462580
-0.0046478990
-0.0046457180
-0.0046508250
-0.0046450720
-0.0046547850
-0.0046439350
-0.0046602480
-0.0046421570
-0.0046669740
-0.0046385010
-0.0046797730
-0.0046308290
-0.0046833300
-0.0046338630
-0.0047510790
-0.0045008720
-0.0046641060
-0.0051653540
-0.0045586090
0.0016673460
-0.0022503110
-0.0058519890
-0.0041509250
-0.0048730810
-0.0044466470
-0.0049539640
-0.0044675440
-0.0049095490
-0.0044100200
-0.0050463190
-0.0051029130
-0.0049527090
-0.0050829200
-0.0058324210
0.0074301090
0.0142868300
0.0102210500
-0.0019128670
-0.0053787180
-0.0049669840
-0.0062275790
0.0097557520
0.0206154000
0.0005298084
-0.0122807200
-0.0068825630
0.0056521280
0.0251056400
0.0287434700
0.0131501200
-0.0076698440
-0.0254792000
-0.0180693600
-0.0057224380
0.0078001290
0.0235529400
0.0281219000
0.0228837600
0.0074269280
-0.0036193790
-0.0057621280
-0.0041683670
-0.0059302820
-0.0054975360
0.0085570810
0.0150883500
0.0051121910
-0.0068069370
-0.0240055200
-0.0224404500
-0.0078687580
0.0170008000
0.0203021400
-0.0019723070
-0.0082496200
0.0076023940
0.0211981700
0.0223982800
-0.0000579274
-0.0085506300
-0.0039063940
0.0029196600
-0.0016249260
-0.0071744490
-0.0055951230
0.0043459590
0.0196478200
0.0124684100
-0.0023134330
-0.0107478000
-0.0166404300
-0.0098518760
0.0066418480
0.0102401700
0.0086912860
-0.0028756770
-0.0061268930
-0.0049440670
-0.0127988300
-0.0136314200
0.0130492900
0.0263468600
0.0146358600
-0.0020842240
-0.0132158500
-0.0151680300
-0.0081662220
0.0061805350
0.0169350900
0.0213750800
0.0110121400
-0.0036301600
-0.0052970350
-0.0049046980
-0.0108456800
-0.0022137970
0.0152076500
0.0242669000
0.0240657900
0.0004597380
-0.0145114800
-0.0077818630
0.0054636550
0.0200486700
0.0147041000
-0.0134159400
-0.0210607300
-0.0091102630
-0.0051652860
0.0097558580
0.0001152338
-0.0134075300
-0.0081993540
0.0086025510
0.0217955000
-0.0014831650
-0.0332329900
-0.0189005700
0.0166030500
0.0406742700
0.0301656000
-0.0035246610
-0.0088570800
-0.0061282740
0.0062488470
0.0191120700
0.0091849080
-0.0048276080
0.0073003410
0.0001719053
-0.0184898900
-0.0174295300
0.0024729140
0.0230030900
0.0263160700
0.0008622591
-0.0188724300
-0.0158279600
-0.0079778270
0.0070313680
0.0106509200
-0.0039358150
-0.0082564750
0.0069759610
0.0100512500
-0.0036088510
-0.0072449440
-0.0049031530
-0.0076654310
-0.0057603960
0.0088727980
-0.0001271632
-0.0233760000
-0.0129854400
0.0057680600
0.0291147800
0.0282978700
-0.0010766480
-0.0130857100
-0.0071989880
-0.0076999360
0.0036199790
0.0272309800
0.0374730000
0.0180346500
-0.0147172900
-0.0375777400
-0.0209645500
0.0000189242
0.0131268200
0.0132008800
0.0088079710
-0.0029338310
-0.0074024560
-0.0057051750
-0.0116326700
-0.0090044400
-0.0069784570
0.0014285440
0.0138767100
-0.0019391890
-0.0091955550
0.0028511980
0.0084123790
0.0216214600
0.0157643900
-0.0085764460
-0.0103548200
-0.0071131930
0.0066216060
0.0158888000
-0.0022378650
-0.0104476100
0.0020771870
0.0042990760
0.0094698390
-0.0027741320
-0.0092718940
-0.0055836720
0.0032243870
-0.0072456460
-0.0102638800
-0.0111872000
-0.0152997700
-0.0084170060
0.0059713050
0.0217366100
0.0228563400
0.0182479800
-0.0014880480
-0.0269069500
-0.0350030800
-0.0167254300
0.0123115100
0.0180388000
0.0173340200
0.0316586600
0.0162653600
-0.0192985100
-0.0136824900
-0.0031423480
-0.0088609060
-0.0139804600
0.0025129150
0.0286705900
0.0080186960
-0.0081028110
0.0054935100
-0.0017276090
-0.0098138450
-0.0064214030
-0.0074274690
-0.0067261680
-0.0099059250
-0.0015835800
0.0196045200
0.0205371000
-0.0092519280
-0.0102346100
-0.0116713700
-0.0122641600
0.0128925600
0.0334423300
0.0129819000
-0.0086138620
-0.0071214010
-0.0053981730
-0.0184374200
-0.0285491500
-0.0145114000
-0.0175547300
-0.0436034800
-0.0225669300
0.0269411500
0.0312279300
0.0231982200
0.0208188200
-0.0054256670
0.0112468800
0.0484506800
0.0147474100
-0.0357460000
-0.0454467900
-0.0381067800
-0.0180410200
-0.0103238400
0.0112193400
0.0400636200
0.0236027100
-0.0055011450
-0.0023303020
-0.0053599150
-0.0092126760
0.0049829480
0.0037306620
-0.0073402150
-0.0077268600
-0.0117622500
-0.0220623000
-0.0303200800
-0.0380146200
-0.0331557900
0.0008816055
0.0233861000
0.0178664800
0.0099048140
0.0022045870
-0.0087356010
0.0160766800
0.0295552900
-0.0006471778
-0.0363337600
-0.0369208800
-0.0123387100
0.0238302300
0.0271987400
0.0045054520
-0.0079111860
-0.0122217800
0.0037556360
0.0406766200
0.0509214600
0.0415423900
0.0240725400
-0.0014712140
-0.0306775500
-0.0647951100
-0.0616322100
-0.0281904900
-0.0137419100
-0.0121302200
-0.0090709060
-0.0082699220
-0.0075505440
-0.0105253900
-0.0124387200
0.0107857800
0.0360180600
0.0265947100
0.0229339900
0.0325789700
0.0100377300
-0.0159260200
-0.0256629000
-0.0193980300
0.0107184200
0.0316473500
0.0146560100
-0.0249577800
-0.0259006300
-0.0009271702
-0.0048403760
-0.0121550100
-0.0017617850
0.0148130800
0.0181376900
-0.0070921360
-0.0119952600
0.0279526800
0.0348765000
0.0098974470
0.0033187140
-0.0042179190
-0.0115145400
-0.0442620600
-0.0613973100
-0.0601616500
-0.0481474200
-0.0253159500
-0.0163699700
-0.0123063100
0.0209490000
0.0464274400
0.0420541600
0.0388987900
0.0255135300
0.0084313520
0.0137871300
0.0174587300
0.0140000900
0.0219312200
0.0318106900
0.0268703300
0.0161324600
0.0068683910
-0.0069071040
-0.0089003110
-0.0062761530
-0.0236274000
-0.0520167700
-0.0623296300
-0.0440730400
-0.0198853900
-0.0103016300
-0.0103180900
-0.0114418700
0.0095734170
0.0344850300
0.0320098200
0.0217376800
0.0226487500
0.0245952300
0.0252433200
0.0152715300
-0.0051225620
-0.0130634300
-0.0188112200
-0.0374033500
-0.0285300800
0.0100932900
0.0170901100
-0.0122670600
-0.0133725800
0.0129070500
0.0173704100
0.0117283600
0.0254675900
0.0286058500
0.0175218400
0.0089732480
0.0091082710
-0.0093914940
-0.0366955100
-0.0205360800
-0.0000942838
-0.0072958260
-0.0099811710
-0.0071111380
-0.0195898200
-0.0315327700
-0.0145068400
0.0183788700
0.0169883300
-0.0119128700
-0.0137763000
0.0148313900
0.0376535000
0.0438197200
0.0381532600
0.0235471600
0.0205277600
0.0252310600
0.0228459400
-0.0025847920
-0.0271570600
-0.0360751200
-0.0545207200
-0.0598987000
-0.0206087400
0.0147165300
0.0157268900
0.0008249161
-0.0091962730
-0.0101992000
-0.0115188100
-0.0144535400
-0.0104824100
-0.0081283460
-0.0096382970
-0.0096885310
-0.0000221658
0.0174778700
0.0428286000
0.0503738000
0.0269015200
0.0206169300
0.0356872500
0.0508059600
0.0598207700
0.0599431900
0.0536013500
0.0482520200
0.0334246100
-0.0009338663
-0.0314377800
-0.0349546900
-0.0251123900
-0.0114664000
0.0029247580
0.0137132800
0.0208308100
0.0403529100
0.0554742400
0.0724923000
0.0905929400
0.0994949700
0.0985244400
0.1101153000
0.1266253000
0.1234182000
0.1208623000
0.1243940000
0.1151890000
0.1174375000
0.1247685000
0.1292168000
0.1309482000
0.1398906000
0.1485275000
0.1428595000
0.1112229000
0.0594144800
0.0309928200
0.0369726900
0.0514159000
0.0518704100
0.0590657600
0.0756381000
0.0852091900
0.0796094900
0.0577196000
0.0380288300
0.0304759900
0.0221786600
-0.0076579660
-0.0652149000
-0.1096431000
-0.1277041000
-0.1434988000
-0.1468821000
-0.1333013000
-0.1290569000
-0.1229395000
-0.1194673000
-0.1418607000
-0.1725195000
-0.1795445000
-0.1696379000
-0.1509268000
-0.1430831000
-0.1549936000
-0.1810276000
-0.2036414000
-0.2081350000
-0.2005194000
-0.1855469000
-0.1776347000
-0.1945279000
-0.2024380000
-0.1907187000
-0.1461328000
-0.0695189900
-0.0014414200
0.0394280700
0.0642048900
0.0723614000
0.0519502000
0.0148439300
-0.0068327470
-0.0113127200
-0.0181147500
-0.0391027100
-0.0646052700
-0.0845455600
-0.0924643600
-0.0907868500
-0.0909150600
-0.0987396800
-0.0938107100
-0.0840018300
-0.0768696100
-0.0746860000
-0.0772088900
-0.0841381500
-0.0887722100
-0.0694858400
-0.0297547700
0.0015024640
0.0180621100
0.0388188900
0.0738177400
0.1151280000
0.1423848000
0.1576376000
0.1591097000
0.1471381000
0.1378812000
0.1339434000
0.1285546000
0.1058079000
0.0504872700
0.0203529600
0.0278708800
0.0593979500
0.0960477400
0.1087897000
0.1117583000
0.0960596300
0.0776675400
0.0661729500
0.0537439100
0.0481161100
0.0512912500
0.0506268500
0.0331009600
0.0249518400
0.0187551900
0.0074614260
-0.0045835460
-0.0140116600
-0.0459775300
-0.0675905500
-0.0725132400
-0.0814025900
-0.0894524800
-0.1068033000
-0.1185580000
-0.0809542700
-0.0161351800
-0.0025856450
-0.0324834000
-0.0634790200
-0.0504208000
0.0034279510
0.0519838600
0.0844763700
0.1028686000
0.1116178000
0.1126960000
0.1153043000
0.1194274000
0.1089111000
0.0473978300
-0.0082515430
-0.0240083400
-0.0261923200
-0.0159472600
0.0119780100
0.0500180600
0.0768870900
0.0699656500
0.0398854600
-0.0050417930
-0.0419375900
-0.0363792600
-0.0204332000
-0.0329480200
-0.0444266000
-0.0479333900
-0.0492447200
-0.0407397900
-0.0188943100
0.0118175400
0.0597550800
0.0971376600
0.0804685700
0.0276699800
-0.0286041000
-0.0453619200
-0.0395754400
-0.0314736800
-0.0169666200
-0.0213323700
-0.0256366600
-0.0064573860
0.0287474900
0.0550562100
0.0737256100
0.0779354200
0.0620334400
0.0470818200
0.0407977400
0.0337850400
0.0200696200
-0.0033625230
-0.0202587000
-0.0244806800
-0.0313827000
-0.0333403800
-0.0270686900
-0.0225852200
-0.0229798900
-0.0127680700
0.0027195320
0.0148234100
0.0188923500
-0.0025626450
-0.0350391900
-0.0400531200
-0.0356957300
-0.0377053500
-0.0343439400
-0.0159827900
0.0073148580
0.0086161950
-0.0056940540
-0.0200952500
-0.0180157500
-0.0121479200
0.0338685800
0.0800227500
0.0913834100
0.0934464400
0.0862461000
0.0715272100
0.0558078400
0.0277304100
-0.0093910620
-0.0150948500
-0.0134069100
-0.0332607600
-0.0617405500
-0.0896734200
-0.1063734000
-0.1094225000
-0.1095219000
-0.0988452400
-0.0791442500
-0.0662899100
-0.0549647300
-0.0496536900
-0.0583530200
-0.0679276300
-0.0533113600
-0.0289051600
-0.0162297800
-0.0203916400
-0.0229579800
-0.0171660100
-0.0166132700
-0.0108019600
0.0094660460
0.0187000300
-0.0031307820
-0.0163084700
-0.0332997300
-0.0401502900
-0.0193665300
0.0242968300
0.0777905700
0.1077289000
0.0972639500
0.0783342400
0.0625277300
0.0470067800
0.0397188600
0.0462970200
0.0476023300
0.0337416500
0.0096368880
-0.0088768660
-0.0026951970
0.0183765200
0.0335318100
0.0213410500
-0.0083426410
-0.0377885100
-0.0373378400
-0.0233146800
-0.0114553700
-0.0070452120
-0.0121272900
-0.0321504500
-0.0535136000
-0.0444091800
-0.0052407460
0.0403812500
0.0619238800
0.0593854900
0.0479314900
0.0464629200
0.0481336200
0.0403197900
0.0223362600
-0.0067813240
-0.0403902600
-0.0482306200
-0.0226643300
0.0036647690
0.0238628500
0.0283882300
0.0214429800
0.0289932200
0.0382565200
0.0468304200
0.0434942900
0.0135123600
-0.0229623300
-0.0540829100
-0.0799217000
-0.0901109500
-0.0878254500
-0.0883770900
-0.0847833800
-0.0528945600
-0.0176227100
-0.0086107930
-0.0187570500
-0.0364781100
-0.0544578800
-0.0399140600
0.0220331100
0.0747139600
0.0855533200
0.0641731300
0.0331190100
0.0169793900
0.0089668280
0.0058168180
0.0190660400
0.0376544700
0.0378178900
0.0269709400
-0.0032094560
-0.0407566100
-0.0493137400
-0.0215074900
0.0107550400
0.0420583500
0.0512348700
0.0470059300
0.0474064000
0.0480500300
0.0398591100
0.0202712300
-0.0057206500
-0.0107493000
0.0059640360
0.0083529800
0.0067205180
0.0175802800
0.0214741000
0.0219463300
0.0306079600
0.0267787400
0.0044431050
-0.0086301060
-0.0090678030
-0.0089557200
-0.0225808900
-0.0410620800
-0.0567388900
-0.0678387700
-0.0672600800
-0.0496840400
-0.0255294000
-0.0103645800
-0.0086721130
-0.0140315700
-0.0178058900
-0.0152253400
-0.0121417900
-0.0117433600
-0.0099701910
0.0016614990
0.0060553350
0.0091202630
0.0249669800
0.0332867700
0.0183676200
-0.0055359990
-0.0122552700
-0.0091654260
-0.0015861930
0.0069471120
0.0012346970
-0.0087934120
-0.0095173250
0.0041215070
-0.0041690850
-0.0119819500
-0.0148196700
-0.0190161600
-0.0054534340
0.0305485600
0.0497416200
0.0273096900
0.0064740650
-0.0062531920
-0.0147266100
-0.0152573200
-0.0099324410
-0.0085684230
-0.0095783780
-0.0090502340
-0.0080225220
-0.0122516800
-0.0269735800
-0.0313925000
-0.0279186100
-0.0200312500
0.0116898800
0.0479358800
0.0564408400
0.0424326600
0.0238652500
0.0027285980
-0.0082834350
-0.0096417020
-0.0026796280
0.0120732800
0.0335603700
0.0480627800
0.0557710000
0.0640973200
0.0574625000
0.0050949790
-0.0497597300
-0.0653681200
-0.0662765700
-0.0749539800
-0.0851782800
-0.0694910900
-0.0401170000
-0.0128387100
0.0058257010
0.0026120020
0.0032834610
0.0349580300
0.0653756800
0.0770626100
0.0785455600
0.0489350100
-0.0019703950
-0.0161645200
-0.0085387190
-0.0071418930
-0.0154795700
-0.0325593100
-0.0532520300
-0.0637743200
-0.0654937400
-0.0574577900
-0.0338951600
0.0007443724
0.0260840500
0.0199139000
-0.0054258110
-0.0111985200
-0.0120720000
-0.0103629500
-0.0080718450
-0.0089748490
-0.0137796700
-0.0153576900
-0.0093443140
-0.0094353530
-0.0108359700
0.0072754690
0.0244084200
0.0161441200
-0.0050723240
-0.0212784700
-0.0235241500
-0.0116996800
0.0018586450
0.0017079730
-0.0074922340
-0.0097122310
-0.0084435410
-0.0088256990
-0.0084281360
-0.0110081600
-0.0120190100
0.0004313028
0.0185702700
0.0289613200
0.0429967600
0.0545612300
0.0536588400
0.0369405500
0.0174007000
0.0081625970
-0.0042290080
-0.0136175400
-0.0276476700
-0.0347779300
-0.0294863500
-0.0206490000
-0.0106811500
-0.0101335000
0.0072826890
0.0235182800
0.0312840000
0.0247631300
0.0159065200
0.0165348300
0.0200337800
0.0271842100
0.0264166700
0.0118789100
-0.0126886600
-0.0401760800
-0.0557075000
-0.0558079100
-0.0475171100
-0.0335089900
-0.0188560000
-0.0004178428
0.0260714600
0.0439597000
0.0489751700
0.0533394200
0.0544225700
0.0522049200
0.0496442300
0.0184945600
-0.0221599300
-0.0306804200
-0.0145705100
0.0046033730
0.0155472500
0.0117500600
-0.0055611160
-0.0180501500
-0.0168892700
0.0015321450
0.0199664500
0.0244554000
0.0218153800
0.0173899100
0.0143167500
0.0043608510
-0.0078791940
-0.0082696310
-0.0085028760
-0.0098002110
-0.0026735460
0.0205098900
0.0331477800
0.0360028800
0.0386346300
0.0448897800
0.0465992500
0.0459758300
0.0475660200
0.0474640600
0.0472960900
0.0472309200
0.0394660800
0.0323602600
0.0314706900
0.0345702000
0.0369394700
0.0460725300
0.0486052700
0.0441075700
0.0404189600
0.0447860000
0.0425944200
0.0333857000
0.0207622400
-0.0036990030
-0.0174647800
-0.0173021700
-0.0144360000
-0.0110606900
-0.0086620360
-0.0085537800
-0.0084500380
-0.0081885980
-0.0087906580
-0.0094571590
0.0008427238
0.0180175200
0.0337860600
0.0444798300
0.0453401100
0.0390176500
0.0282947100
-0.0033973170
-0.0581936200
-0.0822045900
-0.0833151800
-0.0972898400
-0.1120504000
-0.1235154000
-0.1290697000
-0.1223519000
-0.1205169000
-0.1210786000
-0.1255169000
-0.1417029000
-0.1522510000
-0.1467506000
-0.1356279000
-0.1220280000
-0.0621398900
0.0144122500
0.0442248400
0.0498469200
0.0593709500
0.0751442900
0.0775885600
0.0823685600
0.0978033700
0.1140184000
0.1154340000
0.1191137000
0.1180704000
0.1160191000
0.1158385000
0.1101929000
0.1025426000
0.1036630000
0.1149581000
0.1246208000
0.1137857000
0.0927675800
0.0748799400
0.0643149800
0.0455319700
0.0218871300
-0.0017431760
-0.0312214200
-0.0471402400
-0.0372767000
-0.0136547800
0.0222645800
0.0497645500
0.0497953200
0.0511031200
0.0496512100
0.0363336100
0.0131673200
-0.0282024300
-0.0655614900
-0.0668876400
-0.0482173900
-0.0186605800
-0.0076963080
-0.0094038790
-0.0074545230
-0.0123859100
-0.0263658500
-0.0387932200
-0.0393206600
-0.0420246700
-0.0560266300
-0.0728501500
-0.0835395500
-0.0862143900
-0.0830442800
-0.0822795100
-0.0863284700
-0.0921279900
-0.0883043800
-0.0885458700
-0.1033364000
-0.1163631000
-0.1255973000
-0.1404095000
-0.1497114000
-0.1593304000
-0.1639755000
-0.1392865000
-0.0979865100
-0.0648437100
-0.0553788900
-0.0594732900
-0.0620521100
-0.0727250200
-0.0795246400
-0.0764083800
-0.0718965100
-0.0634055500
-0.0457569400
-0.0160754300
0.0093229880
0.0322812200
0.0621154500
0.0871448300
0.1097204000
0.1223915000
0.1350612000
0.1336980000
0.1304272000
0.1321388000
0.1380120000
0.1393517000
0.1500610000
0.1679552000
0.1796932000
0.1970433000
0.2126790000
0.2271783000
0.2474425000
0.2537018000
0.2542383000
0.2484144000
0.2275359000
0.1988168000
0.1694158000
0.1375497000
0.1010102000
0.0729644700
0.0552000500
0.0539416100
0.0618447400
0.0641202700
0.0565469500
0.0369316000
0.0021793150
-0.0431376000
-0.0965528200
-0.1387864000
-0.1580053000
-0.1609804000
-0.1598274000
-0.1620597000
-0.1675687000
-0.1803518000
-0.1908165000
-0.2105171000
-0.2279905000
-0.2353581000
-0.2386468000
-0.2395315000
-0.2284005000
-0.2154428000
-0.2038852000
-0.1987903000
-0.1958163000
-0.1839494000
-0.1569556000
-0.1220026000
-0.0859832200
-0.0522855600
-0.0298333100
-0.0180878600
-0.0113388200
-0.0132893400
-0.0213459000
-0.0314590700
-0.0371488600
-0.0383953700
-0.0375823700
-0.0390020800
-0.0278878200
-0.0115707900
0.0100089700
0.0312200600
0.0264427900
0.0176210100
0.0083652050
-0.0065044940
-0.0234703200
-0.0239312700
-0.0173560300
-0.0167311100
-0.0166072500
-0.0266284500
-0.0418078100
-0.0600748200
-0.0756253600
-0.0822540300
-0.0858483100
-0.0915385600
-0.0995910200
-0.1031559000
-0.0968655900
-0.0822475700
-0.0444265600
0.0050894960
0.0408381400
0.0475866700
0.0443491300
0.0414717500
0.0329085500
0.0270233800
0.0414343100
0.0645458100
0.0748505500
0.0898421000
0.1061666000
0.1116089000
0.1148341000
0.1121736000
0.0756418800
0.0351670600
0.0268878200
0.0279810800
0.0298052300
0.0364605300
0.0430195800
0.0523336400
0.0588839200
0.0653328100
0.0699353500
0.0703807900
0.0611157900
0.0524277500
0.0480610300
0.0456012400
0.0568329300
0.0723198900
0.0772670200
0.0775806000
0.0781811000
0.0694791200
0.0717150200
0.0828172800
0.0873194700
0.0942602500
0.1069614000
0.1119184000
0.1067176000
0.1104124000
0.1129664000
0.1059074000
0.1063772000
0.1051930000
0.0830611500
0.0209874600
-0.0337879100
-0.0447118600
-0.0413787800
-0.0405812300
-0.0383031700
-0.0372212400
-0.0509603800
-0.0663387400
-0.0762127500
-0.0838256500
-0.0848299500
-0.0790366200
-0.0652907700
-0.0443699800
-0.0225480000
-0.0115737900
0.0079759310
0.0287626000
0.0439440900
0.0484550900
0.0440901100
0.0323911600
0.0234486000
0.0305176800
0.0336778600
0.0237071300
0.0033346630
-0.0086080710
-0.0103923100
-0.0130167900
-0.0241713400
-0.0289555100
-0.0327348400
-0.0338175000
-0.0206533700
0.0004444896
0.0165033300
0.0281646600
0.0369487700
0.0485980300
0.0520927200
0.0559224900
0.0648422600
0.0687890000
0.0751402500
0.0820632200
0.0836948800
0.0839624500
0.0841760300
0.0791625100
0.0717330000
0.0595058300
0.0351491200
-0.0007663904
-0.0323420500
-0.0553719300
-0.0764582700
-0.0909912700
-0.0953252800
-0.0980301800
-0.1017824000
-0.0975944300
-0.0898317500
-0.0776046100
-0.0721003600
-0.0757515700
-0.0801640300
-0.0789797700
-0.0755048000
-0.0759994000
-0.0782748200
-0.0775038600
-0.0708676900
-0.0586427800
-0.0351963000
-0.0197086700
-0.0118374100
-0.0086365740
-0.0095979870
-0.0114243500
-0.0176285500
-0.0244552300
-0.0324951800
-0.0385647500
-0.0461126700
-0.0480018100
-0.0477970700
-0.0458208000
-0.0403942200
-0.0441928000
-0.0423521600
-0.0393696800
-0.0299848300
-0.0147999600
-0.0103332500
0.0016168000
0.0056236550
0.0168607000
0.0347127500
0.0503058600
0.0718434600
0.0888509200
0.0953224500
0.0967711000
0.0929080100
0.0896496500
0.0894651900
0.0860327300
0.0789796200
0.0700148100
0.0500834400
0.0262580800
0.0162170800
0.0162572000
0.0195672200
0.0313088500
0.0319491400
0.0236207300
0.0195843800
0.0212751000
0.0205309700
0.0236879000
0.0173903600
0.0153386800
0.0154636600
0.0219352300
0.0295481400
0.0447062000
0.0480830900
0.0410223300
0.0314100800
0.0160071800
-0.0050553910
-0.0108630000
-0.0187888300
-0.0253065300
-0.0305322700
-0.0309583900
-0.0295069700
-0.0299075400
-0.0346922800
-0.0387149400
-0.0459879400
-0.0418355400
-0.0308099800
-0.0204872900
-0.0101790600
-0.0010438600
-0.0058889730
-0.0098706910
-0.0156899300
-0.0198617000
-0.0183080500
-0.0126104300
-0.0080705880
-0.0101452100
-0.0095053470
0.0038563790
0.0150583000
0.0209541500
0.0299525300
0.0353120300
0.0454937200
0.0531041300
0.0599991100
0.0623582100
0.0627660000
0.0569588100
0.0482975600
0.0387971200
0.0381372100
0.0436122000
0.0443573700
0.0395456400
0.0212297900
-0.0072074370
-0.0274594300
-0.0307413200
-0.0267417900
-0.0165492800
-0.0093742070
-0.0147523800
-0.0210553200
-0.0249677800
-0.0305787700
-0.0321743400
-0.0272401500
-0.0229095400
-0.0168719000
-0.0096127960
-0.0083816430
-0.0087900050
-0.0084566020
-0.0097295300
-0.0126279100
-0.0159508100
-0.0208836000
-0.0254700800
-0.0262067600
-0.0190455800
-0.0168775500
-0.0154765900
-0.0224385300
-0.0336950500
-0.0383334300
-0.0367922000
-0.0362162100
-0.0395617800
-0.0388640800
-0.0360583400
-0.0417331100
-0.0518662400
-0.0470219100
-0.0392649900
-0.0252370600
-0.0139030900
-0.0166459400
-0.0173442300
-0.0231810400
-0.0295226000
-0.0295215700
-0.0266412900
-0.0225490700
-0.0174506700
-0.0110494000
-0.0084506600
-0.0083917530
-0.0084157580
-0.0079194120
-0.0082216720
-0.0124886400
-0.0115444000
-0.0088483720
0.0045100630
0.0211006500
0.0239060800
0.0271696500
0.0296942100
0.0319808900
0.0321342300
0.0275182700
0.0110917400
-0.0065965720
-0.0094227600
0.0040267130
0.0084260790
0.0062291860
0.0067326240
0.0150190500
0.0233518000
0.0302117900
0.0395652300
0.0358022600
0.0195756500
-0.0029705200
-0.0136129600
-0.0223140300
-0.0235104700
-0.0151989600
-0.0098970140
0.0041313310
0.0127271400
0.0151702200
0.0161918600
0.0212489700
0.0287087100
0.0324476300
0.0370639200
0.0345595900
0.0258204700
0.0224840600
0.0176190900
0.0174814500
0.0188275800
0.0091904870
-0.0061469670
-0.0089509750
-0.0081159250
0.0030044560
0.0081654570
0.0052567910
0.0063702550
0.0141982300
0.0190183200
0.0239330000
0.0202871600
0.0095753560
-0.0051877590
-0.0099761000
-0.0000421416
0.0142760200
0.0156051500
0.0044098850
-0.0073358530
-0.0219646000
-0.0277683600
-0.0279035700
-0.0299184800
-0.0190161500
-0.0087091460
0.0055984540
0.0143266400
0.0098042150
0.0058557210
0.0078234600
0.0160659500
0.0219332600
0.0238959800
0.0199274300
0.0086720950
-0.0058058610
-0.0082099380
-0.0071616690
-0.0076645590
-0.0078019850
-0.0078382120
-0.0074371140
-0.0083479590
-0.0144766800
-0.0261733000
-0.0320138000
-0.0380062600
-0.0443316900
-0.0442067800
-0.0373485500
-0.0354454400
-0.0366265000
-0.0363920600
-0.0457198200
-0.0516177500
-0.0520046300
-0.0514715000
-0.0480625100
-0.0478247000
-0.0455823300
-0.0342525100
-0.0209028400
-0.0096364020
0.0042964030
0.0134224800
0.0150103300
0.0292080400
0.0446603700
0.0471878100
0.0521195900
0.0658719600
0.0735065200
0.0829877000
0.0863453900
0.0927312700
0.0941668200
0.0964147900
0.0955978600
0.0916769700
0.0837018200
0.0613739400
0.0370001100
0.0208405600
0.0084781770
-0.0050011080
-0.0085037580
-0.0070127830
-0.0078420330
-0.0070759550
-0.0109279300
-0.0182584600
-0.0283680100
-0.0297452600
-0.0266740700
-0.0181676500
-0.0095344610
0.0029418940
0.0095639940
0.0064877900
-0.0050277080
-0.0088451290
-0.0084610520
-0.0083981110
-0.0073599970
-0.0080724120
-0.0075098640
-0.0075823450
-0.0090458330
-0.0128416000
-0.0126192400
-0.0147006100
-0.0209203600
-0.0281567900
-0.0322786200
-0.0353403300
-0.0384575800
-0.0384890700
-0.0382093500
-0.0373532400
-0.0428441700
-0.0439796500
-0.0429502000
-0.0439144600
-0.0444881000
-0.0442064400
-0.0438840800
-0.0434527500
-0.0498486100
-0.0487515700
-0.0514340800
-0.0539715400
-0.0534768500
-0.0530242000
-0.0470252700
-0.0441049200
-0.0469382100
-0.0527313600
-0.0576622000
-0.0621331200
-0.0633898200
-0.0596509300
-0.0604145300
-0.0608217200
-0.0596953800
-0.0560935000
-0.0491764100
-0.0407126100
-0.0366046100
-0.0371107500
-0.0331927600
-0.0328883700
-0.0268362100
-0.0175541000
-0.0101316800
0.0027712430
0.0147313800
0.0257567200
0.0358781200
0.0400099200
0.0369294200
0.0327100400
0.0323100100
0.0321970400
0.0304182200
0.0353572300
0.0338873000
0.0197884700
-0.0027070520
-0.0100774000
-0.0178062900
-0.0215140200
-0.0132432100
-0.0135387000
-0.0137490100
-0.0142732000
-0.0138437700
-0.0109982000
-0.0032905790
0.0064834390
0.0186773100
0.0253803400
0.0321928600
0.0433668100
0.0536091100
0.0606421500
0.0718438300
0.0774889000
0.0840991700
0.0863420500
0.0854661300
0.0806984100
0.0721576300
0.0668490900
0.0666047400
0.0680053600
0.0704206600
0.0708375200
0.0678329200
0.0600290800
0.0537731500
0.0422706000
0.0303547500
0.0195055600
0.0091972100
0.0004557994
-0.0070728700
-0.0116955300
-0.0122944300
-0.0090509810
-0.0082194520
-0.0082650380
-0.0080132230
-0.0129939800
-0.0174286200
-0.0146298300
-0.0166573800
-0.0120899100
-0.0074692140
-0.0088232970
-0.0093821650
-0.0135267300
-0.0169517500
-0.0212062000
-0.0242300700
-0.0300254900
-0.0375430600
-0.0443308500
-0.0438098100
-0.0453300600
-0.0486133000
-0.0465502200
-0.0389400300
-0.0333025200
-0.0231969300
-0.0144296800
-0.0141483800
-0.0181146600
-0.0208203500
-0.0242486900
-0.0276239200
-0.0332733100
-0.0308305300
-0.0265631400
-0.0226408400
-0.0216190000
-0.0166384300
-0.0106159900
0.0045561660
0.0182018000
0.0266746900
0.0348239700
0.0444233500
0.0567538300
0.0729077300
0.0877517100
0.1042276000
0.1128293000
0.1182008000
0.1228055000
0.1286640000
0.1270610000
0.1238373000
0.1166154000
0.1133723000
0.1034966000
0.0921677400
0.0817706600
0.0655337500
0.0533333300
0.0488514900
0.0350500400
0.0298634200
0.0352271800
0.0372009900
0.0359068400
0.0348781000
0.0336777900
0.0360363600
0.0391701400
0.0398405000
0.0345214600
0.0200327900
-0.0032754280
-0.0197627800
-0.0366732200
-0.0532380600
-0.0712671900
-0.0840938000
-0.0920035300
-0.1044721000
-0.1155295000
-0.1210346000
-0.1279240000
-0.1280629000
-0.1193658000
-0.1163466000
-0.1143955000
-0.1200658000
-0.1282849000
-0.1358126000
-0.1435971000
-0.1463460000
-0.1452338000
-0.1340939000
-0.1288427000
-0.1267457000
-0.1102932000
-0.0975906900
-0.0841494500
-0.0678050600
-0.0563707900
-0.0481464400
-0.0383955900
-0.0231589300
-0.0116441500
0.0075959100
0.0309354800
0.0478021800
0.0658665600
0.0824615800
0.0911967500
0.0978613800
0.1080764000
0.1092683000
0.1022247000
0.0979089200
0.0910886400
0.0701933600
0.0678004100
0.0681710300
0.0604000600
0.0722377000
0.0779883300
0.0763183900
0.0773226600
0.0755593000
0.0773225500
0.0771116400
0.0820644200
0.0882066900
0.0907911000
0.0921228600
0.0956025600
0.0969491700
0.0931054000
0.0909253700
0.0896215100
0.0858429200
0.0785958400
0.0773820700
0.0771230700
0.0762965000
0.0749860300
0.0704784900
0.0681076600
0.0649058800
0.0570647500
0.0481858000
0.0291449200
0.0082038110
-0.0057702760
-0.0165272800
-0.0275442200
-0.0386352800
-0.0445826200
-0.0578926300
-0.0734021800
-0.0853847600
-0.0969308000
-0.1043567000
-0.1068532000
-0.1070836000
-0.1042919000
-0.1033028000
-0.0981774100
-0.0899251000
-0.0794569900
-0.0637652100
-0.0547214700
-0.0427117400
-0.0346319000
-0.0289806700
-0.0234278700
-0.0171036100
-0.0113321000
-0.0099498210
-0.0099390210
-0.0098614430
-0.0090087020
-0.0096529570
-0.0091907780
-0.0098624210
-0.0151520700
-0.0334945700
-0.0508827200
-0.0590742000
-0.0643845000
-0.0602132900
-0.0481102500
-0.0338901300
-0.0247516400
-0.0175472500
-0.0114428600
-0.0098971960
-0.0092234390
-0.0111509700
-0.0095432250
-0.0096493850
-0.0097844290
-0.0038346640
0.0035510700
0.0056051450
0.0076693170
0.0051196490
0.0046045920
0.0009789670
0.0031590780
0.0102691400
0.0164651700
0.0223684900
0.0236161200
0.0188591800
0.0169921400
0.0090284220
-0.0004474827
-0.0076414610
-0.0104522900
-0.0096231780
0.0009007309
0.0084269990
0.0066566180
0.0076760270
0.0066151220
0.0060410640
0.0019526260
-0.0000357593
-0.0069095120
-0.0101257100
-0.0094086770
-0.0101944200
0.0007903398
0.0082104250
0.0116580100
0.0095604660
0.0047154580
0.0000932580
-0.0080273470
-0.0124135400
-0.0146051000
-0.0167035900
-0.0187623600
-0.0152894900
-0.0159711300
-0.0154495400
-0.0144757500
-0.0127310000
-0.0101321900
-0.0033779090
0.0095342050
0.0149677700
0.0196137000
0.0232730300
0.0262556200
0.0229029800
0.0223840400
0.0212854100
0.0137494200
0.0067230060
-0.0061928750
-0.0139523100
-0.0205536900
-0.0296455300
-0.0311794400
-0.0236095200
-0.0192303300
-0.0163679800
-0.0103781800
-0.0090504970
-0.0096818460
-0.0093975260
-0.0089907820
-0.0100737600
-0.0143598500
-0.0125921400
-0.0090414330
-0.0092512350
-0.0099862440
-0.0099284700
-0.0012606400
0.0013488160
-0.0076702790
-0.0100808700
-0.0092287600
-0.0097807500
-0.0024843780
0.0049187860
0.0135035900
0.0209089800
0.0193930400
0.0161287900
0.0125054000
0.0090858580
0.0069289380
0.0003921987
-0.0080295890
-0.0101019000
-0.0136617400
-0.0156156700
-0.0150209600
-0.0118980900
-0.0096291590
-0.0100207100
-0.0034888740
0.0043472510
0.0047231280
0.0036884240
0.0037737620
0.0068109560
0.0141456400
0.0185623900
0.0197004000
0.0155771100
0.0078001070
0.0003416203
-0.0077568870
-0.0134205300
-0.0177013100
-0.0247683000
-0.0314149000
-0.0299555800
-0.0326654800
-0.0315670200
-0.0274748200
-0.0152586000
-0.0010351830
0.0065557390
0.0085577090
0.0075037820
0.0075820540
0.0079205950
0.0082044870
0.0059410660
0.0117101000
0.0144750900
0.0066403600
-0.0067380930
-0.0130572700
-0.0142578700
-0.0116178500
-0.0096506600
-0.0102099000
0.0009787413
0.0135266300
0.0161223600
0.0184850200
0.0171178100
0.0156896600
0.0155602100
0.0087777530
0.0063530220
-0.0051790860
-0.0129666800
-0.0142522800
-0.0207325700
-0.0206519300
-0.0116440400
0.0040090060
0.0121457300
0.0090518540
0.0143201300
0.0177040600
0.0156529500
0.0218642100
0.0221469400
0.0260851700
0.0314321200
0.0268781300
0.0220943000
0.0237456700
0.0176989600
0.0075749820
-0.0054371070
-0.0107037500
-0.0146959000
-0.0276754600
-0.0323272000
-0.0380579100
-0.0415163200
-0.0391714800
-0.0316635700
-0.0236949500
-0.0139746500
-0.0096741090
0.0104161000
0.0226892200
0.0288567100
0.0309058900
0.0175626500
-0.0034986370
-0.0209681900
-0.0253913300
-0.0232087100
-0.0147365600
-0.0140914200
-0.0116644100
-0.0104435200
-0.0098532940
-0.0086334110
-0.0087606830
-0.0097783750
-0.0019633240
0.0137787300
0.0257981800
0.0351922400
0.0459394400
0.0479645900
0.0467362600
0.0370362500
0.0109238200
-0.0088222740
-0.0150933500
-0.0145590500
-0.0110161300
-0.0095813280
-0.0016619730
0.0100940500
0.0203958700
0.0285625300
0.0320061900
0.0296811400
0.0269185100
0.0258400600
0.0331187700
0.0400281700
0.0415887300
0.0291040700
-0.0019159870
-0.0172984800
-0.0202816900
-0.0161137000
-0.0084614070
-0.0080888920
-0.0093444010
-0.0160169400
-0.0207117900
-0.0277904800
-0.0303362200
-0.0264879100
-0.0160915900
-0.0086219320
-0.0004088755
0.0010297020
-0.0071295860
-0.0085189310
-0.0079849680
-0.0078299250
-0.0075143650
-0.0117490500
-0.0228050600
-0.0309944800
-0.0365113700
-0.0368646800
-0.0339331300
-0.0240142700
-0.0141823800
-0.0134651300
-0.0170243700
-0.0157134300
-0.0098194160
0.0052596700
0.0215267900
0.0249236500
0.0191748600
0.0140047800
0.0088864340
0.0122534600
0.0234261800
0.0308015300
0.0391058200
0.0395875600
0.0403270900
0.0357369000
0.0249995300
-0.0006199758
-0.0247075600
-0.0404913600
-0.0464917600
-0.0502824000
-0.0530524400
-0.0480905800
-0.0450317200
-0.0388157500
-0.0243616100
-0.0118372900
-0.0015548120
0.0164758900
0.0358528100
0.0472763600
0.0456376400
0.0381414800
0.0341891500
0.0297800200
0.0313336800
0.0374072200
0.0313239700
0.0231130200
0.0129394700
-0.0038454590
-0.0076024420
-0.0135270300
-0.0211640900
-0.0215418000
-0.0148829200
-0.0082134820
-0.0079510260
0.0063292180
0.0116147300
0.0098604870
0.0081013450
0.0019418440
-0.0059367580
0.0028433640
0.0141168300
0.0198418900
0.0252549300
0.0236986900
0.0286159100
0.0311387700
0.0384238000
0.0475197500
0.0535402500
0.0562125700
0.0551943000
0.0533676800
0.0483644500
0.0421334900
0.0410679200
0.0400522900
0.0394405200
0.0380984700
0.0342539200
0.0332562700
0.0336022900
0.0362267900
0.0397328400
0.0456354300
0.0492296800
0.0487060200
0.0488943300
0.0519297900
0.0547367400
0.0562875800
0.0573459600
0.0553309700
0.0499818100
0.0466640000
0.0416832900
0.0346798100
0.0312688900
0.0272012100
0.0207848500
0.0150725200
0.0100325600
0.0102710900
0.0180058300
0.0217765900
0.0200940200
0.0182682300
0.0118313400
-0.0038097130
-0.0063238680
-0.0101253300
-0.0209630800
-0.0325613000
-0.0406277300
-0.0513651800
-0.0604833400
-0.0650908900
-0.0658327900
-0.0631627200
-0.0561421800
-0.0463386900
-0.0371461600
-0.0356947500
-0.0313554400
-0.0177002600
-0.0082683680
-0.0066583010
-0.0060114110
-0.0062842760
-0.0058148720
-0.0059923550
-0.0060896200
-0.0106998000
-0.0149772300
-0.0162778000
-0.0121706300
-0.0083486580
-0.0065700450
-0.0067773360
0.0050917180
0.0118748500
0.0160841000
0.0181213700
0.0242662200
0.0308491000
0.0319790000
0.0260122200
0.0126920700
-0.0024509390
-0.0161442100
-0.0245391100
-0.0346774700
-0.0374292500
-0.0373527200
-0.0385870100
-0.0353059000
-0.0402721800
-0.0454654300
-0.0502740800
-0.0481030100
-0.0395756300
-0.0189964900
0.0063409840
0.0358668700
0.0540663800
0.0622279600
0.0643696700
0.0623709200
0.0533870200
0.0408152100
0.0297578500
0.0207909200
0.0125707400
0.0081006340
-0.0020041920
-0.0075666710
-0.0116672800
-0.0217221400
-0.0232081900
-0.0202152200
-0.0158102300
-0.0081360490
-0.0054835570
-0.0108139100
-0.0117746000
-0.0097468990
-0.0060342680
-0.0053875530
-0.0056167380
-0.0055217580
-0.0056441320
-0.0053988450
-0.0047800140
-0.0093620180
-0.0204320900
-0.0265375300
-0.0290214300
-0.0301115600
-0.0352260200
-0.0414680600
-0.0420403000
-0.0422100200
-0.0379378800
-0.0311451200
-0.0260375100
-0.0289159700
-0.0341135600
-0.0345003000
-0.0341319200
-0.0304003700
-0.0324085800
-0.0338162500
-0.0397547800
-0.0419985000
-0.0400944100
-0.0421644200
-0.0445014200
-0.0424087000
-0.0466581400
-0.0504203700
-0.0510837900
-0.0581747800
-0.0568384500
-0.0599001400
-0.0606848600
-0.0598775400
-0.0600857200
-0.0622769100
-0.0590256300
-0.0512536200
-0.0434158200
-0.0383908800
-0.0328074900
-0.0276528900
-0.0238059600
-0.0202913000
-0.0128591400
-0.0063773560
-0.0052961830
-0.0059499410
-0.0054201100
-0.0056813090
-0.0054011860
-0.0058367920
-0.0053162520
-0.0055520250
-0.0067984530
-0.0106467400
-0.0104802600
-0.0140721800
-0.0149492000
-0.0146706600
-0.0116879700
-0.0138156400
-0.0118628900
-0.0124410900
-0.0181770300
-0.0220250400
-0.0270310900
-0.0285407300
-0.0261707700
-0.0289531600
-0.0312658900
-0.0337364000
-0.0312725900
-0.0262446000
-0.0242734300
-0.0192406800
-0.0103720800
-0.0064350280
0.0048440940
0.0212130700
0.0298760900
0.0335584300
0.0336613200
0.0340027000
0.0346003600
0.0358613400
0.0353061300
0.0359280700
0.0307967700
0.0277056600
0.0216561800
0.0108885400
-0.0034701980
-0.0066207790
-0.0067526460
-0.0073138610
-0.0075729410
-0.0066331550
-0.0057283660
-0.0059875140
-0.0064088970
-0.0066369240
0.0008356848
0.0098010420
0.0170657400
0.0252474900
0.0268220400
0.0262634800
0.0249128200
0.0256268600
0.0270209100
0.0324671800
0.0378157500
0.0380164800
0.0345920700
0.0315802000
0.0239010300
0.0184655400
0.0196708100
0.0184517800
0.0190567600
0.0158800900
0.0171653300
0.0189753000
0.0210576800
0.0255331900
0.0291778900
0.0332423800
0.0336289600
0.0362831200
0.0407095500
0.0469866700
0.0493509900
0.0488821600
0.0492488700
0.0490664700
0.0481688000
0.0490649500
0.0505628600
0.0437103000
0.0348758100
0.0305208200
0.0267374200
0.0259277300
0.0264129300
0.0230190300
0.0188621900
0.0176793900
0.0158311600
0.0118608300
0.0147646900
0.0185276400
0.0183162400
0.0151575400
0.0111859700
0.0087192640
0.0023888590
-0.0056416490
-0.0074184720
-0.0065218420
-0.0070935310
-0.0069328300
-0.0071496160
-0.0069253440
-0.0071724950
-0.0069775380
-0.0072039230
-0.0070118350
-0.0072408520
-0.0070322010
-0.0073015380
-0.0070879550
-0.0072262070
-0.0070888910
-0.0087418230
-0.0085022450
-0.0088968770
-0.0077390290
-0.0071700520
-0.0073625270
-0.0073971390
-0.0073052530
-0.0074443320
-0.0073202660
-0.0074989210
-0.0073398740
-0.0076094910
-0.0072264790
-0.0075666820
-0.0079152160
-0.0074897050
-0.0010908180
-0.0053008570
-0.0085972500
-0.0069037000
-0.0089667220
-0.0125657200
-0.0137481200
-0.0130068000
-0.0135355800
-0.0140525000
-0.0136587400
-0.0134822600
-0.0145011300
-0.0105277400
-0.0082501960
-0.0083805910
-0.0004546683
0.0066040430
0.0071264330
0.0157215700
0.0192414800
0.0137881100
0.0110088300
0.0086593460
0.0017799590
-0.0070357020
-0.0081400260
-0.0074569710
-0.0093707260
-0.0130297700
-0.0129554900
-0.0155896800
-0.0182714400
-0.0155360800
-0.0092552390
-0.0076419250
-0.0085321840
-0.0081644700
-0.0080840820
-0.0080514510
-0.0097867570
-0.0102763100
-0.0085474870
-0.0080964010
-0.0084154300
-0.0082185990
-0.0081428560
-0.0088498680
-0.0085671890
-0.0010785740
0.0021189420
0.0012746110
0.0012679170
-0.0070190290
-0.0018394430
0.0053922010
0.0062569530
0.0068778510
0.0085370140
0.0088035940
0.0067557350
0.0125008700
0.0191874300
0.0216838300
0.0304192200
0.0311112000
0.0303219000
0.0348764200
0.0372128800
0.0391270300
0.0387273200
0.0365524800
0.0332449000
0.0258507100
0.0240655500
0.0243743500
0.0249406000
0.0305410900
0.0320926300
0.0310056300
0.0267301900
0.0223527800
0.0233890400
0.0229737500
0.0203895900
0.0156912300
0.0123199200
0.0095040700
0.0080818680
0.0086782470
0.0084858770
0.0085709220
0.0065125910
0.0075799170
0.0123147400
0.0150557500
0.0153902200
0.0161014200
0.0198144500
0.0176177000
0.0151670100
0.0155948500
0.0154881300
0.0162689500
0.0156805100
0.0161098900
0.0156258900
0.0162349500
0.0159867800
0.0132441500
0.0086567510
0.0068235260
0.0045716710
0.0043525460
0.0041433540
0.0058212240
0.0062599220
0.0079709070
0.0065610360
0.0046753190
0.0046716930
0.0010387780
-0.0079798510
-0.0095913510
-0.0088195520
-0.0095024420
-0.0099075120
-0.0026955370
0.0035523290
0.0069897690
0.0108373800
0.0149596000
0.0160937000
0.0154437000
0.0084882670
-0.0003318556
-0.0079413290
-0.0095156760
-0.0097691030
-0.0111835400
-0.0109997000
-0.0104389600
-0.0142281500
-0.0126056200
-0.0092974920
-0.0092787440
-0.0094443080
-0.0101101700
-0.0092225770
-0.0016155010
-0.0064154350
-0.0109907200
-0.0087204200
-0.0094012590
-0.0106184400
-0.0147871500
-0.0135861400
-0.0145398400
-0.0155191300
-0.0153313500
-0.0122132000
-0.0110778700
-0.0100988900
-0.0093347870
-0.0096314710
-0.0094182100
-0.0096842660
-0.0095209530
-0.0091281500
-0.0099874250
-0.0171376100
-0.0196086500
-0.0218466200
-0.0237015700
-0.0190314600
-0.0147506200
-0.0148455600
-0.0159820200
-0.0150273600
-0.0114965600
-0.0137122100
-0.0159691600
-0.0147879100
-0.0182984400
-0.0192250900
-0.0222341000
-0.0228797200
-0.0226857300
-0.0262146300
-0.0274063500
-0.0226084900
-0.0226059600
-0.0243674800
-0.0205320300
-0.0159722800
-0.0174985600
-0.0221438300
-0.0262198100
-0.0258698500
-0.0302474000
-0.0323048500
-0.0309283400
-0.0279314700
-0.0246503600
-0.0197009900
-0.0156668100
-0.0125302800
-0.0111765900
-0.0100631400
-0.0108656800
-0.0143808900
-0.0146205200
-0.0207471100
-0.0236554500
-0.0245306200
-0.0295842800
-0.0330564200
-0.0403080400
-0.0401354400
-0.0438074100
-0.0482346100
-0.0493626100
-0.0501612100
-0.0485365700
-0.0467054200
-0.0417373200
-0.0372284200
-0.0336197800
-0.0284512900
-0.0240339400
-0.0163661700
-0.0109197500
-0.0097780940
-0.0096043470
-0.0102183500
-0.0097782030
-0.0021055320
-0.0008414834
-0.0013452450
0.0033898110
0.0047232450
0.0039977330
0.0047022500
0.0074904680
0.0126963600
0.0153986700
0.0197111800
0.0266556600
0.0307197200
0.0289464700
0.0233817800
0.0175928700
0.0094100800
0.0052505900
-0.0069913470
-0.0103056400
-0.0093034540
-0.0092380810
-0.0095761620
-0.0101334700
-0.0103360300
0.0017357240
0.0068489670
0.0067254140
0.0060699990
0.0096548440
0.0136642500
0.0185098300
0.0190558400
0.0207026500
0.0236381500
0.0228758600
0.0204871800
0.0198059700
0.0168139100
0.0142076100
0.0163354900
0.0149138400
0.0148701900
0.0182271700
0.0219188900
0.0264904900
0.0267771000
0.0298412200
0.0311943800
0.0312577000
0.0287413200
0.0217418600
0.0214613300
0.0200575500
0.0165208500
0.0141286400
0.0152997100
0.0185212300
0.0227035100
0.0227085700
0.0262407700
0.0311820500
0.0299894300
0.0281785300
0.0309841000
0.0312782300
0.0281448400
0.0221733700
0.0227687100
0.0199552100
0.0189905900
0.0168322700
0.0151954000
0.0143059700
0.0150354600
0.0157122400
0.0155118400
0.0188049500
0.0181479300
0.0173812900
0.0195485200
0.0165706100
0.0136188900
0.0160770500
0.0171811900
0.0139561800
0.0095807390
0.0019943940
-0.0075310120
-0.0095419120
-0.0100362700
-0.0143587900
-0.0154605100
-0.0172042000
-0.0217385200
-0.0231319500
-0.0192558600
-0.0189586800
-0.0175419200
-0.0129526500
-0.0099510470
-0.0098751000
0.0009189979
0.0083475330
0.0115610200
0.0137063700
0.0151053800
0.0190625400
0.0198734400
0.0208163600
0.0228659100
0.0265084200
0.0314598500
0.0317386100
0.0309804800
0.0297553800
0.0292525600
0.0306672800
0.0312708800
0.0343009200
0.0354658900
0.0322925300
0.0320738800
0.0248905000
0.0180955700
0.0078103490
-0.0071334950
-0.0094019060
-0.0082249740
-0.0102599600
-0.0138679800
-0.0148151800
-0.0174535800
-0.0188800600
-0.0183423700
-0.0187841700
-0.0169562900
-0.0149960100
-0.0143562300
-0.0148785400
-0.0146426100
-0.0143119500
-0.0134717000
-0.0201728000
-0.0229864300
-0.0246220000
-0.0254827400
-0.0284795100
-0.0319965300
-0.0315093400
-0.0318862100
-0.0316522300
-0.0307320500
-0.0278848800
-0.0232902200
-0.0152390400
-0.0140194200
-0.0112589500
-0.0083748720
-0.0087443630
-0.0091408720
-0.0092288020
-0.0014091220
0.0043850620
0.0074267470
0.0130912500
0.0159676700
0.0191941500
0.0218246400
0.0228998000
0.0235836400
0.0238420600
0.0275956500
0.0296627000
0.0286725700
0.0248766200
0.0236790900
0.0283606500
0.0238819700
0.0228394600
0.0237781700
0.0245592600
0.0246212700
0.0239461700
0.0229738000
0.0207854900
0.0172807600
0.0152378200
0.0162440500
0.0171563400
0.0098005240
0.0064209640
0.0019575050
-0.0077067130
-0.0083392150
-0.0093596850
-0.0127140800
-0.0202861000
-0.0251285400
-0.0286748500
-0.0282769300
-0.0318947400
-0.0369661800
-0.0373936800
-0.0330509200
-0.0329786300
-0.0323716000
-0.0268191200
-0.0221126300
-0.0214160800
-0.0216673600
-0.0247898100
-0.0258145500
-0.0245700500
-0.0251337500
-0.0259217200
-0.0254446000
-0.0224745700
-0.0215353200
-0.0218861600
-0.0162483200
-0.0169778000
-0.0153783000
-0.0105265900
-0.0098880250
-0.0088200380
-0.0079509630
-0.0081603310
-0.0082759010
-0.0088277880
-0.0026452090
0.0059272500
0.0141809100
0.0168153200
0.0207020300
0.0243870900
0.0283121400
0.0295443200
0.0252392000
0.0187422500
0.0143266900
0.0076112620
-0.0056994180
-0.0085152000
-0.0084960310
-0.0140160700
-0.0159562800
-0.0129654000
-0.0120710600
-0.0196026100
-0.0221031400
-0.0229051500
-0.0241890600
-0.0292773100
-0.0336932400
-0.0329394500
-0.0352181400
-0.0336557400
-0.0290930400
-0.0288883100
-0.0228664000
-0.0167984900
-0.0143269900
-0.0097740870
-0.0109531100
-0.0091547870
-0.0073169250
-0.0079702140
-0.0081121460
-0.0082455410
-0.0024432480
0.0001708924
-0.0004334756
0.0011173490
0.0046329770
0.0072903330
0.0125461100
0.0151416400
0.0196106900
0.0245397700
0.0231265000
0.0242364200
0.0278576200
0.0273212400
0.0316979800
0.0343727200
0.0331176900
0.0336490600
0.0337417600
0.0339046100
0.0296550900
0.0286423000
0.0293302700
0.0258601000
0.0227704500
0.0244752800
0.0283782400
0.0288164300
0.0284497500
0.0328578000
0.0341732900
0.0298945000
0.0293899300
0.0264244500
0.0243715300
0.0252687600
0.0276955700
0.0292246000
0.0323516700
0.0344031700
0.0325887200
0.0326668000
0.0319224000
0.0338047600
0.0310121200
0.0259192400
0.0234388500
0.0221281900
0.0183858700
0.0147502700
0.0095610370
0.0019343900
-0.0063666820
-0.0076350120
-0.0079336130
-0.0127492600
-0.0224982500
-0.0282125200
-0.0306303200
-0.0348706800
-0.0354165300
-0.0417085100
-0.0447524100
-0.0431702000
-0.0442708200
-0.0442081600
-0.0397604300
-0.0322713900
-0.0321119400
-0.0297642900
-0.0281864700
-0.0273797300
-0.0308154600
-0.0366037000
-0.0397444800
-0.0373241800
-0.0364809300
-0.0424689300
-0.0444628600
-0.0432457900
-0.0446099200
-0.0450164000
-0.0442016300
-0.0385135000
-0.0376454600
-0.0335735600
-0.0288659900
-0.0228277900
-0.0172562100
-0.0140286200
-0.0127318900
-0.0133967000
-0.0129308700
-0.0128622400
-0.0130318500
-0.0162196000
-0.0145881700
-0.0147130800
-0.0200294800
-0.0219134000
-0.0205378000
-0.0195880900
-0.0236650000
-0.0247078500
-0.0233464000
-0.0275054100
-0.0290458300
-0.0243381600
-0.0238306200
-0.0248663900
-0.0248912900
-0.0217746300
-0.0165200000
-0.0128330700
-0.0129349700
-0.0094674330
-0.0067689160
-0.0077403990
-0.0078204560
-0.0014145970
0.0056938140
0.0072445670
0.0095498840
0.0167949200
0.0172236800
0.0165074500
0.0182679200
0.0174858100
0.0181372100
0.0172450400
0.0179389500
0.0206138200
0.0231515100
0.0229553100
0.0318690600
0.0338283300
0.0353791200
0.0398621400
0.0447316500
0.0489538100
0.0495289800
0.0469685600
0.0487020300
0.0475696600
0.0475032200
0.0479324100
0.0518066000
0.0532127800
0.0534342200
0.0536551000
0.0536964300
0.0560695700
0.0563003200
0.0546787800
0.0540388800
0.0532140800
0.0527078000
0.0500165900
0.0519187600
0.0495576000
0.0460706300
0.0483584100
0.0424941100
0.0366873200
0.0338745500
0.0343173900
0.0276460200
0.0249429700
0.0232822800
0.0186103900
0.0148242100
0.0100615400
0.0068821490
-0.0040290940
-0.0080894010
-0.0077301580
-0.0121470100
-0.0126620300
-0.0164369100
-0.0193874800
-0.0211996900
-0.0207027000
-0.0203781900
-0.0204854000
-0.0205502800
-0.0204269400
-0.0205462400
-0.0204140200
-0.0205568300
-0.0204339400
-0.0205496900
-0.0202797900
-0.0207775700
-0.0207550000
-0.0174814300
-0.0137644700
-0.0171200700
-0.0174675600
-0.0127821200
-0.0112700300
-0.0134252000
-0.0151820900
-0.0194920500
-0.0205111400
-0.0232585900
-0.0247492700
-0.0259104100
-0.0229065000
-0.0204847200
-0.0170701500
-0.0136666100
-0.0124172700
-0.0140201800
-0.0136781300
-0.0131804100
-0.0132919900
-0.0126403200
-0.0129428000
-0.0126763600
-0.0131273100
-0.0128934400
-0.0098829350
-0.0085321800
-0.0092098160
-0.0089083220
-0.0091295940
-0.0081788450
-0.0073291580
-0.0070181560
-0.0072398250
-0.0070658770
-0.0071735170
-0.0070902010
-0.0072188790
-0.0069676270
-0.0071274500
-0.0085543240
-0.0091420520
-0.0082218680
-0.0087794900
-0.0074196790
-0.0073125870
-0.0078525330
-0.0012152390
0.0065690840
0.0058710660
0.0060119240
0.0095392850
0.0141520200
0.0167290700
0.0159816400
0.0173597300
0.0178018300
0.0175962400
0.0210458700
0.0221253700
0.0186227600
0.0177888000
0.0151916800
0.0108346900
0.0085871880
0.0067008540
0.0062383430
0.0063903300
0.0062655770
0.0062517410
0.0063997500
0.0064753540
0.0045498940
0.0039320560
0.0074983990
0.0101637100
0.0085433280
0.0081654810
0.0074143860
0.0026878710
-0.0056410890
-0.0077526360
-0.0067320680
-0.0072868450
-0.0071021000
-0.0071685250
-0.0079103980
-0.0090342630
-0.0076091700
-0.0070158400
-0.0072825260
-0.0072058710
-0.0072892050
-0.0070939800
-0.0070905540
-0.0077073610
-0.0075906600
0.0002620981
0.0033939710
0.0017046580
0.0015696180
0.0024843640
0.0029606650
-0.0053475480
-0.0079225430
-0.0067089000
-0.0087542900
-0.0092492990
-0.0082604750
-0.0080888440
-0.0090970310
-0.0076224540
-0.0069063950
-0.0078551080
-0.0076137860
0.0002380572
0.0033453730
0.0010386320
0.0011859800
0.0019512060
0.0055889530
0.0061346250
0.0062944420
0.0074735220
0.0023554690
-0.0063139720
-0.0075737970
-0.0069764920
-0.0072933240
-0.0073387190
-0.0069914970
-0.0086289700
-0.0122815400
-0.0133523300
-0.0127630600
-0.0130374700
-0.0129608200
-0.0139079800
-0.0131639600
-0.0129340700
-0.0132604700
-0.0131925600
-0.0093096520
-0.0086226870
-0.0080481830
-0.0071047610
-0.0074626130
-0.0072759380
-0.0074048000
-0.0072875380
-0.0073953760
-0.0073068330
-0.0073942750
-0.0073175950
-0.0073875600
-0.0073165580
-0.0074553490
-0.0072885600
-0.0072035880
-0.0076895310
-0.0081056750
-0.0012167170
0.0062277890
0.0044927670
0.0062234440
0.0150843300
0.0178968000
0.0209400500
0.0213325600
0.0222907000
0.0213547800
0.0209836300
0.0226720300
0.0185074800
0.0174219000
0.0177237400
0.0147872300
0.0142903900
0.0116452900
0.0069256270
0.0018676020
-0.0062063230
-0.0077321540
-0.0071426530
-0.0072773320
-0.0081576360
-0.0091441700
-0.0095028380
-0.0088970180
-0.0084054360
-0.0122042000
-0.0138164900
-0.0091486270
-0.0088273320
-0.0080161630
-0.0073495510
-0.0082307970
-0.0077650700
-0.0072980150
-0.0075903640
-0.0073524890
-0.0074287280
-0.0077339820
-0.0077634240
-0.0023401780
0.0005404535
0.0012029180
0.0007970271
-0.0059284130
-0.0081145430
-0.0070788140
-0.0075458200
-0.0074145700
-0.0075943230
-0.0073792740
-0.0076426260
-0.0073395730
-0.0074072880
-0.0078594550
-0.0080668030
-0.0002004475
0.0058423990
0.0073928630
0.0090572020
0.0096932740
0.0149347500
0.0172477600
0.0165204800
0.0152917800
0.0098943590
0.0092656070
0.0085062350
0.0092223410
0.0102110200
0.0095151300
0.0094131400
0.0128299700
0.0178112800
0.0148842200
0.0141767400
0.0158838200
0.0179206400
0.0186681200
0.0141125000
0.0172058700
0.0190279100
0.0160297600
0.0152117000
0.0155691800
0.0155014700
0.0172068800
0.0160957900
0.0150345300
0.0155984500
0.0182307300
0.0158638100
0.0090954580
0.0065590690
0.0018977510
-0.0062619900
-0.0079748990
-0.0071846670
-0.0074678730
-0.0075468950
-0.0087775060
-0.0093929600
-0.0123071800
-0.0136274500
-0.0128970600
-0.0135389500
-0.0133538400
-0.0104233400
-0.0074304930
-0.0077854910
-0.0072947560
-0.0076514860
-0.0080034620
-0.0075177480
0.0004369164
-0.0046553530
-0.0088478790
-0.0070055080
-0.0076201660
-0.0073764680
-0.0077004870
-0.0073872150
-0.0076278320
-0.0074293030
-0.0076018480
-0.0074358230
-0.0076410280
-0.0073817930
-0.0074706630
-0.0078024640
-0.0078878300
-0.0016696190
0.0022520560
0.0047746930
0.0062629950
0.0070806560
0.0081002480
0.0092221890
0.0104656000
0.0080676310
0.0055896380
0.0055407250
0.0072088940
0.0034334560
0.0014428710
-0.0054809760
-0.0084590470
-0.0074111580
-0.0017274490
0.0022909370
0.0049724600
0.0063274020
0.0041518690
0.0054147400
0.0062387530
0.0067808820
0.0061749670
0.0050743630
0.0072252300
0.0081573140
0.0093285960
0.0101193500
0.0098292900
0.0087539070
0.0070809220
0.0032242520
0.0014482330
0.0010249490
-0.0058256490
-0.0080985930
-0.0069803350
-0.0072594990
-0.0078177980
-0.0079556920
-0.0000832151
0.0058666000
0.0075001940
0.0096640370
0.0083667830
0.0077232680
0.0097070790
0.0102395700
0.0083990950
0.0077526700
0.0080889900
0.0095002450
0.0103025000
0.0099183870
0.0086747250
0.0062015900
0.0031619740
-0.0054279460
-0.0080019110
-0.0068602610
-0.0073347280
-0.0072859150
-0.0073639540
-0.0072377840
-0.0073143620
-0.0073269220
-0.0072266710
-0.0070909360
-0.0077302520
-0.0077318910
-0.0000374527
0.0061149190
0.0075770620
0.0097005400
0.0085977190
0.0095679990
0.0089254280
0.0079739930
0.0068063670
0.0061179540
0.0062599540
0.0055148850
0.0075669340
0.0069930130
0.0061316680
0.0062731900
0.0046113390
0.0072625540
0.0086840930
0.0080287870
0.0082898450
0.0083506990
0.0082546710
0.0067800590
0.0068599840
0.0037375670
-0.0053293720
-0.0078194950
-0.0065528710
-0.0071216580
-0.0070362880
-0.0078155900
-0.0071818430
-0.0085818850
-0.0087493870
-0.0080540190
-0.0115220300
-0.0130575600
-0.0124969900
-0.0159868700
-0.0130337900
-0.0125668800
-0.0138409500
-0.0158570400
-0.0167784100
-0.0165096800
-0.0166212000
-0.0154206300
-0.0155260000
-0.0193505600
-0.0170351400
-0.0157224700
-0.0154747100
-0.0127008600
-0.0126373400
-0.0124992100
-0.0134050200
-0.0130224200
-0.0126407300
-0.0087741840
-0.0080745710
-0.0089907810
-0.0085896170
-0.0086905860
-0.0085842100
-0.0086942760
-0.0085942800
-0.0086439360
-0.0085414330
-0.0087450030
-0.0086129790
-0.0072018240
-0.0065137350
-0.0068973440
-0.0066399680
-0.0067972270
-0.0066043950
-0.0068611030
-0.0064819060
-0.0066649700
-0.0070951360
-0.0069615400
0.0008754029
0.0022693350
0.0019363160
0.0032786090
0.0017899590
0.0004475083
-0.0050918020
-0.0070065030
-0.0067520680
-0.0068561300
0.0009605517
0.0024503190
0.0017925490
0.0031873850
0.0057889080
0.0089394490
0.0087610520
0.0102467100
0.0094243680
0.0130729300
0.0127673000
0.0145475300
0.0164004300
0.0116226700
0.0106620400
0.0111814500
0.0096346290
0.0082845890
0.0090217430
0.0144476700
0.0154912800
0.0117440500
0.0164752000
0.0171010600
0.0147135100
0.0102866200
0.0102970300
0.0099628710
0.0074902850
0.0079881590
0.0045378440
0.0029619450
0.0032821200
0.0030423150
0.0074290810
0.0086287270
0.0043130740
0.0029748810
0.0029391150
0.0015179570
0.0030834960
0.0034495230
0.0035620560
0.0032852680
0.0033002380
0.0035177970
0.0072121940
0.0045690230
0.0069514420
0.0091211080
0.0041458920
0.0021114210
0.0035015210
-0.0036660030
-0.0070525520
-0.0055167910
-0.0061015340
-0.0059199730
-0.0061831870
-0.0058317230
-0.0059001280
-0.0064294820
-0.0062360910
-0.0001869306
0.0011130140
-0.0051544740
0.0010499360
0.0047143070
0.0029621720
0.0066156050
0.0092546940
0.0111206900
0.0115091100
0.0114845000
0.0107427300
0.0096863780
0.0094494030
0.0095157650
0.0111327300
0.0116713200
0.0114772600
0.0114513800
0.0117209300
0.0116020400
0.0102021400
0.0081054430
0.0077038730
0.0036417870
0.0034260400
-0.0030544250
-0.0071293440
-0.0056957650
0.0014941350
0.0078603860
0.0087301130
0.0111195300
0.0151457900
0.0187128000
0.0196497600
0.0169374800
0.0159184200
0.0134394200
0.0086654880
0.0085210750
0.0077520130
0.0051298480
0.0031092670
0.0030221890
-0.0041511040
-0.0059896560
-0.0053661600
-0.0053609980
-0.0056899900
-0.0054569160
-0.0055111260
-0.0052847670
-0.0071526980
-0.0074319150
-0.0059756230
-0.0050886970
-0.0055445740
-0.0058769190
-0.0058387170
0.0021925680
0.0045920240
0.0038962110
0.0079469050
0.0055608240
0.0039787590
0.0048498690
-0.0034208610
-0.0061303520
-0.0050152800
-0.0053060010
-0.0054161920
-0.0053957470
-0.0052773230
-0.0052726510
-0.0066947030
-0.0073646270
-0.0080433010
-0.0072371510
-0.0061649210
-0.0098797530
-0.0114592400
-0.0110070500
-0.0111618800
-0.0071355390
-0.0066636670
-0.0073799170
-0.0056663700
-0.0058244930
-0.0056428920
-0.0050945710
-0.0053429750
-0.0051691480
-0.0053131320
-0.0051513040
-0.0053013110
-0.0051451060
-0.0052949850
-0.0051204360
-0.0052861300
-0.0051640980
-0.0052487050
-0.0048929350
-0.0056863000
-0.0056550240
0.0012303200
0.0089680620
0.0086201430
0.0079781400
0.0051978440
0.0080791360
0.0057558070
0.0031008650
-0.0029477610
-0.0059999610
-0.0045876580
-0.0053359740
-0.0048561460
-0.0052855530
-0.0063931210
-0.0070938910
-0.0068722850
-0.0087136510
-0.0060173700
-0.0047203050
-0.0052702550
-0.0051947100
-0.0049323360
-0.0048385500
-0.0079634560
-0.0107538800
-0.0108402000
-0.0101051000
-0.0094771670
-0.0098014450
-0.0136413000
-0.0152107900
-0.0129173000
-0.0127479200
-0.0111624200
-0.0106703800
-0.0109713100
-0.0109541200
-0.0077911290
-0.0066437160
-0.0056246450
-0.0049620510
-0.0050969530
-0.0048554810
-0.0054622040
-0.0056246460
0.0015421830
0.0082804150
0.0082224560
0.0074478070
0.0096150300
0.0106381800
0.0100019900
0.0121410700
0.0123945700
0.0104682900
0.0114282300
0.0164103000
0.0167604100
0.0157811000
0.0136133200
0.0151481700
0.0175991900
0.0168249800
0.0138571700
0.0161733700
0.0178533500
0.0114804700
0.0114641700
0.0114420000
0.0087918410
0.0053581280
0.0035401420
0.0030682840
0.0026042070
0.0027061730
0.0026338100
0.0039417320
0.0045531970
0.0074245340
0.0087475440
0.0082520300
0.0085809200
0.0057634710
0.0030648870
-0.0033956680
-0.0056834620
-0.0047412710
-0.0051184800
-0.0047526000
-0.0064871710
-0.0100438800
-0.0111380800
-0.0105481300
-0.0109198000
-0.0107199800
-0.0108338400
-0.0109199800
-0.0111331300
-0.0078042480
-0.0052202060
-0.0051113030
-0.0052477000
-0.0051015160
-0.0051464760
-0.0051112340
-0.0051724060
-0.0051147330
-0.0051760060
-0.0051238210
-0.0051830030
-0.0051320850
-0.0051889350
-0.0051417900
-0.0051946380
-0.0051520490
-0.0051984860
-0.0051675380
-0.0052013940
-0.0051702140
-0.0052072990
-0.0052523180
-0.0051096370
-0.0050658580
-0.0057719930
-0.0054421110
0.0023046190
0.0039255240
0.0016197020
0.0027085640
0.0038363840
0.0048306690
0.0024811770
0.0032110550
0.0030575770
0.0028542960
-0.0037774640
-0.0057449140
-0.0049299530
-0.0055492940
-0.0056210460
0.0005882114
0.0030785500
0.0051059060
0.0050372650
0.0039523570
0.0043363280
0.0040554180
0.0048246740
0.0045351090
-0.0032009950
-0.0062821390
-0.0047898630
-0.0054772660
-0.0052445560
-0.0055303900
-0.0052411560
-0.0054905860
-0.0052956380
-0.0054810630
-0.0053208310
-0.0054783180
-0.0053483470
-0.0054768540
-0.0053574440
-0.0055003460
-0.0054187040
-0.0053576690
-0.0053867110
-0.0069754740
-0.0072293270
-0.0070871370
-0.0103565100
-0.0115151900
-0.0108977500
-0.0115096900
-0.0113330600
-0.0075128550
-0.0058483750
-0.0074580350
-0.0074262490
-0.0074921740
-0.0058058700
-0.0054820650
-0.0055462890
-0.0056289420
-0.0054752530
-0.0056368930
-0.0054896380
-0.0056516810
-0.0054907610
-0.0057274610
-0.0054230320
-0.0055766600
-0.0059194430
-0.0059788890
0.0005159691
0.0027849520
0.0018212780
0.0019757890
0.0020503020
0.0036526540
0.0041279320
0.0023618830
0.0031400120
0.0040489760
0.0075431760
0.0083598480
0.0088040580
0.0100930600
0.0109653400
0.0103563000
0.0108521900
0.0120956900
0.0100016500
0.0097426600
0.0073086030
0.0073850310
0.0079327090
0.0078664220
0.0050937050
0.0023508120
-0.0040626730
-0.0063948040
-0.0053586150
-0.0058610960
-0.0057161230
-0.0058950340
-0.0057110510
-0.0058747100
-0.0057478330
-0.0058751310
-0.0057624340
-0.0058819960
-0.0057750340
-0.0058919610
-0.0057821810
-0.0059089280
-0.0057862030
-0.0059159930
-0.0057891240
-0.0059987900
-0.0056987210
-0.0058303870
-0.0062903390
-0.0062284600
0.0014987160
0.0043333440
0.0060633830
0.0093949180
0.0108905700
0.0118051800
0.0111185100
0.0099901080
0.0107811800
0.0117834600
0.0097120250
0.0109404600
0.0098975190
0.0107696900
0.0118865000
0.0112947800
0.0076600280
0.0075053450
0.0051652450
-0.0043094480
-0.0066237790
-0.0055184280
-0.0059893540
-0.0059466330
-0.0061270410
-0.0058308870
-0.0059340160
-0.0063050530
-0.0064360610
0.0000506192
0.0038180560
0.0034750050
0.0034894620
0.0027788520
0.0022980470
0.0019623650
-0.0042756570
-0.0067507480
-0.0055883880
-0.0061074470
-0.0059403560
-0.0061493210
-0.0059308950
-0.0061151900
-0.0059668320
-0.0061034210
-0.0059834430
-0.0060964840
-0.0059883490
-0.0060926520
-0.0060520130
-0.0060215680
-0.0058853700
-0.0065139860
-0.0062733860
-0.0000968113
0.0029865310
0.0028135460
0.0065991340
0.0075194380
0.0090050020
0.0092308680
0.0084166470
0.0106217200
0.0117601900
0.0086504740
0.0089664970
0.0094874610
0.0094725930
0.0079821790
0.0071663520
0.0043089170
0.0069581850
0.0081446130
0.0072685200
0.0076152110
0.0043285620
0.0031755780
0.0037671520
0.0035513000
0.0033100190
0.0033125470
0.0073973520
0.0079974110
0.0070491060
0.0073516140
0.0088371170
0.0095773170
0.0106776400
0.0099683000
0.0107222800
0.0100849500
0.0086459170
0.0102827100
0.0146778500
0.0142915800
0.0154609100
0.0189256500
0.0186061400
0.0229002800
0.0232154600
0.0225639100
0.0229967400
0.0238019700
0.0199401800
0.0186841800
0.0194480400
0.0161140400
0.0124466100
0.0115672900
0.0115378100
0.0099006570
0.0070999990
0.0072484910
0.0045733630
0.0033860760
0.0037914360
0.0013425280
0.0012713140
0.0019430980
0.0016583210
0.0030914990
0.0035361960
0.0064835740
0.0080067720
0.0082317030
0.0048356980
0.0028725010
0.0038340860
0.0065821650
0.0078773280
0.0071012770
0.0091829810
0.0094953210
0.0095222770
0.0093141640
0.0095856080
0.0094389040
0.0096045380
0.0080260370
0.0076389530
0.0042529240
0.0011063120
-0.0043985720
-0.0064226450
-0.0055274360
-0.0059589190
-0.0058245860
-0.0059595620
-0.0058075570
-0.0059196590
-0.0058250150
-0.0058968430
-0.0058237800
-0.0058792650
-0.0058211940
-0.0058636820
-0.0058159570
-0.0058497380
-0.0058093820
-0.0058366540
-0.0058017060
-0.0058241670
-0.0057933390
-0.0058123140
-0.0057836050
-0.0058006850
-0.0057760630
-0.0057889250
-0.0057532030
-0.0057941870
-0.0057844430
-0.0056637490
-0.0056856710
-0.0071795670
-0.0077533900
-0.0074549120
-0.0076078740
-0.0075352250
-0.0075356930
-0.0075138490
-0.0083796820
-0.0079250490
-0.0074648700
-0.0061533720
-0.0055164970
-0.0056984640
-0.0057169020
-0.0064766750
-0.0056657080
-0.0055492460
-0.0087625540
-0.0080525780
-0.0069496650
-0.0106283300
-0.0116490100
-0.0111833800
-0.0113192100
-0.0112950200
-0.0112663600
-0.0115214600
-0.0114161500
-0.0082520990
-0.0071361460
-0.0077039860
-0.0059160940
-0.0054450360
-0.0055822600
-0.0055990350
-0.0055018610
-0.0055661650
-0.0054962730
-0.0055637360
-0.0054744730
-0.0055606290
-0.0054553730
-0.0055492370
-0.0054332600
-0.0056033470
-0.0053386860
-0.0054343560
-0.0058011290
-0.0058169350
0.0010622020
0.0045827330
0.0075551830
0.0086779670
0.0076095860
0.0082375190
0.0079188850
0.0081599080
0.0078339920
0.0084548360
0.0080460760
0.0050033820
0.0034832310
0.0045809330
-0.0032713870
-0.0062023760
-0.0049482410
-0.0053494070
-0.0053386270
-0.0054076170
-0.0053014800
-0.0053548660
-0.0053222950
-0.0053328360
-0.0053170860
-0.0053149610
-0.0053125100
-0.0052992320
-0.0053054420
-0.0052852280
-0.0052975730
-0.0052720540
-0.0052891960
-0.0052595450
-0.0052805290
-0.0052474280
-0.0052717620
-0.0052356710
-0.0052629480
-0.0052241530
-0.0052541990
-0.0052128910
-0.0052454830
-0.0052017390
-0.0052369120
-0.0051907980
-0.0052284650
-0.0051800030
-0.0052201750
-0.0051694050
-0.0052120270
-0.0051589180
-0.0052039500
-0.0051487610
-0.0051961780
-0.0051384930
-0.0051875730
-0.0051313490
-0.0051802650
-0.0051120160
-0.0051736570
-0.0051570940
-0.0051047360
-0.0049495750
-0.0055975260
-0.0054095620
0.0009179671
0.0046576720
0.0032919790
0.0071537320
0.0086631190
0.0097625400
0.0104033400
0.0102577000
0.0102924600
0.0103759300
0.0102328700
0.0103239200
0.0105073400
0.0104598000
0.0071513510
0.0075062160
0.0090551890
0.0092167260
0.0053546080
0.0040930390
0.0087466400
0.0059923220
0.0038655330
0.0048210750
0.0044444690
0.0047273150
0.0044409100
0.0045100110
0.0034588000
0.0044326720
-0.0027446950
-0.0059498840
-0.0045302640
-0.0050718530
-0.0049435280
-0.0051143200
-0.0049332590
-0.0050536480
-0.0049740850
-0.0050259200
-0.0049888160
-0.0050035820
-0.0050024760
-0.0049786240
-0.0050311100
-0.0049563670
-0.0049807740
-0.0049973320
-0.0056924840
-0.0051190870
-0.0063624460
-0.0071304010
-0.0065410480
-0.0058502380
-0.0095946830
-0.0118843300
-0.0107973900
-0.0106337400
-0.0104276700
-0.0101353800
-0.0135464600
-0.0110893800
-0.0103243600
-0.0144680100
-0.0148340200
-0.0131026900
-0.0106736900
-0.0107466000
-0.0122838500
-0.0113524600
-0.0103531000
-0.0108125600
-0.0105264600
-0.0110693600
-0.0106695900
-0.0069918550
-0.0061446110
-0.0073273780
-0.0051658620
-0.0050264920
-0.0047906140
-0.0050121920
-0.0053174880
-0.0053648950
0.0024608250
0.0052182190
0.0070001160
0.0102853700
0.0119694900
0.0126234700
0.0106771400
0.0103186500
0.0102581600
0.0110726600
0.0121952400
0.0124349500
0.0108351400
0.0103214600
0.0089612750
0.0083340220
0.0086141780
0.0083753050
0.0084520730
0.0099980550
0.0106451300
0.0103143100
0.0104942300
0.0104511700
0.0103694800
0.0103495600
0.0119708400
0.0125380800
0.0121667700
0.0124515600
0.0125602800
0.0108125300
0.0078243250
0.0095865990
0.0108218700
0.0102731800
0.0088648470
0.0080844360
0.0084001950
0.0092841120
0.0095022490
0.0054347300
0.0040807440
0.0047672280
0.0036527210
0.0034838930
0.0031525120
0.0020356680
-0.0036897240
-0.0055541990
-0.0047773620
-0.0049250070
-0.0048774550
-0.0055696470
-0.0052061430
0.0023779720
0.0043606180
0.0033277780
0.0075159030
0.0096308470
0.0100341100
0.0112667800
0.0119753500
0.0102029800
0.0111852400
0.0095563750
0.0093128920
0.0099364610
0.0074650210
0.0074349520
0.0054199450
0.0024289040
-0.0036163150
-0.0059656320
-0.0047996120
-0.0054366230
-0.0051669080
-0.0053194630
-0.0050511390
-0.0067166590
-0.0070309320
-0.0069438850
-0.0068570260
-0.0069695290
-0.0068477050
-0.0068883160
-0.0067799600
-0.0069613280
-0.0067470060
-0.0054862340
-0.0055188570
-0.0054210150
-0.0047933590
-0.0050921590
-0.0048573420
-0.0050205690
-0.0048191720
-0.0049684560
-0.0047877750
-0.0049164700
-0.0047483450
-0.0048652760
-0.0047060020
-0.0048128650
-0.0046609620
-0.0047589430
-0.0046137580
-0.0047030360
-0.0045648600
-0.0046449780
-0.0045141490
-0.0045835130
-0.0044658030
-0.0045187590
-0.0044040280
-0.0044569150
-0.0044079560
-0.0042940310
-0.0041895810
-0.0048229340
-0.0043575610
0.0023498130
0.0035093660
0.0030465430
0.0078728450
0.0078257800
0.0073773600
0.0073000530
0.0075595920
0.0070926280
0.0073274700
0.0084463490
0.0091255550
0.0074203470
0.0071307950
0.0043213310
0.0036047120
0.0036522070
0.0023684040
0.0021190650
0.0023900170
-0.0032164310
-0.0050150640
-0.0042367230
-0.0043907450
-0.0044632630
-0.0043529960
-0.0043875350
-0.0042438960
-0.0043433950
-0.0041515570
-0.0043325660
-0.0039994050
-0.0041421140
-0.0043031250
-0.0043782220
0.0009614185
0.0026491160
0.0025071980
0.0029717540
0.0034935050
0.0024739940
0.0029621250
0.0029453920
0.0032632290
-0.0021624800
-0.0048041600
-0.0034896640
-0.0040308390
-0.0037505120
-0.0039706260
-0.0036610060
-0.0038810600
-0.0035837320
-0.0036356310
-0.0037586390
-0.0040107010
0.0003914450
0.0039877900
0.0027318000
-0.0024836840
-0.0039547510
-0.0030878840
-0.0034564290
-0.0032804330
-0.0033970540
-0.0031558380
-0.0032901860
-0.0030715510
-0.0032380520
-0.0029188420
-0.0030450930
-0.0031348620
-0.0032003620
0.0013538790
0.0030387320
0.0043185360
0.0042370080
0.0056349390
0.0068123750
0.0061263640
0.0059342950
0.0059753610
0.0052504160
0.0050589710
0.0061002460
0.0060134930
0.0059243800
0.0047268000
0.0054149620
0.0058763810
0.0056563870
0.0054934200
0.0049728520
0.0062479450
0.0068123670
0.0064347740
0.0064861630
0.0062623290
0.0062609160
0.0071063770
0.0074421630
0.0071029210
0.0071255710
0.0069575880
0.0069040710
0.0067174070
0.0067732350
0.0065534350
0.0055342150
0.0051368960
0.0052839920
0.0036168010
0.0027027600
0.0029809890
0.0026751560
0.0032707210
0.0045221860
0.0033086500
0.0039882770
0.0032989480
0.0028840470
0.0033130930
0.0029622670
0.0029778490
0.0034047390
0.0035569370
0.0012582800
-0.0001149798
-0.0003590589
0.0005665325
0.0008075383
-0.0036247670
-0.0050895680
-0.0043113170
-0.0045588720
-0.0044376330
-0.0044908930
-0.0043143430
-0.0043688880
-0.0042246420
-0.0042605790
-0.0041191030
-0.0041564160
-0.0040127240
-0.0040478030
-0.0039019110
-0.0039709480
-0.0037576760
-0.0037788900
-0.0038645270
-0.0038926020
-0.0007322865
0.0005250723
-0.0004060918
-0.0029428650
-0.0037995760
-0.0032817890
-0.0034555490
-0.0033258590
-0.0033423340
-0.0032061920
-0.0032111430
-0.0031042500
-0.0030871930
-0.0029925340
-0.0029657770
-0.0028797530
-0.0028452050
-0.0027654670
-0.0027254160
-0.0026504520
-0.0026060850
-0.0025349750
-0.0024872160
-0.0024193490
-0.0023687930
-0.0023037630
-0.0022508790
-0.0021884180
-0.0021335110
-0.0020734510
-0.0020167740
-0.0019590400
-0.0019007410
-0.0018453160
-0.0017854980
-0.0017324520
-0.0016711030
-0.0016205550
-0.0015576360
-0.0015098260
-0.0014451140
-0.0014004430
-0.0013336390
-0.0012924580
-0.0012228820
-0.0011872400
-0.0011130960
-0.0010799560
-0.0010058620
-0.0009954727
-0.0008709242
-0.0008434092
-0.0009438590
-0.0008221269
0.0013038090
0.0016998220
0.0015664040
0.0018973150
0.0013359750
0.0016329960
0.0014894000
0.0012663760
-0.0002250173
-0.0007745914
-0.0004512134
-0.0005310617
-0.0004426984
-0.0004652861
-0.0003241682
-0.0003331706
-0.0003844807
-0.0002992756
0.0013603500
0.0015486960
0.0014768970
0.0025077840
0.0024994790
0.0019572310
0.0019840660
0.0025012450
0.0028404730
0.0024974910
0.0022550170
0.0025207220
0.0032028180
0.0033118600
0.0029082550
0.0024983130
0.0027804110
0.0023325660
0.0016627110
0.0016891890
0.0015829630
0.0013708820
0.0011726310
0.0008123935
0.0005517016
0.0005322402
0.0003910262
0.0005738189
-0.0003557513
-0.0006801897
-0.0005048875
-0.0005140968
-0.0004917125
-0.0004611705
-0.0004299286
-0.0003981328
-0.0003770498
-0.0003410419
-0.0003240307
-0.0002868830
-0.0002727440
-0.0002353153
-0.0002290074
-0.0001808936
-0.0001691763
-0.0001718112
-0.0001588386
0.0003579709
0.0005735190
0.0005433795
0.0005772465
0.0007470540
0.0007055134
0.0007959582
0.0008774119
0.0007839151
0.0007727338
0.0007157348
0.0007079555
0.0006476031
0.0005413763
0.0004834666
0.0005201091
0.0002914332
0.0002092147
0.0002476665
0.0002220565
-0.0001250286
-0.0002370921
-0.0001652184
-0.0001763111
-0.0001589109
-0.0001538745
-0.0001347091
-0.0001297104
-0.0001148342
-0.0001086102
-0.0000957065
-0.0000896271
-0.0000783742
-0.0000725671
-0.0000626945
-0.0000573560
-0.0000486939
-0.0000439021
-0.0000363381
-0.0000321421
-0.0000255913
-0.0000220136
-0.0000164085
-0.0000134571
-0.0000087421
-0.0000064152
-0.0000025396
-0.0000008291
0.0000022493
0.0000033560
0.0000056793
0.0000061989
0.0000078034
0.0000077551
0.0000086791
0.0000080824
0.0000083592
0.0000072373
0.0000069021
0.0000052763
0.0000043619
0.0000022575
0.0000007966
-0.0000017635
-0.0000037393
-0.0000067300
-0.0000091894
-0.0000125863
-0.0000154987
-0.0000192768
-0.0000226115
-0.0000267467
-0.0000304745
-0.0000349421
-0.0000390334
-0.0000438090
-0.0000482358
-0.0000532960
-0.0000580290
-0.0000633512
-0.0000683630
-0.0000739239
-0.0000791859
-0.0000849693
-0.0000904513
-0.0000964208
-0.0001021151
-0.0001083181
-0.0001140398
-0.0001203087
-0.0001268835
-0.0001330344
-0.0001337160
-0.0001396517
-0.0001484636
-0.0001559333
-0.0001632198
-0.0001698175
-0.0001798994
-0.0001875917
-0.0001935709
-0.0002002795
-0.0002067682
-0.0002133621
-0.0002198429
-0.0002264379
-0.0002329463
-0.0002395197
-0.0002460250
-0.0002525731
-0.0002590606
-0.0002655725
-0.0002720289
-0.0002784951
-0.0002849091
-0.0002913206
-0.0002976821
-0.0003040308
-0.0003103311
-0.0003166100
-0.0003228416
-0.0003290448
-0.0003352016
-0.0003413242
-0.0003474012
-0.0003534397
-0.0003594330
-0.0003653849
-0.0003712921
-0.0003771562
-0.0003829760
-0.0003887521
0.0000000000
