0.0010358700
0.0010371300
0.0010385040
0.0010400970
0.0010420490
0.0010445210
0.0010476650
0.0010515830
0.0010563310
0.0010618120
0.0010677620
0.0010738510
0.0010797080
0.0010848240
0.0010887450
0.0010913670
0.0010926280
0.0010924390
0.0010909160
0.0010883500
0.0010847590
0.0010800670
0.0010744160
0.0010683050
0.0010624760
0.0010572200
0.0010523980
0.0010479310
0.0010436960
0.0010396350
0.0010357390
0.0010321630
0.0010292320
0.0010274700
0.0010274830
0.0010300030
0.0010352450
0.0010409370
0.0010426780
0.0010368180
0.0010202150
0.0009903324
0.0009487366
0.0009013622
0.0008521468
0.0008036508
0.0007595979
0.0007219707
0.0006893090
0.0006584882
0.0006252625
0.0005849182
0.0005363405
0.0004848371
0.0004334122
0.0003792937
0.0003240156
0.0002718052
0.0002229090
0.0001755900
0.0001281300
0.0000787834
0.0000262053
-0.0000297767
-0.0000874992
-0.0001429552
-0.0001895220
-0.0002179660
-0.0002171087
-0.0001778601
-0.0001007669
0.0000066173
0.0001354267
0.0002760285
0.0004198855
0.0005619282
0.0006990160
0.0008256369
0.0009381520
0.0010375620
0.0011234210
0.0011945730
0.0012571570
0.0013224000
0.0014014550
0.0015043230
0.0016376800
0.0018016600
0.0019863840
0.0021711770
0.0023370690
0.0024789350
0.0025964460
0.0026905370
0.0027642490
0.0028210350
0.0028632010
0.0028907230
0.0029008650
0.0028883720
0.0028464370
0.0027682890
0.0026497270
0.0024919530
0.0023056730
0.0021106340
0.0019236860
0.0017529810
0.0015944030
0.0014351450
0.0012604050
0.0010565930
0.0008165109
0.0005444999
0.0002528708
-0.0000478452
-0.0003536200
-0.0006673870
-0.0009874398
-0.0013015310
-0.0015863820
-0.0018272590
-0.0020353590
-0.0022152060
-0.0023502460
-0.0024163090
-0.0023904130
-0.0022668340
-0.0020582130
-0.0017910210
-0.0014930310
-0.0011925610
-0.0009313980
-0.0007524394
-0.0006803917
-0.0007092120
-0.0008009032
-0.0009168814
-0.0010205710
-0.0010668970
-0.0010083600
-0.0008007961
-0.0004093423
0.0001821029
0.0009618292
0.0019025640
0.0029877940
0.0042003390
0.0055108110
0.0068734890
0.0082291870
0.0095242730
0.0107199700
0.0117934100
0.0127063100
0.0133999100
0.0138457300
0.0140565500
0.0140821400
0.0140103500
0.0139552100
0.0140282800
0.0143139300
0.0148496800
0.0156336500
0.0166468100
0.0178530700
0.0192007500
0.0206264600
0.0220705600
0.0235036000
0.0249405300
0.0264349900
0.0280256600
0.0297016900
0.0313803900
0.0329166100
0.0341409800
0.0349119800
0.0351529800
0.0348364400
0.0339646400
0.0325243800
0.0305058900
0.0279168700
0.0247680900
0.0210911300
0.0169602900
0.0124769300
0.0077522060
0.0029127590
-0.0019229800
-0.0067133680
-0.0114598300
-0.0161542500
-0.0207928800
-0.0253700400
-0.0298310700
-0.0340761400
-0.0379874400
-0.0414502100
-0.0443737500
-0.0467012500
-0.0484250200
-0.0495831600
-0.0502359600
-0.0504347100
-0.0502195000
-0.0496247000
-0.0486881900
-0.0474739500
-0.0460843100
-0.0446243900
-0.0431804300
-0.0418460900
-0.0407040600
-0.0397844200
-0.0390675000
-0.0384991800
-0.0380196200
-0.0375672600
-0.0370562900
-0.0364252700
-0.0356859100
-0.0348478900
-0.0338895300
-0.0328202100
-0.0316510000
-0.0303348700
-0.0288157200
-0.0270594000
-0.0249995400
-0.0225445500
-0.0196291100
-0.0162167100
-0.0123032800
-0.0079480960
-0.0032921770
0.0014646400
0.0060827310
0.0103268400
0.0140064900
0.0170020200
0.0192319100
0.0206682300
0.0213596600
0.0214325800
0.0210809900
0.0205470000
0.0200934200
0.0199478100
0.0202620600
0.0210801300
0.0223250200
0.0238015300
0.0252288800
0.0262855400
0.0266768400
0.0261722200
0.0246472500
0.0221585500
0.0189326800
0.0151987200
0.0111707500
0.0070546590
0.0030473410
-0.0006543855
-0.0038528220
-0.0063715430
-0.0081114170
-0.0091020690
-0.0095291840
-0.0096784960
-0.0098875710
-0.0104788900
-0.0116952200
-0.0136526500
-0.0163657300
-0.0197765100
-0.0237402700
-0.0280541400
-0.0325357300
-0.0369970700
-0.0412003100
-0.0448901000
-0.0478064300
-0.0496602700
-0.0501609700
-0.0490565800
-0.0461512600
-0.0413269900
-0.0346037000
-0.0261838000
-0.0164105600
-0.0057276010
0.0054282530
0.0167356800
0.0280150100
0.0390688000
0.0496208300
0.0593331800
0.0678929800
0.0751233500
0.0809042400
0.0851701600
0.0879680900
0.0893898300
0.0894143800
0.0879914500
0.0851341400
0.0809166800
0.0755282300
0.0693068700
0.0626812300
0.0560454300
0.0497508900
0.0440551800
0.0389763700
0.0342571400
0.0294524300
0.0240910500
0.0178587500
0.0106053400
0.0023940780
-0.0064627370
-0.0154821600
-0.0241836900
-0.0321270400
-0.0389512000
-0.0444322000
-0.0485035600
-0.0511878300
-0.0525653300
-0.0527342300
-0.0518169200
-0.0499615100
-0.0472853000
-0.0438684500
-0.0397562000
-0.0350517800
-0.0299864500
-0.0248370900
-0.0198773000
-0.0153185600
-0.0112455100
-0.0075912640
-0.0042543870
-0.0011786160
0.0017302190
0.0045773140
0.0073972560
0.0101929600
0.0129792400
0.0157239800
0.0183323200
0.0206926800
0.0227179100
0.0243996900
0.0258220500
0.0271465500
0.0285600900
0.0302267400
0.0322392700
0.0345869200
0.0371483800
0.0396944100
0.0418954700
0.0433167900
0.0434456800
0.0417521400
0.0378471100
0.0316262700
0.0232328100
0.0130577300
0.0016760750
-0.0102264100
-0.0219878800
-0.0330281000
-0.0428831300
-0.0512013400
-0.0577436900
-0.0623469600
-0.0649375600
-0.0655283800
-0.0641407600
-0.0607905200
-0.0555449700
-0.0485693500
-0.0401414300
-0.0306950300
-0.0208035500
-0.0110270300
-0.0018248030
0.0064653070
0.0136626100
0.0197298800
0.0247487500
0.0288744300
0.0322513800
0.0349753100
0.0370841000
0.0385873300
0.0395164400
0.0399426300
0.0399790900
0.0397056700
0.0391538300
0.0383006500
0.0370889900
0.0354648100
0.0334096600
0.0309856800
0.0283730000
0.0258335400
0.0236145800
0.0218597400
0.0205674000
0.0196899500
0.0191289600
0.0187070100
0.0182374900
0.0176042800
0.0168142300
0.0160014300
0.0153159200
0.0148795700
0.0147559200
0.0149854800
0.0156030900
0.0165460500
0.0176773100
0.0189332200
0.0203127000
0.0218226300
0.0234029000
0.0248817500
0.0260177600
0.0264830900
0.0258422800
0.0236230500
0.0194175700
0.0130158400
0.0044877130
-0.0058893130
-0.0176457600
-0.0302056700
-0.0429803000
-0.0554345100
-0.0671147900
-0.0776945600
-0.0870106300
-0.0949405100
-0.1012724000
-0.1057869000
-0.1083459000
-0.1089684000
-0.1078861000
-0.1054912000
-0.1021898000
-0.0982512500
-0.0937831200
-0.0887579200
-0.0831299800
-0.0768942500
-0.0701277500
-0.0630086600
-0.0558228800
-0.0489422400
-0.0428003900
-0.0378513300
-0.0344916200
-0.0329750300
-0.0333405400
-0.0353557500
-0.0385498600
-0.0423606800
-0.0462711000
-0.0498455200
-0.0526938700
-0.0543501000
-0.0544082000
-0.0526630400
-0.0490472600
-0.0436273900
-0.0365477600
-0.0280123100
-0.0182600600
-0.0075941030
0.0036058200
0.0149302800
0.0259044400
0.0359764400
0.0447171400
0.0519438300
0.0576284600
0.0619079000
0.0650523500
0.0673406300
0.0689725300
0.0701038100
0.0708238700
0.0710872200
0.0707839500
0.0698177800
0.0680980300
0.0655585800
0.0621630100
0.0578881600
0.0527082500
0.0466987100
0.0400593700
0.0329357700
0.0253614900
0.0172325900
0.0084088940
-0.0011688430
-0.0114338500
-0.0221372200
-0.0328650700
-0.0431394500
-0.0525250300
-0.0606045900
-0.0670350500
-0.0716212800
-0.0742757500
-0.0749402800
-0.0735953100
-0.0702555700
-0.0648916200
-0.0575101000
-0.0482565100
-0.0374446900
-0.0255651100
-0.0131951900
-0.0009687182
0.0104814200
0.0206328600
0.0291389900
0.0357717500
0.0404364300
0.0431935100
0.0442626600
0.0439845500
0.0426612300
0.0405178400
0.0377726000
0.0346364500
0.0313032900
0.0279496100
0.0247382900
0.0218247200
0.0193285900
0.0172893000
0.0156594100
0.0143209100
0.0131540800
0.0120249600
0.0107350800
0.0090860320
0.0069398790
0.0042181710
0.0009128156
-0.0029091340
-0.0070193200
-0.0109803200
-0.0143109500
-0.0165601100
-0.0172575400
-0.0160255300
-0.0126849500
-0.0072056600
0.0003125102
0.0096610940
0.0205243600
0.0325177400
0.0452213300
0.0582270300
0.0712224000
0.0839950500
0.0963705900
0.1082099000
0.1193820000
0.1296734000
0.1387855000
0.1464284000
0.1523702000
0.1564850000
0.1588015000
0.1595544000
0.1591736000
0.1581882000
0.1570298000
0.1559331000
0.1548890000
0.1536942000
0.1519985000
0.1493625000
0.1452630000
0.1391212000
0.1304530000
0.1189100000
0.1041876000
0.0861024500
0.0646773500
0.0401328500
0.0129261000
-0.0163073500
-0.0467425500
-0.0774325000
-0.1074472000
-0.1359910000
-0.1623984000
-0.1861496000
-0.2068081000
-0.2240012000
-0.2374324000
-0.2469482000
-0.2525707000
-0.2544344000
-0.2528482000
-0.2483266000
-0.2414867000
-0.2330028000
-0.2234942000
-0.2135147000
-0.2035495000
-0.1939686000
-0.1850188000
-0.1768522000
-0.1695170000
-0.1629565000
-0.1571030000
-0.1518943000
-0.1471454000
-0.1425282000
-0.1376098000
-0.1318315000
-0.1245630000
-0.1152918000
-0.1037242000
-0.0897715300
-0.0736141800
-0.0556969100
-0.0366563600
-0.0172396300
0.0018354050
0.0199209000
0.0364407500
0.0509401600
0.0630993600
0.0726713000
0.0794623300
0.0833034400
0.0840941700
0.0818706300
0.0768130700
0.0692755900
0.0597066900
0.0485689300
0.0362749400
0.0232330000
0.0098588160
-0.0034807900
-0.0164562900
-0.0287696900
-0.0401695900
-0.0504542500
-0.0594217700
-0.0668909500
-0.0727420900
-0.0769324400
-0.0795031400
-0.0805845100
-0.0804256100
-0.0793995000
-0.0779320100
-0.0763539200
-0.0749110800
-0.0737499800
-0.0727989700
-0.0717771800
-0.0703511100
-0.0681998200
-0.0650809200
-0.0608706400
-0.0555897700
-0.0493743300
-0.0424101400
-0.0347914600
-0.0265306700
-0.0175859800
-0.0078818070
0.0026586730
0.0140858300
0.0263539700
0.0392672800
0.0525481100
0.0658807900
0.0788920700
0.0911635800
0.1022681000
0.1117912000
0.1193725000
0.1247991000
0.1280747000
0.1293527000
0.1289290000
0.1271470000
0.1243391000
0.1207910000
0.1167755000
0.1125541000
0.1083178000
0.1041927000
0.1002484000
0.0964958700
0.0929014800
0.0894357500
0.0860980300
0.0829334800
0.0800473600
0.0775967100
0.0757321900
0.0745663500
0.0742100100
0.0747334900
0.0761305700
0.0783348900
0.0812374100
0.0847036300
0.0885521400
0.0925085500
0.0962611000
0.0995379000
0.1020743000
0.1036253000
0.1040500000
0.1033426000
0.1016013000
0.0989846800
0.0956443400
0.0916712900
0.0870793600
0.0818417100
0.0758963600
0.0691505800
0.0614987000
0.0528490800
0.0431398800
0.0323382400
0.0203774900
0.0072178050
-0.0070872890
-0.0223838900
-0.0383983700
-0.0547168700
-0.0707557800
-0.0857477400
-0.0987947600
-0.1089604000
-0.1154159000
-0.1175681000
-0.1150713000
-0.1079055000
-0.0963623800
-0.0809854000
-0.0625249500
-0.0418564000
-0.0199042100
0.0025180080
0.0247287300
0.0461607600
0.0663492500
0.0849222700
0.1016163000
0.1162692000
0.1288043000
0.1392701000
0.1478532000
0.1547571000
0.1601629000
0.1641742000
0.1668013000
0.1679603000
0.1674923000
0.1651895000
0.1607553000
0.1539074000
0.1445064000
0.1325465000
0.1181112000
0.1013705000
0.0825778200
0.0620063000
0.0399352500
0.0166313500
-0.0076861320
-0.0328259600
-0.0585460400
-0.0845054600
-0.1102964000
-0.1354660000
-0.1595758000
-0.1821783000
-0.2028517000
-0.2212690000
-0.2371996000
-0.2504174000
-0.2607201000
-0.2679415000
-0.2719436000
-0.2726419000
-0.2699631000
-0.2638758000
-0.2543784000
-0.2414674000
-0.2251702000
-0.2056486000
-0.1832453000
-0.1584199000
-0.1318070000
-0.1042305000
-0.0765678500
-0.0496729800
-0.0243137800
-0.0010986360
0.0195890300
0.0375860800
0.0529309100
0.0657837000
0.0764342900
0.0852982000
0.0928459400
0.0994807000
0.1055081000
0.1111232000
0.1164615000
0.1216396000
0.1267970000
0.1320848000
0.1376426000
0.1435825000
0.1499965000
0.1570068000
0.1647307000
0.1732179000
0.1824319000
0.1922094000
0.2022013000
0.2118968000
0.2207600000
0.2282195000
0.2336374000
0.2363227000
0.2355957000
0.2309146000
0.2219433000
0.2085194000
0.1906294000
0.1683990000
0.1421261000
0.1123425000
0.0797497900
0.0452207900
0.0097428070
-0.0255674500
-0.0594920400
-0.0907781900
-0.1182510000
-0.1409404000
-0.1581864000
-0.1696930000
-0.1754936000
-0.1759878000
-0.1718702000
-0.1640141000
-0.1532727000
-0.1404642000
-0.1263799000
-0.1117384000
-0.0971835600
-0.0832482800
-0.0703523400
-0.0588007400
-0.0487826000
-0.0403876300
-0.0336895100
-0.0287194700
-0.0254323900
-0.0237381600
-0.0234992700
-0.0245092800
-0.0265354100
-0.0294502700
-0.0331494600
-0.0374657200
-0.0422263900
-0.0472664300
-0.0524399400
-0.0575669400
-0.0623592700
-0.0664246200
-0.0692959100
-0.0705048800
-0.0696398000
-0.0663687500
-0.0604817900
-0.0519041400
-0.0406652800
-0.0269024700
-0.0108084900
0.0073439970
0.0272066600
0.0483730600
0.0704040900
0.0928620500
0.1153100000
0.1372962000
0.1583579000
0.1780292000
0.1958871000
0.2115606000
0.2246357000
0.2347204000
0.2415255000
0.2448538000
0.2446025000
0.2407533000
0.2334080000
0.2227655000
0.2091352000
0.1929301000
0.1746290000
0.1547670000
0.1338589000
0.1124248000
0.0909981500
0.0700501600
0.0499070900
0.0307456900
0.0125780300
-0.0047021130
-0.0212864100
-0.0373900500
-0.0532339700
-0.0690185100
-0.0849183700
-0.1010378000
-0.1173830000
-0.1339343000
-0.1506983000
-0.1676027000
-0.1844541000
-0.2009175000
-0.2165811000
-0.2310511000
-0.2440076000
-0.2552310000
-0.2645246000
-0.2716871000
-0.2764655000
-0.2786279000
-0.2780405000
-0.2746085000
-0.2682826000
-0.2590069000
-0.2467638000
-0.2316166000
-0.2137475000
-0.1934920000
-0.1712566000
-0.1475358000
-0.1228922000
-0.0979359500
-0.0732871200
-0.0495667800
-0.0273656000
-0.0072007240
0.0105346900
0.0255727200
0.0377637500
0.0470574600
0.0534887600
0.0571770000
0.0582532300
0.0568589300
0.0531328600
0.0471870700
0.0391623000
0.0293740200
0.0183636800
0.0068165790
-0.0044803720
-0.0147348200
-0.0232802400
-0.0296804000
-0.0337394400
-0.0355345600
-0.0353590500
-0.0336028700
-0.0306767200
-0.0270719000
-0.0233535500
-0.0200822300
-0.0177407200
-0.0166500900
-0.0169558900
-0.0186124700
-0.0213994300
-0.0249776800
-0.0290063700
-0.0331338900
-0.0369860500
-0.0402275500
-0.0425857500
-0.0438363400
-0.0437866400
-0.0422579700
-0.0391557100
-0.0345383100
-0.0286209200
-0.0217889700
-0.0145275200
-0.0073350050
-0.0006323930
0.0051983460
0.0098400770
0.0131287500
0.0150576500
0.0157305400
0.0154061300
0.0145069200
0.0135277500
0.0129699200
0.0132628500
0.0147017600
0.0174306000
0.0215079300
0.0269362600
0.0335999300
0.0412828300
0.0497476000
0.0587592700
0.0680975500
0.0775610800
0.0869576400
0.0960972400
0.1047804000
0.1127969000
0.1199324000
0.1260094000
0.1309777000
0.1349151000
0.1378857000
0.1399126000
0.1409598000
0.1409629000
0.1398834000
0.1377674000
0.1347264000
0.1308192000
0.1260548000
0.1204140000
0.1139094000
0.1066054000
0.0985488300
0.0897936100
0.0804318600
0.0705891600
0.0604254700
0.0501101000
0.0398018800
0.0296097100
0.0196309300
0.0099950740
0.0008826195
-0.0074998440
-0.0150161400
-0.0216047600
-0.0272236100
-0.0318609900
-0.0355308900
-0.0382542100
-0.0400599100
-0.0409884700
-0.0410889600
-0.0404109700
-0.0390204100
-0.0370012100
-0.0343891400
-0.0311951500
-0.0274579700
-0.0232556400
-0.0187092000
-0.0139813800
-0.0092647700
-0.0047441670
-0.0006221907
0.0028395790
0.0053983200
0.0068903730
0.0072142990
0.0063375450
0.0042660940
0.0010199860
-0.0033902270
-0.0089430920
-0.0155713600
-0.0231547200
-0.0315035200
-0.0403919600
-0.0495970000
-0.0589245000
-0.0681391300
-0.0769652200
-0.0851692100
-0.0925970600
-0.0992002100
-0.1050255000
-0.1101846000
-0.1147928000
-0.1189234000
-0.1225740000
-0.1257223000
-0.1283781000
-0.1304565000
-0.1317442000
-0.1319905000
-0.1309362000
-0.1283260000
-0.1239006000
-0.1174122000
-0.1087127000
-0.0978240100
-0.0849180300
-0.0702908800
-0.0542952100
-0.0374097700
-0.0202601500
-0.0035214300
0.0121411200
0.0261422600
0.0379984300
0.0473184400
0.0537920300
0.0572284200
0.0576135400
0.0551255400
0.0500772500
0.0428857600
0.0340458700
0.0240971900
0.0135876300
0.0029734190
-0.0073806740
-0.0171755300
-0.0261511600
-0.0340821500
-0.0408299400
-0.0463467500
-0.0506417100
-0.0537646900
-0.0557956900
-0.0568721500
-0.0571746600
-0.0568092400
-0.0558170900
-0.0542112600
-0.0519985200
-0.0492240800
-0.0460257300
-0.0426363600
-0.0392969300
-0.0362060300
-0.0334626100
-0.0310341800
-0.0287676100
-0.0265053200
-0.0241109900
-0.0214797700
-0.0185884400
-0.0155123200
-0.0123667200
-0.0092747220
-0.0063484850
-0.0037100130
-0.0015159340
0.0001198504
0.0011570460
0.0015368300
0.0011985820
0.0001283648
-0.0016668820
-0.0041916000
-0.0074802800
-0.0115617300
-0.0163432100
-0.0216282000
-0.0271991700
-0.0328103500
-0.0381927300
-0.0430775900
-0.0472431800
-0.0505780900
-0.0530037500
-0.0543739200
-0.0545401600
-0.0534023100
-0.0509122500
-0.0471045000
-0.0420868100
-0.0360434000
-0.0292138600
-0.0218443100
-0.0141501000
-0.0062709560
0.0017267270
0.0098144150
0.0179918500
0.0262559700
0.0345730800
0.0428674900
0.0510422000
0.0589505800
0.0663942400
0.0732156900
0.0793427900
0.0847098900
0.0893078000
0.0932316400
0.0965902000
0.0994514800
0.1019570000
0.1043074000
0.1066199000
0.1089446000
0.1113134000
0.1137350000
0.1162040000
0.1187143000
0.1212501000
0.1237555000
0.1261558000
0.1283717000
0.1302871000
0.1317675000
0.1327611000
0.1332794000
0.1333279000
0.1329134000
0.1320458000
0.1307409000
0.1290169000
0.1268658000
0.1242362000
0.1210157000
0.1170384000
0.1121284000
0.1061848000
0.0991858200
0.0911174100
0.0820459600
0.0721601900
0.0617036200
0.0509559500
0.0402414300
0.0298881100
0.0201863500
0.0113767000
0.0036421510
-0.0028991640
-0.0082106810
-0.0123356500
-0.0153516700
-0.0173326700
-0.0184048400
-0.0187640100
-0.0185788200
-0.0179960800
-0.0171532000
-0.0161872300
-0.0152365700
-0.0144166300
-0.0138034600
-0.0134278200
-0.0132834300
-0.0133493000
-0.0135899700
-0.0139573500
-0.0143903100
-0.0148138800
-0.0151406100
-0.0153032700
-0.0152832700
-0.0150967000
-0.0147925200
-0.0144584800
-0.0141946700
-0.0140784800
-0.0141716900
-0.0145273000
-0.0151773000
-0.0161426800
-0.0174626600
-0.0191674900
-0.0212498900
-0.0237139800
-0.0265958200
-0.0299555600
-0.0338417300
-0.0382392200
-0.0430785900
-0.0482502100
-0.0535795700
-0.0588310000
-0.0637524300
-0.0681294600
-0.0718356100
-0.0747935900
-0.0769489300
-0.0782900300
-0.0788292300
-0.0785420800
-0.0773712700
-0.0752557900
-0.0722050000
-0.0683309000
-0.0637581000
-0.0586590400
-0.0532924900
-0.0479205700
-0.0427413400
-0.0378900400
-0.0334162300
-0.0292616600
-0.0253244000
-0.0215271100
-0.0177080800
-0.0136041200
-0.0090644140
-0.0040791900
0.0012805630
0.0068597590
0.0124429300
0.0178172700
0.0228094800
0.0272880100
0.0311720100
0.0344219400
0.0370221800
0.0389491100
0.0400884200
0.0402644400
0.0393747400
0.0374269500
0.0345252400
0.0307621700
0.0261763500
0.0208369100
0.0148809400
0.0085318440
0.0020267910
-0.0044484730
-0.0107040200
-0.0165345400
-0.0217308600
-0.0260922200
-0.0294428200
-0.0316411700
-0.0325862100
-0.0321815900
-0.0303715500
-0.0271818700
-0.0227005700
-0.0170526100
-0.0104101000
-0.0029700380
0.0051389740
0.0138155800
0.0229197800
0.0323428100
0.0420150300
0.0518090400
0.0615541700
0.0711204200
0.0803415300
0.0889730300
0.0968138100
0.1037481000
0.1096703000
0.1145279000
0.1183475000
0.1211774000
0.1230563000
0.1240310000
0.1241644000
0.1235249000
0.1221949000
0.1202722000
0.1178645000
0.1150860000
0.1120319000
0.1087798000
0.1053975000
0.1019500000
0.0985093700
0.0951636900
0.0920044500
0.0890859000
0.0864330700
0.0840450800
0.0818814800
0.0798613400
0.0779036300
0.0759360900
0.0738996800
0.0717243100
0.0693220100
0.0666234000
0.0635848300
0.0601585000
0.0562761000
0.0518447100
0.0468411400
0.0413447600
0.0354516500
0.0292499800
0.0228132800
0.0162862400
0.0099193570
0.0038826740
-0.0017454770
-0.0068646550
-0.0113870400
-0.0152730600
-0.0184684000
-0.0209150600
-0.0226552200
-0.0238061900
-0.0244628400
-0.0247358700
-0.0247691600
-0.0247136200
-0.0247164700
-0.0249243600
-0.0254740200
-0.0264833800
-0.0280262900
-0.0301339400
-0.0328531300
-0.0362278600
-0.0402458600
-0.0448333400
-0.0498586300
-0.0551855200
-0.0606714900
-0.0661325200
-0.0713600900
-0.0761615100
-0.0803794300
-0.0839145500
-0.0867146500
-0.0887586800
-0.0900147800
-0.0904836300
-0.0902260900
-0.0893206100
-0.0878729900
-0.0860364000
-0.0839729800
-0.0818189600
-0.0797134200
-0.0778149500
-0.0762926600
-0.0752722400
-0.0747738100
-0.0748061500
-0.0754139000
-0.0766355900
-0.0784860300
-0.0809469100
-0.0839914900
-0.0875951900
-0.0916715600
-0.0960846400
-0.1007369000
-0.1055235000
-0.1102954000
-0.1149722000
-0.1195453000
-0.1239221000
-0.1279623000
-0.1315626000
-0.1346437000
-0.1371509000
-0.1390428000
-0.1402888000
-0.1408538000
-0.1407146000
-0.1398776000
-0.1383730000
-0.1362417000
-0.1334820000
-0.1300825000
-0.1260654000
-0.1214887000
-0.1164699000
-0.1112199000
-0.1060016000
-0.1010409000
-0.0965158600
-0.0925383400
-0.0891086600
-0.0861411500
-0.0835584100
-0.0813211000
-0.0794378600
-0.0779455000
-0.0768991100
-0.0763903500
-0.0765159400
-0.0773486600
-0.0789249200
-0.0812172500
-0.0840926900
-0.0873389600
-0.0907438900
-0.0941192800
-0.0973127700
-0.1001984000
-0.1026798000
-0.1046991000
-0.1062137000
-0.1071808000
-0.1075612000
-0.1073203000
-0.1064057000
-0.1048021000
-0.1025682000
-0.0997836400
-0.0965307900
-0.0929505100
-0.0891911800
-0.0853114700
-0.0812745700
-0.0769808100
-0.0723450100
-0.0673061700
-0.0617529600
-0.0555734100
-0.0486967100
-0.0410965800
-0.0327803600
-0.0237431200
-0.0139928800
-0.0036001630
0.0073381620
0.0187160400
0.0304509200
0.0424820300
0.0547628900
0.0672077300
0.0796697300
0.0919853700
0.1039778000
0.1154251000
0.1261126000
0.1358668000
0.1444942000
0.1517815000
0.1575847000
0.1618207000
0.1644365000
0.1654394000
0.1649124000
0.1629441000
0.1596361000
0.1551015000
0.1494469000
0.1427696000
0.1352025000
0.1269202000
0.1180620000
0.1087426000
0.0990883800
0.0893406700
0.0798791200
0.0710747600
0.0632647500
0.0567366600
0.0516691700
0.0481036800
0.0459974000
0.0452810400
0.0459662500
0.0480625900
0.0514962100
0.0561896100
0.0620412900
0.0688687900
0.0764270600
0.0844512500
0.0926395300
0.1006539000
0.1081702000
0.1149070000
0.1206499000
0.1252394000
0.1285598000
0.1305361000
0.1311261000
0.1302812000
0.1279533000
0.1241120000
0.1187699000
0.1119987000
0.1038743000
0.0945304000
0.0841946100
0.0731458600
0.0616841100
0.0501004500
0.0386351500
0.0274441700
0.0166658500
0.0064682380
-0.0030288500
-0.0117494900
-0.0196110000
-0.0265472200
-0.0325296600
-0.0375282400
-0.0415216400
-0.0445342000
-0.0466956800
-0.0482598800
-0.0494788000
-0.0505433900
-0.0516850800
-0.0531409700
-0.0550607100
-0.0574301600
-0.0600530900
-0.0627106500
-0.0652064100
-0.0673277000
-0.0688607300
-0.0695966200
-0.0693545400
-0.0680202600
-0.0655826200
-0.0620946600
-0.0575989900
-0.0522139100
-0.0461602600
-0.0396267300
-0.0327659700
-0.0257296200
-0.0186357200
-0.0115603900
-0.0045824460
0.0022245470
0.0088623720
0.0153708600
0.0217743200
0.0280664600
0.0341972900
0.0400542500
0.0454593000
0.0501766600
0.0539432900
0.0565044600
0.0576362400
0.0571752300
0.0550147000
0.0511176000
0.0455218600
0.0383281400
0.0297234700
0.0199953700
0.0095354300
-0.0011894250
-0.0117003900
-0.0215444600
-0.0302945100
-0.0375987200
-0.0432352500
-0.0471295300
-0.0493700600
-0.0501949200
-0.0499505900
-0.0489640800
-0.0475115100
-0.0458105300
-0.0440430700
-0.0423480100
-0.0407532200
-0.0392228800
-0.0377094400
-0.0361016100
-0.0342218300
-0.0319238400
-0.0290906100
-0.0255976100
-0.0213368800
-0.0162374400
-0.0102514200
-0.0033631790
0.0044208690
0.0130670900
0.0225088300
0.0326053600
0.0431302600
0.0538214200
0.0644105000
0.0746587100
0.0844023300
0.0935502300
0.1019905000
0.1096151000
0.1163899000
0.1222923000
0.1272730000
0.1312746000
0.1342473000
0.1361471000
0.1369921000
0.1368907000
0.1359551000
0.1342675000
0.1318958000
0.1289315000
0.1255297000
0.1218512000
0.1180327000
0.1142305000
0.1106056000
0.1072872000
0.1043865000
0.1019855000
0.1000301000
0.0983315500
0.0967000200
0.0949773100
0.0930617900
0.0909290200
0.0886134500
0.0861311800
0.0834938700
0.0807617200
0.0780495500
0.0755145100
0.0732732100
0.0713765100
0.0698188400
0.0685730300
0.0676219400
0.0669325400
0.0664409400
0.0660508200
0.0656454900
0.0651179800
0.0643798500
0.0633674700
0.0620141300
0.0602814500
0.0581994500
0.0558630400
0.0534169400
0.0510207100
0.0487986600
0.0467939000
0.0450201200
0.0435015000
0.0421950300
0.0410010600
0.0398339300
0.0386136500
0.0372430200
0.0356205500
0.0336458000
0.0312295200
0.0282823200
0.0247048900
0.0204007700
0.0153235900
0.0095550690
0.0033103540
-0.0031362530
-0.0095178790
-0.0156302200
-0.0212989000
-0.0264008800
-0.0308818000
-0.0347534700
-0.0380798900
-0.0409934900
-0.0436904900
-0.0463925400
-0.0492737900
-0.0523934000
-0.0557113000
-0.0591293100
-0.0625748600
-0.0660032800
-0.0693627100
-0.0726108700
-0.0757162900
-0.0786579400
-0.0814214400
-0.0840053200
-0.0864222700
-0.0887075900
-0.0909249200
-0.0931557300
-0.0954565600
-0.0978400700
-0.1002637000
-0.1026547000
-0.1049051000
-0.1068452000
-0.1083069000
-0.1091939000
-0.1094254000
-0.1089190000
-0.1076141000
-0.1054998000
-0.1026352000
-0.0991261300
-0.0951152500
-0.0908012300
-0.0864348300
-0.0822823400
-0.0785773300
-0.0754860700
-0.0731430000
-0.0716617400
-0.0711522700
-0.0717053400
-0.0733586600
-0.0760389200
-0.0795692400
-0.0838346600
-0.0887498200
-0.0941870500
-0.0999467100
-0.1057541000
-0.1113578000
-0.1165366000
-0.1210890000
-0.1248701000
-0.1278183000
-0.1299517000
-0.1313347000
-0.1319723000
-0.1317536000
-0.1304537000
-0.1279098000
-0.1240554000
-0.1187745000
-0.1119480000
-0.1035156000
-0.0935050700
-0.0820791300
-0.0695205600
-0.0562017300
-0.0424832900
-0.0287286300
-0.0152956600
-0.0024756430
0.0094922400
0.0203372900
0.0298300300
0.0378433900
0.0443125400
0.0492587400
0.0528522100
0.0553817200
0.0571713500
0.0585091600
0.0596248700
0.0607485200
0.0620834900
0.0637459400
0.0658217800
0.0683849500
0.0714141000
0.0748018800
0.0784519200
0.0822563300
0.0860860100
0.0898301700
0.0934220100
0.0968468000
0.1001324000
0.1033202000
0.1064566000
0.1095655000
0.1125898000
0.1154044000
0.1178790000
0.1198749000
0.1212573000
0.1219363000
0.1218781000
0.1210601000
0.1194586000
0.1170494000
0.1138644000
0.1100219000
0.1056804000
0.1010394000
0.0963081900
0.0916217300
0.0870061000
0.0824758900
0.0780396600
0.0736847000
0.0694278200
0.0653394100
0.0614730000
0.0578632100
0.0545790100
0.0516894000
0.0492200200
0.0471605300
0.0454647300
0.0440763900
0.0429231700
0.0419196100
0.0409992500
0.0401171100
0.0391663300
0.0379861600
0.0364209400
0.0343104400
0.0314867500
0.0278136300
0.0232100600
0.0176542300
0.0111732700
0.0038262360
-0.0042702710
-0.0129320200
-0.0219753500
-0.0312387000
-0.0406102300
-0.0499702700
-0.0591504300
-0.0679497800
-0.0761370800
-0.0834595100
-0.0897144700
-0.0948031300
-0.0987048600
-0.1014461000
-0.1030188000
-0.1034072000
-0.1026349000
-0.1007418000
-0.0978069200
-0.0940039700
-0.0896034500
-0.0849049200
-0.0802072200
-0.0757932800
-0.0719822700
-0.0691005000
-0.0673777700
-0.0669295400
-0.0677633400
-0.0697807000
-0.0727874900
-0.0765545600
-0.0808420400
-0.0854300300
-0.0901317000
-0.0947811400
-0.0991884100
-0.1031504000
-0.1065177000
-0.1091688000
-0.1109809000
-0.1118587000
-0.1117542000
-0.1106624000
-0.1086393000
-0.1057958000
-0.1022279000
-0.0979823200
-0.0930964900
-0.0876113400
-0.0815562000
-0.0749568200
-0.0678295500
-0.0601690000
-0.0519714000
-0.0433028800
-0.0342954200
-0.0251132400
-0.0159248800
-0.0068928850
0.0018077740
0.0099926370
0.0174799900
0.0240780000
0.0295883300
0.0338403200
0.0367140100
0.0381137800
0.0380039900
0.0364134200
0.0333504200
0.0288018000
0.0228578700
0.0156938600
0.0074649220
-0.0016594590
-0.0114769100
-0.0218060500
-0.0324680500
-0.0432258400
-0.0537785700
-0.0637692900
-0.0727849500
-0.0803833400
-0.0861444600
-0.0897167700
-0.0908362300
-0.0893493900
-0.0852316800
-0.0785735000
-0.0695784900
-0.0584932300
-0.0455998600
-0.0312136900
-0.0156574500
0.0007243304
0.0175679400
0.0344732500
0.0510243900
0.0668581800
0.0817076600
0.0953239800
0.1074752000
0.1179470000
0.1265929000
0.1333667000
0.1382584000
0.1412972000
0.1425761000
0.1422695000
0.1406171000
0.1378445000
0.1341092000
0.1294662000
0.1238923000
0.1173561000
0.1098943000
0.1016606000
0.0928531900
0.0836889300
0.0743700100
0.0650851100
0.0560122600
0.0472671400
0.0389007000
0.0310165200
0.0237272000
0.0170558500
0.0109557100
0.0053203470
-0.0000503060
-0.0054126210
-0.0109555900
-0.0167364900
-0.0226524300
-0.0284958500
-0.0340047800
-0.0388950800
-0.0429037100
-0.0458137300
-0.0474979000
-0.0479153500
-0.0469966700
-0.0446468000
-0.0408068700
-0.0354844500
-0.0287755000
-0.0208397700
-0.0118931200
-0.0021666770
0.0080782810
0.0185331700
0.0288599300
0.0387017400
0.0476926900
0.0554865800
0.0617951500
0.0664005500
0.0691606800
0.0700105200
0.0689640100
0.0660536000
0.0613528300
0.0549997500
0.0471972700
0.0382290100
0.0284308600
0.0181594000
0.0077070000
-0.0026904150
-0.0128433400
-0.0226154800
-0.0319167400
-0.0406593200
-0.0487562400
-0.0561190900
-0.0626392100
-0.0682094000
-0.0728071800
-0.0764977200
-0.0793864100
-0.0816164900
-0.0833701900
-0.0848754000
-0.0863792700
-0.0880668700
-0.0900542200
-0.0923861800
-0.0950096700
-0.0977672400
-0.1004342000
-0.1027337000
-0.1043687000
-0.1051081000
-0.1048272000
-0.1034114000
-0.1007800000
-0.0969496200
-0.0919954600
-0.0860158200
-0.0791644400
-0.0716591500
-0.0637287600
-0.0556535500
-0.0477929700
-0.0404913700
-0.0340153100
-0.0285865900
-0.0243600000
-0.0214171200
-0.0197801700
-0.0194286200
-0.0202996800
-0.0222748000
-0.0251837100
-0.0288155800
-0.0329436600
-0.0373055600
-0.0416105100
-0.0456231100
-0.0491778600
-0.0521728700
-0.0546037500
-0.0565618000
-0.0581312700
-0.0593536000
-0.0602477100
-0.0608055900
-0.0609895900
-0.0607188500
-0.0598845000
-0.0584223300
-0.0563280600
-0.0536277600
-0.0503765700
-0.0466484900
-0.0424977300
-0.0379661000
-0.0331271900
-0.0280905800
-0.0229821200
-0.0179235000
-0.0130060300
-0.0082760150
-0.0037293860
0.0006570799
0.0048924120
0.0089503310
0.0128352600
0.0165891100
0.0202247800
0.0237433400
0.0271685300
0.0305153700
0.0337870500
0.0370164400
0.0402469400
0.0434644300
0.0466380100
0.0497593800
0.0528195100
0.0557997800
0.0586790700
0.0614332900
0.0640473900
0.0665602000
0.0690709500
0.0716249600
0.0742038200
0.0767761000
0.0792928300
0.0816891900
0.0839010200
0.0858806000
0.0876142200
0.0891179700
0.0904107700
0.0914763800
0.0922425600
0.0926096200
0.0924710700
0.0917348500
0.0903404800
0.0882565000
0.0854405600
0.0818284000
0.0773489100
0.0719534900
0.0656513500
0.0585426000
0.0508206300
0.0426958100
0.0343670000
0.0260133900
0.0177710800
0.0097287650
0.0019525060
-0.0054924870
-0.0125361000
-0.0190976300
-0.0250887200
-0.0303965000
-0.0348839600
-0.0384183300
-0.0409016500
-0.0422762700
-0.0425302000
-0.0416834900
-0.0397957500
-0.0369782300
-0.0333858900
-0.0292042000
-0.0246034700
-0.0197415000
-0.0147599700
-0.0097453950
-0.0047478570
0.0001356288
0.0047834130
0.0090925220
0.0129583200
0.0162610400
0.0188466300
0.0205816600
0.0214571700
0.0215821500
0.0211368200
0.0202827800
0.0191338100
0.0178171900
0.0164554800
0.0151369400
0.0139188500
0.0128397000
0.0119621000
0.0113751400
0.0111623400
0.0114134500
0.0122273500
0.0136443300
0.0156236900
0.0181300400
0.0211125700
0.0244627100
0.0280581000
0.0317927600
0.0355402500
0.0391512000
0.0424934400
0.0454415200
0.0478501500
0.0495291000
0.0502590100
0.0499016400
0.0484103900
0.0457498300
0.0419656400
0.0372338600
0.0317646700
0.0257616200
0.0194213500
0.0129299200
0.0064546920
0.0001180504
-0.0060243090
-0.0119502400
-0.0176626600
-0.0231820300
-0.0285153700
-0.0336224900
-0.0384400500
-0.0429052600
-0.0469796700
-0.0506624400
-0.0539826600
-0.0569903000
-0.0597349300
-0.0622200100
-0.0644087700
-0.0663057600
-0.0679476000
-0.0693590500
-0.0705649200
-0.0715956600
-0.0724909800
-0.0732867900
-0.0739810800
-0.0745522200
-0.0749825100
-0.0752334700
-0.0752368500
-0.0749039900
-0.0741612200
-0.0729947800
-0.0713980700
-0.0693360600
-0.0668278800
-0.0639670300
-0.0608605900
-0.0576360300
-0.0544378900
-0.0513847200
-0.0485421400
-0.0459427400
-0.0435795500
-0.0414033200
-0.0393482900
-0.0373673400
-0.0354482100
-0.0336304800
-0.0320122100
-0.0307031700
-0.0297534100
-0.0292325000
-0.0292685300
-0.0299189100
-0.0311616100
-0.0330179300
-0.0354965800
-0.0385242900
-0.0419766600
-0.0456871500
-0.0494266200
-0.0529152100
-0.0558635900
-0.0580080700
-0.0591334300
-0.0590601900
-0.0576453300
-0.0547858600
-0.0504162600
-0.0444926400
-0.0370109400
-0.0280328400
-0.0176716900
-0.0061104970
0.0064310010
0.0197107400
0.0334872100
0.0474652000
0.0612836200
0.0745832700
0.0870391000
0.0983857300
0.1084639000
0.1172262000
0.1246886000
0.1309113000
0.1359856000
0.1400277000
0.1431660000
0.1455007000
0.1470812000
0.1478794000
0.1478254000
0.1468733000
0.1449864000
0.1421144000
0.1382423000
0.1334312000
0.1278245000
0.1216267000
0.1150351000
0.1082633000
0.1015630000
0.0952261100
0.0895657000
0.0848579000
0.0812823400
0.0788919800
0.0777107000
0.0777799800
0.0790982100
0.0815536800
0.0848475300
0.0885479100
0.0921944200
0.0954010700
0.0979255100
0.0996571900
0.1005751000
0.1006469000
0.0998313000
0.0980841300
0.0953231600
0.0914694300
0.0865332800
0.0806520700
0.0740943900
0.0672580700
0.0606208100
0.0545973100
0.0494799200
0.0454415900
0.0425151300
0.0406097900
0.0395582000
0.0391529800
0.0391934800
0.0395058600
0.0399459600
0.0404017100
0.0407819700
0.0410054400
0.0409855900
0.0406238800
0.0398087500
0.0384203200
0.0363103100
0.0333155000
0.0292894400
0.0241360100
0.0178288300
0.0104538500
0.0022202040
-0.0066028660
-0.0157073100
-0.0247476300
-0.0333877300
-0.0413477200
-0.0484209400
-0.0544719900
-0.0593925500
-0.0631118700
-0.0656236600
-0.0669658500
-0.0671974400
-0.0663539000
-0.0644699000
-0.0616488800
-0.0580520900
-0.0538488500
-0.0492102800
-0.0442913600
-0.0391897600
-0.0339756000
-0.0287582000
-0.0236242900
-0.0185866200
-0.0136476400
-0.0088250080
-0.0041578510
0.0002810861
0.0043804160
0.0079951910
0.0109653300
0.0131463900
0.0144374500
0.0147901600
0.0142327000
0.0128732500
0.0108627000
0.0083693480
0.0055390610
0.0024808870
-0.0007279721
-0.0040041470
-0.0072502890
-0.0104638600
-0.0137379700
-0.0171872400
-0.0208696400
-0.0247200800
-0.0285993800
-0.0323203900
-0.0356543800
-0.0383683500
-0.0402711400
-0.0412801700
-0.0414534200
-0.0409253500
-0.0398826400
-0.0385279400
-0.0370539400
-0.0356243800
-0.0343553900
-0.0332869800
-0.0323250700
-0.0312630500
-0.0298495900
-0.0278266300
-0.0249730000
-0.0211332300
-0.0162383900
-0.0102844100
-0.0033710070
0.0042719890
0.0123155300
0.0203722000
0.0280909300
0.0351684600
0.0413191500
0.0462796900
0.0498198900
0.0517817400
0.0520887600
0.0506912100
0.0476235400
0.0430369200
0.0370929500
0.0299215100
0.0216466400
0.0123965600
0.0023102480
-0.0084443280
-0.0196588900
-0.0311279400
-0.0426538300
-0.0540429300
-0.0650819200
-0.0755201200
-0.0851083500
-0.0936369500
-0.1009352000
-0.1068854000
-0.1114053000
-0.1144741000
-0.1161473000
-0.1165365000
-0.1157836000
-0.1139807000
-0.1112050000
-0.1075702000
-0.1032419000
-0.0984334200
-0.0933133900
-0.0879941200
-0.0825352900
-0.0769670200
-0.0713085700
-0.0655433700
-0.0596534300
-0.0536660900
-0.0476512000
-0.0417002100
-0.0358868500
-0.0302509000
-0.0248207100
-0.0196292500
-0.0147273100
-0.0101440600
-0.0058974340
-0.0020584320
0.0012984970
0.0041696930
0.0066309840
0.0088376590
0.0109546900
0.0130880500
0.0152134600
0.0172612400
0.0191807000
0.0209329600
0.0225228900
0.0240267000
0.0255488900
0.0271836400
0.0290284600
0.0311719600
0.0336668100
0.0365054400
0.0396114100
0.0428988700
0.0462884600
0.0496774800
0.0529421300
0.0559436100
0.0585302700
0.0605528300
0.0618859100
0.0624667000
0.0623260900
0.0615745000
0.0603790800
0.0589327300
0.0574385100
0.0560951800
0.0550778500
0.0545170100
0.0544733100
0.0549255800
0.0557865400
0.0568878400
0.0579779700
0.0587565200
0.0589243300
0.0582641500
0.0566668300
0.0541061600
0.0505742300
0.0460627500
0.0406542600
0.0345056800
0.0277707300
0.0205779100
0.0130270400
0.0052283260
-0.0027037940
-0.0107092700
-0.0187521400
-0.0267904500
-0.0347610800
-0.0425661800
-0.0500634400
-0.0570969900
-0.0635290700
-0.0692061100
-0.0739692100
-0.0777365600
-0.0805197600
-0.0824009000
-0.0835096100
-0.0839962100
-0.0839934200
-0.0836069000
-0.0829156900
-0.0819813000
-0.0808647200
-0.0796493500
-0.0784458400
-0.0773653600
-0.0765116500
-0.0759763300
-0.0758585200
-0.0762230000
-0.0769999300
-0.0780116400
-0.0790300400
-0.0797787500
-0.0799578000
-0.0792787600
-0.0774932400
-0.0744070200
-0.0699089600
-0.0639895800
-0.0567081000
-0.0481825200
-0.0385628100
-0.0280186500
-0.0167429000
-0.0049259550
0.0072436740
0.0195935400
0.0319537000
0.0441471200
0.0559761800
0.0671979200
0.0774988100
0.0865887500
0.0942500900
0.1002505000
0.1044010000
0.1066550000
0.1070853000
0.1058576000
0.1032145000
0.0994667400
0.0949395700
0.0899152700
0.0846050500
0.0792207100
0.0740018200
0.0691877000
0.0649616400
0.0614004800
0.0585408300
0.0563902200
0.0549056300
0.0539718900
0.0533946100
0.0529510000
0.0524198100
0.0515960000
0.0503207000
0.0484951600
0.0460325600
0.0428816700
0.0391725300
0.0351295100
0.0309100000
0.0266279200
0.0223919500
0.0183721500
0.0147600700
0.0116792800
0.0092192840
0.0074433180
0.0063593680
0.0059306400
0.0061179330
0.0068331560
0.0079149790
0.0091867000
0.0104454100
0.0114256700
0.0118323000
0.0113831900
0.0098525930
0.0071167990
0.0031792560
-0.0018168880
-0.0076139810
-0.0139359300
-0.0204958600
-0.0269449300
-0.0329592200
-0.0383342600
-0.0429603200
-0.0468044000
-0.0498493600
-0.0520869400
-0.0535302500
-0.0542744000
-0.0544954500
-0.0543115900
-0.0537905100
-0.0529801500
-0.0519090700
-0.0506054500
-0.0491202100
-0.0475080700
-0.0457787900
-0.0439188000
-0.0419122600
-0.0397455200
-0.0374222700
-0.0349736600
-0.0324431800
-0.0298625200
-0.0272445500
-0.0245913900
-0.0219261500
-0.0192473500
-0.0164790000
-0.0134899400
-0.0101257400
-0.0062669400
-0.0018576590
0.0030864850
0.0084665780
0.0141057100
0.0197816200
0.0252457000
0.0302428100
0.0345513000
0.0380131400
0.0405431500
0.0421471600
0.0429229300
0.0430643900
0.0428428700
0.0425342300
0.0423901600
0.0426512900
0.0435231100
0.0451469300
0.0475616200
0.0507020600
0.0544969300
0.0588259500
0.0634581100
0.0681289800
0.0725907800
0.0765869400
0.0798453200
0.0820767200
0.0830687500
0.0827562200
0.0811426400
0.0782757800
0.0742037800
0.0689864700
0.0627150600
0.0555207400
0.0475806600
0.0390769700
0.0301860500
0.0210683100
0.0118673200
0.0027194260
-0.0062428040
-0.0148821200
-0.0230575800
-0.0306309300
-0.0374781100
-0.0434720100
-0.0484873100
-0.0523904800
-0.0550496700
-0.0563464900
-0.0561952900
-0.0545649500
-0.0514645000
-0.0469790700
-0.0412861500
-0.0346038900
-0.0271824100
-0.0193264700
-0.0113945300
-0.0037648620
0.0032477060
0.0094349090
0.0146206000
0.0186744900
0.0215410700
0.0232500100
0.0238938700
0.0235023300
0.0220209200
0.0193639100
0.0154570200
0.0102909700
0.0039425590
-0.0034108010
-0.0115598700
-0.0202724400
-0.0293066700
-0.0383763900
-0.0471378100
-0.0552296200
-0.0623240700
-0.0681866500
-0.0726605800
-0.0756635300
-0.0772517800
-0.0776304700
-0.0770796700
-0.0758837400
-0.0742699500
-0.0724566900
-0.0706537100
-0.0689841000
-0.0675263100
-0.0663742400
-0.0656166400
-0.0653334600
-0.0656311500
-0.0665866000
-0.0681618100
-0.0702660700
-0.0728071600
-0.0756406600
-0.0785680000
-0.0813772100
-0.0838840400
-0.0859649800
-0.0875205300
-0.0884662800
-0.0887463900
-0.0883257200
-0.0871778300
-0.0853088300
-0.0827789900
-0.0796961900
-0.0762209000
-0.0725564000
-0.0689586300
-0.0657202300
-0.0630734200
-0.0611536600
-0.0600340300
-0.0597434600
-0.0602985200
-0.0616984400
-0.0639212400
-0.0669443400
-0.0706894600
-0.0749706200
-0.0795739100
-0.0843232800
-0.0890947300
-0.0938226000
-0.0984728600
-0.1030047000
-0.1073468000
-0.1114547000
-0.1152877000
-0.1187019000
-0.1215436000
-0.1237616000
-0.1253232000
-0.1261842000
-0.1263103000
-0.1256725000
-0.1242243000
-0.1218906000
-0.1185725000
-0.1141853000
-0.1086673000
-0.1019665000
-0.0940939800
-0.0851545800
-0.0752467300
-0.0644580900
-0.0529231900
-0.0408407800
-0.0284554400
-0.0160183500
-0.0037615150
0.0080716600
0.0192689800
0.0296977700
0.0392914800
0.0480335900
0.0560012500
0.0633524100
0.0702768500
0.0769945000
0.0837430300
0.0906786400
0.0978636600
0.1053579000
0.1132107000
0.1214303000
0.1300262000
0.1389936000
0.1482195000
0.1574702000
0.1664459000
0.1748133000
0.1822562000
0.1884911000
0.1933108000
0.1966086000
0.1983919000
0.1987773000
0.1979581000
0.1961580000
0.1935331000
0.1901820000
0.1861694000
0.1815078000
0.1761633000
0.1700564000
0.1631041000
0.1552475000
0.1463848000
0.1363889000
0.1251824000
0.1127540000
0.0991542900
0.0845295400
0.0691324500
0.0532781900
0.0373215100
0.0216379700
0.0066344250
-0.0072685850
-0.0197191200
-0.0304309100
-0.0391606000
-0.0457836300
-0.0503446200
-0.0529673800
-0.0538635500
-0.0533126500
-0.0516347300
-0.0491728100
-0.0462718200
-0.0432665000
-0.0404464500
-0.0380069600
-0.0360246900
-0.0345102700
-0.0334161100
-0.0326379700
-0.0320521400
-0.0315368400
-0.0309419100
-0.0300752000
-0.0287044700
-0.0265926500
-0.0235410100
-0.0194031700
-0.0140964200
-0.0075736680
0.0001665952
0.0090693300
0.0190183200
0.0298322900
0.0413135200
0.0532275600
0.0652906100
0.0771889000
0.0885955800
0.0991838800
0.1086912000
0.1169726000
0.1239328000
0.1294985000
0.1336503000
0.1364166000
0.1378374000
0.1379374000
0.1367151000
0.1341362000
0.1301567000
0.1247443000
0.1179245000
0.1098115000
0.1005542000
0.0903486700
0.0794295500
0.0680272400
0.0563397000
0.0445747400
0.0329483300
0.0216555800
0.0108551400
0.0006774975
-0.0087192770
-0.0171543600
-0.0244875500
-0.0306421400
-0.0356241000
-0.0395092900
-0.0424624700
-0.0447228400
-0.0465428000
-0.0481201400
-0.0496522200
-0.0513449600
-0.0533695700
-0.0558488500
-0.0588524600
-0.0624068400
-0.0664911900
-0.0710154100
-0.0757960300
-0.0805490900
-0.0849539000
-0.0886901700
-0.0914336200
-0.0928768400
-0.0927659700
-0.0910187800
-0.0877594500
-0.0831322100
-0.0773094700
-0.0705093300
-0.0629687900
-0.0549379500
-0.0466563800
-0.0383681900
-0.0303278100
-0.0227685900
-0.0158828500
-0.0098438660
-0.0048021660
-0.0008933343
0.0017625970
0.0030882360
0.0030990140
0.0018843720
-0.0004646759
-0.0037906110
-0.0078255330
-0.0122392100
-0.0166730300
-0.0207974300
-0.0242802200
-0.0267951300
-0.0281430100
-0.0282752000
-0.0272374800
-0.0251515900
-0.0221869600
-0.0185243900
-0.0143515200
-0.0098712600
-0.0053198930
-0.0009633816
0.0029775250
0.0063280010
0.0089158250
0.0106259200
0.0114546700
0.0115174400
0.0110276900
0.0102052700
0.0092539550
0.0083400630
0.0075613090
0.0069454750
0.0064802590
0.0061233830
0.0058133510
0.0054857600
0.0050859990
0.0045768660
0.0039169130
0.0030330530
0.0018103030
0.0001079784
-0.0021912260
-0.0051659450
-0.0088521390
-0.0132366600
-0.0182529800
-0.0237950800
-0.0297006300
-0.0357494900
-0.0417336400
-0.0474847000
-0.0528519800
-0.0576898000
-0.0618501600
-0.0652311200
-0.0677953200
-0.0695137000
-0.0703617000
-0.0703067200
-0.0692891800
-0.0672354900
-0.0640941100
-0.0598735000
-0.0546533600
-0.0485395900
-0.0416645400
-0.0342556400
-0.0266018900
-0.0189775700
-0.0116579600
-0.0049240450
0.0009634147
0.0057737410
0.0093042860
0.0113931000
0.0119447300
0.0109515900
0.0085242230
0.0048666640
0.0002057945
-0.0052653410
-0.0113087400
-0.0176216800
-0.0238912400
-0.0297835200
-0.0349518600
-0.0391034500
-0.0420375900
-0.0436128700
-0.0437203900
-0.0422464600
-0.0391428400
-0.0344756600
-0.0283632700
-0.0209866200
-0.0125725700
-0.0033967890
0.0062148380
0.0159075200
0.0253451800
0.0342779700
0.0424938400
0.0497824900
0.0559963200
0.0610764500
0.0650508100
0.0680264200
0.0701528000
0.0715171600
0.0721545300
0.0721622800
0.0716425900
0.0706274300
0.0691312500
0.0671740800
0.0647610900
0.0619079700
0.0586631600
0.0551035800
0.0513241200
0.0474023700
0.0433860500
0.0392932900
0.0351387900
0.0309669200
0.0268692700
0.0229610800
0.0193124300
0.0159426800
0.0128358200
0.0100030400
0.0074891830
0.0053407850
0.0035942120
0.0022651020
0.0013556170
0.0008423932
0.0006555700
0.0006856985
0.0007959314
0.0008215352
0.0005722580
-0.0001552360
-0.0015570150
-0.0037978060
-0.0070044030
-0.0112349500
-0.0164374300
-0.0224856200
-0.0292689900
-0.0366218500
-0.0442968700
-0.0520710700
-0.0597521700
-0.0671464100
-0.0740699700
-0.0803572300
-0.0858764500
-0.0905185200
-0.0941407600
-0.0965497100
-0.0975126400
-0.0968413600
-0.0944621100
-0.0904204300
-0.0848482300
-0.0778889000
-0.0697205700
-0.0605810600
-0.0507537300
-0.0405608600
-0.0303163700
-0.0203253900
-0.0108741800
-0.0022096150
0.0054768520
0.0120403700
0.0173974400
0.0215236500
0.0244272700
0.0261564200
0.0268368000
0.0266535200
0.0257862500
0.0243856400
0.0225731400
0.0204850000
0.0182706200
0.0160383200
0.0138853400
0.0119202400
0.0102258700
0.0088488680
0.0078292760
0.0071894950
0.0069353620
0.0071167360
0.0078312440
0.0090909810
0.0108320000
0.0130181100
0.0156064400
0.0185172800
0.0216677400
0.0249744400
0.0283484900
0.0316898800
0.0348931100
0.0378845300
0.0406448800
0.0431853400
0.0455562500
0.0478482900
0.0501620600
0.0525722200
0.0551057700
0.0577345300
0.0604011300
0.0630216800
0.0655048500
0.0678133100
0.0699730600
0.0719663800
0.0737510500
0.0753173500
0.0766644800
0.0777869900
0.0786859400
0.0793788700
0.0799071900
0.0803204000
0.0806527100
0.0809151000
0.0811036800
0.0812402000
0.0813403600
0.0813630600
0.0812658700
0.0810432000
0.0807008700
0.0802406800
0.0796298000
0.0788179700
0.0777640800
0.0764535700
0.0748891500
0.0730259000
0.0708116000
0.0682494400
0.0653585000
0.0621565500
0.0586701200
0.0549472100
0.0510556800
0.0470312200
0.0428499200
0.0385381800
0.0342016700
0.0299702000
0.0259995300
0.0224600800
0.0194649900
0.0170454500
0.0152322200
0.0140358900
0.0134005800
0.0132429300
0.0134838600
0.0140466300
0.0148495500
0.0158010300
0.0168078200
0.0178030300
0.0187520000
0.0196496300
0.0204835500
0.0212294700
0.0218823400
0.0224381400
0.0228669200
0.0231454400
0.0232754400
0.0232596300
0.0230960100
0.0227847200
0.0223302900
0.0217412300
0.0209993300
0.0200516400
0.0188496500
0.0173571700
0.0155266100
0.0133154700
0.0107034200
0.0077168570
0.0044417310
0.0010072230
-0.0024317300
-0.0057360060
-0.0088481250
-0.0118171300
-0.0146885900
-0.0174498100
-0.0200859600
-0.0225707200
-0.0248629300
-0.0269193500
-0.0287054500
-0.0301743200
-0.0312809300
-0.0320390300
-0.0325115600
-0.0327613000
-0.0328516700
-0.0328421500
-0.0327832000
-0.0327118100
-0.0326519700
-0.0326152100
-0.0326039100
-0.0326132600
-0.0326348200
-0.0326581500
-0.0326748300
-0.0326795100
-0.0326728300
-0.0326623300
-0.0326647400
-0.0327056200
-0.0328197600
-0.0330466500
-0.0334280800
-0.0339972300
-0.0347768300
-0.0358032400
-0.0371289200
-0.0387731100
-0.0407127600
-0.0429003500
-0.0452786000
-0.0478003100
-0.0504383000
-0.0531760000
-0.0559640400
-0.0587172100
-0.0613379300
-0.0637161100
-0.0657305000
-0.0672235000
-0.0680310000
-0.0680949100
-0.0674444500
-0.0661058600
-0.0641132700
-0.0615198700
-0.0584080900
-0.0548986400
-0.0511306900
-0.0472517200
-0.0433917900
-0.0396512700
-0.0361004300
-0.0328087500
-0.0298565300
-0.0273334900
-0.0253072400
-0.0237840900
-0.0227328300
-0.0221100400
-0.0218872800
-0.0220430000
-0.0225217200
-0.0232616200
-0.0242339100
-0.0254065600
-0.0267239800
-0.0281334400
-0.0295861800
-0.0310331300
-0.0324260800
-0.0337191600
-0.0348733500
-0.0358502500
-0.0365747700
-0.0369607500
-0.0369947400
-0.0367274900
-0.0362371400
-0.0356072600
-0.0349017100
-0.0341465100
-0.0333315400
-0.0324444000
-0.0314866600
-0.0304854400
-0.0294777800
-0.0284983600
-0.0275739300
-0.0267326800
-0.0260277800
-0.0254845600
-0.0250523100
-0.0246863500
-0.0243782900
-0.0240860300
-0.0237379500
-0.0232708900
-0.0226361800
-0.0218114600
-0.0208211400
-0.0197294500
-0.0185618400
-0.0173136800
-0.0160083800
-0.0146795200
-0.0133494000
-0.0120325100
-0.0107335700
-0.0094446600
-0.0081416450
-0.0067834020
-0.0053111080
-0.0036608480
-0.0018136000
0.0001885077
0.0023061890
0.0045131050
0.0068054110
0.0092187030
0.0118194500
0.0146222400
0.0175518900
0.0204923300
0.0233046600
0.0258634100
0.0280662900
0.0298380400
0.0311638200
0.0320898000
0.0326537900
0.0328707100
0.0327328300
0.0322362800
0.0314049900
0.0302434100
0.0287369900
0.0269073100
0.0247946200
0.0224094500
0.0197627600
0.0168915800
0.0138346500
0.0106303000
0.0073209790
0.0039352120
0.0004554953
-0.0031605440
-0.0069546810
-0.0109489500
-0.0151396800
-0.0195178900
-0.0240650200
-0.0287451100
-0.0335025900
-0.0382663000
-0.0429906100
-0.0476622900
-0.0522685000
-0.0567655500
-0.0610520200
-0.0650168600
-0.0685815800
-0.0716888400
-0.0743088400
-0.0764277100
-0.0780655600
-0.0792796800
-0.0801089200
-0.0805533900
-0.0806152000
-0.0802985800
-0.0795916100
-0.0784871100
-0.0769969500
-0.0751388000
-0.0729403700
-0.0704543800
-0.0677505100
-0.0648931300
-0.0619400500
-0.0589448400
-0.0559530400
-0.0530056400
-0.0501394000
-0.0473891400
-0.0447856800
-0.0423533100
-0.0401019500
-0.0380203100
-0.0361027400
-0.0344145600
-0.0330241000
-0.0319331600
-0.0311484900
-0.0307012700
-0.0305932500
-0.0307992100
-0.0312852600
-0.0319974200
-0.0328578400
-0.0337965000
-0.0347659000
-0.0357467200
-0.0367307000
-0.0376867000
-0.0385393500
-0.0391775600
-0.0395320900
-0.0395734000
-0.0392231500
-0.0384083800
-0.0371233900
-0.0353965900
-0.0332749400
-0.0308437900
-0.0282176800
-0.0255102200
-0.0228247200
-0.0202485700
-0.0178382700
-0.0156249000
-0.0136478200
-0.0119415800
-0.0105010500
-0.0092975650
-0.0082877010
-0.0074049760
-0.0065681760
-0.0057242250
-0.0048339990
-0.0038567060
-0.0027849850
-0.0016511440
-0.0004476986
0.0008672870
0.0023053610
0.0038569320
0.0055107260
0.0072410540
0.0090032380
0.0107299100
0.0123537500
0.0138457200
0.0152120200
0.0164699400
0.0176162200
0.0186267000
0.0195369300
0.0204196200
0.0213289500
0.0222875200
0.0232940300
0.0243890400
0.0256592600
0.0271649200
0.0289477100
0.0310422100
0.0334561600
0.0361613300
0.0391214800
0.0422911100
0.0456150500
0.0490217600
0.0524284300
0.0557751200
0.0590394700
0.0622029400
0.0652498800
0.0681647500
0.0709311800
0.0735303800
0.0759468100
0.0781752600
0.0802348900
0.0821836300
0.0841207900
0.0861231200
0.0882123100
0.0904056700
0.0927116500
0.0950869500
0.0974568900
0.0997449200
0.1018872000
0.1038357000
0.1055353000
0.1069424000
0.1080660000
0.1089292000
0.1095347000
0.1098995000
0.1100637000
0.1100544000
0.1098868000
0.1095691000
0.1091061000
0.1085080000
0.1078023000
0.1070308000
0.1062166000
0.1053825000
0.1045750000
0.1038356000
0.1031763000
0.1025695000
0.1019720000
0.1013915000
0.1008275000
0.1002124000
0.0995026800
0.0987147600
0.0978532900
0.0969029200
0.0958287000
0.0945985800
0.0932041800
0.0916429000
0.0898982400
0.0879048400
0.0855851700
0.0829172800
0.0799072100
0.0765728900
0.0729601000
0.0691393300
0.0651692000
0.0611195800
0.0570962700
0.0532177000
0.0495923400
0.0463078600
0.0434053800
0.0408684200
0.0386816500
0.0368876900
0.0354868600
0.0344104200
0.0336216800
0.0331016700
0.0328083100
0.0327007500
0.0327391600
0.0328372700
0.0328601200
0.0327006100
0.0322779900
0.0315281400
0.0304273700
0.0289933200
0.0272134300
0.0250582800
0.0225559600
0.0197714400
0.0167657000
0.0136057600
0.0103661700
0.0071310870
0.0039695920
0.0009056984
-0.0020409460
-0.0048184830
-0.0074133880
-0.0098612120
-0.0121727700
-0.0143440800
-0.0163945500
-0.0183738100
-0.0203546700
-0.0223571100
-0.0243404200
-0.0262687500
-0.0281262800
-0.0299143200
-0.0316066400
-0.0331260600
-0.0344197000
-0.0354702100
-0.0362778100
-0.0368785200
-0.0373445900
-0.0377132300
-0.0379652300
-0.0380915800
-0.0380913800
-0.0379457000
-0.0376305800
-0.0371268700
-0.0364336400
-0.0355661800
-0.0345265700
-0.0333242600
-0.0320111500
-0.0306655700
-0.0293674300
-0.0281505500
-0.0270039700
-0.0259373700
-0.0249967300
-0.0242611400
-0.0237819300
-0.0235476100
-0.0235356000
-0.0237099900
-0.0240177700
-0.0244208300
-0.0249148400
-0.0254616000
-0.0259711400
-0.0263727600
-0.0266078200
-0.0266086800
-0.0263444600
-0.0258455800
-0.0251486500
-0.0242889800
-0.0233397800
-0.0223934300
-0.0215278900
-0.0207941400
-0.0202131700
-0.0198028200
-0.0195678300
-0.0194639100
-0.0194408000
-0.0194870200
-0.0195722200
-0.0196329200
-0.0196504500
-0.0196319100
-0.0195494300
-0.0193880900
-0.0191834000
-0.0189561600
-0.0186917800
-0.0183759000
-0.0179954900
-0.0175416400
-0.0170223600
-0.0164620400
-0.0158676600
-0.0152277400
-0.0145459800
-0.0138219000
-0.0130276800
-0.0121390400
-0.0111620300
-0.0101466900
-0.0091643860
-0.0082390220
-0.0073734610
-0.0065841100
-0.0058627320
-0.0051692090
-0.0044724430
-0.0037411400
-0.0029182440
-0.0019527000
-0.0008227729
0.0004886529
0.0019982280
0.0037125770
0.0055939500
0.0075294410
0.0093784480
0.0110127800
0.0123378100
0.0133070400
0.0139104800
0.0141611200
0.0140759700
0.0136733700
0.0129743800
0.0120056600
0.0107849700
0.0093075860
0.0075894860
0.0056830190
0.0036102840
0.0013713030
-0.0010167370
-0.0035051400
-0.0060190150
-0.0085247330
-0.0110418700
-0.0135693500
-0.0160735600
-0.0184882300
-0.0207716400
-0.0229350800
-0.0249837700
-0.0269053200
-0.0286751300
-0.0302800100
-0.0317358800
-0.0330228000
-0.0340851400
-0.0349183300
-0.0355779100
-0.0361555100
-0.0367240700
-0.0373039600
-0.0379224100
-0.0386037300
-0.0393339800
-0.0400861500
-0.0408429600
-0.0415649700
-0.0421909300
-0.0426842700
-0.0430532400
-0.0433538200
-0.0436391600
-0.0439186800
-0.0441764400
-0.0443852300
-0.0445413600
-0.0446579300
-0.0447514200
-0.0448461900
-0.0449743800
-0.0451719100
-0.0454736700
-0.0459067300
-0.0464806100
-0.0471880100
-0.0480392300
-0.0490559200
-0.0502342400
-0.0515574300
-0.0530153700
-0.0546000300
-0.0563028100
-0.0581108200
-0.0600016300
-0.0619349500
-0.0638437000
-0.0656383400
-0.0672494200
-0.0686383700
-0.0697771200
-0.0706603100
-0.0713097600
-0.0717437400
-0.0719735500
-0.0720448300
-0.0720097700
-0.0718713400
-0.0716360400
-0.0713475500
-0.0710204300
-0.0706332800
-0.0701673100
-0.0696133300
-0.0689801700
-0.0683123200
-0.0676888200
-0.0671846000
-0.0668485200
-0.0666889600
-0.0666769800
-0.0667684100
-0.0669459000
-0.0672145600
-0.0675321200
-0.0678443200
-0.0681302400
-0.0683785400
-0.0685714100
-0.0686858900
-0.0686893600
-0.0685381900
-0.0681788600
-0.0675565100
-0.0666264900
-0.0653583800
-0.0637087900
-0.0616297500
-0.0590883100
-0.0561304800
-0.0528887400
-0.0494464400
-0.0458284300
-0.0420628600
-0.0381796100
-0.0342137800
-0.0301822500
-0.0260948500
-0.0219965200
-0.0179351600
-0.0139064000
-0.0099079130
-0.0059647420
-0.0020957030
0.0016980810
0.0054249100
0.0090499710
0.0124559800
0.0155491300
0.0182922900
0.0206541700
0.0226297800
0.0242527000
0.0255353700
0.0264507900
0.0270085100
0.0272598400
0.0272409100
0.0269820600
0.0265149500
0.0258790300
0.0251312200
0.0243545000
0.0236163600
0.0229174500
0.0222641200
0.0217143800
0.0213104300
0.0210784000
0.0210563400
0.0212575200
0.0216404000
0.0221645800
0.0228056300
0.0235177700
0.0242514600
0.0249848600
0.0256962300
0.0263525000
0.0269443700
0.0274873100
0.0279823400
0.0284093800
0.0287287700
0.0289168700
0.0289809700
0.0289331700
0.0287933200
0.0285962800
0.0283919900
0.0282362900
0.0281444100
0.0280998100
0.0281231700
0.0282652200
0.0285757900
0.0290634700
0.0296800500
0.0303858600
0.0311611300
0.0320091300
0.0329375300
0.0339438400
0.0350436900
0.0362616700
0.0375833100
0.0389614300
0.0403423900
0.0417081000
0.0430848000
0.0444748900
0.0458551900
0.0472050900
0.0484985200
0.0497153900
0.0508926600
0.0521075500
0.0533651200
0.0546398300
0.0559392100
0.0572391900
0.0584677600
0.0595892300
0.0605936800
0.0614407900
0.0620868700
0.0625153100
0.0627509600
0.0628475300
0.0628131800
0.0626132600
0.0622000900
0.0615543400
0.0607058600
0.0596792800
0.0584869500
0.0571352100
0.0556522500
0.0541046600
0.0525342700
0.0509383200
0.0493050000
0.0476399400
0.0459946300
0.0444201600
0.0429372200
0.0415630700
0.0403087100
0.0391688000
0.0381164300
0.0371062300
0.0361128600
0.0351402900
0.0341876900
0.0332430200
0.0322842600
0.0313049400
0.0303283300
0.0293743700
0.0284492000
0.0275424500
0.0266479200
0.0257827200
0.0249580000
0.0241762000
0.0234721200
0.0228955200
0.0224803200
0.0222641500
0.0222892800
0.0225496700
0.0229962400
0.0235971900
0.0243184000
0.0251038900
0.0259140000
0.0267313400
0.0275217700
0.0282478600
0.0288965600
0.0294518500
0.0298843200
0.0301918400
0.0304035000
0.0305481000
0.0306534700
0.0307443200
0.0308363500
0.0309322100
0.0310186200
0.0310642900
0.0310272600
0.0308939600
0.0306984100
0.0304593900
0.0301707800
0.0298332600
0.0294548400
0.0290442400
0.0285788800
0.0279934300
0.0272209300
0.0262328900
0.0250834200
0.0238533900
0.0225956800
0.0213542500
0.0201591100
0.0190128000
0.0179160000
0.0168913700
0.0159607300
0.0151286900
0.0143797800
0.0136908900
0.0130545600
0.0124483700
0.0118245200
0.0111477600
0.0104110000
0.0096391670
0.0088719270
0.0081371920
0.0074383930
0.0067539300
0.0060710060
0.0053952850
0.0047534300
0.0041644350
0.0036320940
0.0031781590
0.0028211390
0.0025398370
0.0022926760
0.0020327790
0.0017118540
0.0013101180
0.0008775549
0.0004654935
0.0000624114
-0.0003609041
-0.0008356463
-0.0013968700
-0.0020683700
-0.0028563430
-0.0037726820
-0.0048375360
-0.0060341980
-0.0073158020
-0.0086312310
-0.0099268820
-0.0111506600
-0.0122622400
-0.0132422000
-0.0140975300
-0.0148383600
-0.0154610900
-0.0159798900
-0.0164308100
-0.0168328600
-0.0171828200
-0.0174512000
-0.0175737100
-0.0174783100
-0.0171842400
-0.0167670700
-0.0162473400
-0.0156290500
-0.0149363800
-0.0142111000
-0.0135035400
-0.0128413200
-0.0122506100
-0.0117714400
-0.0114185200
-0.0111707600
-0.0110062600
-0.0109042500
-0.0108469900
-0.0108253100
-0.0108419000
-0.0109116800
-0.0110602100
-0.0113192000
-0.0117200300
-0.0122840300
-0.0130106600
-0.0138621900
-0.0147594500
-0.0156301800
-0.0164609000
-0.0172503300
-0.0180006000
-0.0187579600
-0.0195657000
-0.0204029200
-0.0212618500
-0.0221860300
-0.0231986900
-0.0242819800
-0.0253782300
-0.0264367700
-0.0274519400
-0.0284050900
-0.0292621800
-0.0300119400
-0.0306464300
-0.0311391600
-0.0314815700
-0.0316978800
-0.0318141100
-0.0318559700
-0.0318503500
-0.0318215400
-0.0317898700
-0.0317707200
-0.0317744000
-0.0318058000
-0.0318642500
-0.0319429100
-0.0320282400
-0.0320995100
-0.0321287200
-0.0320818200
-0.0319209900
-0.0316097500
-0.0311199100
-0.0304425000
-0.0296009900
-0.0286595400
-0.0276817300
-0.0266766100
-0.0256422300
-0.0245883000
-0.0234993600
-0.0223528400
-0.0211603100
-0.0199562800
-0.0187794800
-0.0176715600
-0.0166685400
-0.0157891700
-0.0150207200
-0.0143141600
-0.0136085900
-0.0128566700
-0.0120389900
-0.0111628000
-0.0102336400
-0.0092476740
-0.0081931270
-0.0070835190
-0.0059652160
-0.0048832830
-0.0038762300
-0.0029699600
-0.0021622680
-0.0014229050
-0.0007282608
-0.0000787924
0.0004942659
0.0009457127
0.0012471520
0.0014103680
0.0014834810
0.0014768600
0.0013657030
0.0011201210
0.0007409328
0.0002772446
-0.0002318821
-0.0007581683
-0.0012529820
-0.0016777800
-0.0020323800
-0.0023318800
-0.0025944570
-0.0028394260
-0.0030800630
-0.0033170230
-0.0035314830
-0.0036933140
-0.0038056450
-0.0039151420
-0.0040821240
-0.0043491300
-0.0047139020
-0.0051762710
-0.0057538840
-0.0064427210
-0.0072332080
-0.0081398940
-0.0091740600
-0.0103139600
-0.0114886000
-0.0125954200
-0.0135763900
-0.0144248400
-0.0151723500
-0.0158701100
-0.0165681900
-0.0173018400
-0.0180956000
-0.0189829900
-0.0199767200
-0.0210482900
-0.0221569100
-0.0232617400
-0.0243275900
-0.0253363900
-0.0262911300
-0.0271904300
-0.0280115900
-0.0287412000
-0.0293736100
-0.0298741300
-0.0301991800
-0.0303302900
-0.0302605400
-0.0299861700
-0.0295171500
-0.0288700500
-0.0280315900
-0.0269764300
-0.0257042200
-0.0242623800
-0.0227486300
-0.0212498100
-0.0198243500
-0.0185266800
-0.0173941100
-0.0164371300
-0.0156285200
-0.0149069200
-0.0142118300
-0.0135046700
-0.0127757900
-0.0120078500
-0.0111296700
-0.0100990700
-0.0089404170
-0.0076459070
-0.0061767950
-0.0045422600
-0.0027926790
-0.0009968168
0.0007865179
0.0025248160
0.0041900430
0.0057542620
0.0071924910
0.0084800000
0.0095945210
0.0105202800
0.0112574500
0.0118331100
0.0122985900
0.0126965000
0.0130534700
0.0133806000
0.0137049300
0.0140719200
0.0144709300
0.0148594700
0.0152687000
0.0157504000
0.0163107800
0.0169632900
0.0177472000
0.0186814200
0.0197661800
0.0210075700
0.0223868000
0.0238348800
0.0252909500
0.0267318200
0.0281464600
0.0295173800
0.0307902100
0.0319117700
0.0328746300
0.0336647300
0.0342463100
0.0346069700
0.0347772600
0.0348379600
0.0348827500
0.0349693400
0.0351311900
0.0353767700
0.0356784400
0.0359892900
0.0362817300
0.0365394600
0.0367419600
0.0368673400
0.0368917400
0.0367872900
0.0365235800
0.0360717400
0.0354129900
0.0345500900
0.0335255700
0.0324116100
0.0312305200
0.0299688100
0.0286344900
0.0272390000
0.0257816600
0.0242577300
0.0226623700
0.0209946700
0.0192617700
0.0174850400
0.0157058800
0.0139908400
0.0124338200
0.0111171300
0.0100233000
0.0090924240
0.0083120020
0.0076687280
0.0071313900
0.0066961730
0.0063747580
0.0061553080
0.0060131990
0.0059280700
0.0058798450
0.0058497500
0.0058223810
0.0057874830
0.0057407680
0.0056849700
0.0056300070
0.0055932820
0.0055986180
0.0056747080
0.0058516990
0.0061564270
0.0066048590
0.0071932160
0.0078868680
0.0086279500
0.0093718100
0.0101016600
0.0108335800
0.0115937000
0.0123968400
0.0132336200
0.0140736100
0.0148936800
0.0156877500
0.0164682500
0.0172375200
0.0179838800
0.0187187500
0.0194596000
0.0202009100
0.0209398200
0.0216884900
0.0224372800
0.0231552600
0.0238266500
0.0244337400
0.0249363500
0.0253067300
0.0255472500
0.0256612500
0.0256503100
0.0255162700
0.0252611600
0.0248891600
0.0244135200
0.0238498200
0.0231794600
0.0223820500
0.0214992200
0.0205679000
0.0195671800
0.0184794200
0.0173037000
0.0160171100
0.0145770400
0.0129317400
0.0110638600
0.0090116500
0.0068141630
0.0044921590
0.0020463340
-0.0005284733
-0.0032090160
-0.0059225980
-0.0085615560
-0.0111029900
-0.0135836400
-0.0159783300
-0.0182324000
-0.0203053000
-0.0221722800
-0.0238275000
-0.0252561100
-0.0264378800
-0.0273471500
-0.0279245600
-0.0280774600
-0.0277729100
-0.0270507200
-0.0259384100
-0.0244549000
-0.0226179800
-0.0204436600
-0.0179583000
-0.0152145800
-0.0122919100
-0.0092782270
-0.0062734870
-0.0033898850
-0.0007464913
0.0015399760
0.0033695870
0.0046835430
0.0054838820
0.0058338020
0.0058382650
0.0055654800
0.0050465380
0.0043001500
0.0033350680
0.0021665420
0.0008391412
-0.0005873663
-0.0020949040
-0.0036608360
-0.0052207100
-0.0067362910
-0.0082004080
-0.0095603560
-0.0107561700
-0.0117749100
-0.0126014900
-0.0131978900
-0.0135489200
-0.0136598700
-0.0135368300
-0.0132286200
-0.0128404000
-0.0124264900
-0.0119831100
-0.0115520000
-0.0111864400
-0.0109007600
-0.0107010800
-0.0106002500
-0.0106173700
-0.0107779200
-0.0111148400
-0.0116614500
-0.0124421600
-0.0134566900
-0.0146803700
-0.0160909900
-0.0176694700
-0.0193968500
-0.0212545400
-0.0232172600
-0.0252477300
-0.0273107800
-0.0294007900
-0.0315174800
-0.0336427500
-0.0357312800
-0.0377199400
-0.0395599500
-0.0412050300
-0.0425945200
-0.0436606700
-0.0443539700
-0.0447006700
-0.0447683000
-0.0445903400
-0.0441856600
-0.0435750400
-0.0427811500
-0.0418206000
-0.0406812000
-0.0393546300
-0.0378675400
-0.0362637300
-0.0346036900
-0.0329680600
-0.0314292600
-0.0300225000
-0.0287972600
-0.0278283300
-0.0271310900
-0.0266665400
-0.0263982000
-0.0262916000
-0.0263164600
-0.0264532700
-0.0266941500
-0.0270398700
-0.0274929800
-0.0280478100
-0.0286771400
-0.0293332000
-0.0299839600
-0.0306035700
-0.0311477100
-0.0315856700
-0.0319210700
-0.0321625000
-0.0323157700
-0.0323831200
-0.0323594600
-0.0322306500
-0.0319759200
-0.0315727500
-0.0310069000
-0.0302839300
-0.0294374300
-0.0285080800
-0.0275236500
-0.0264907800
-0.0254063900
-0.0242910400
-0.0231762400
-0.0220821600
-0.0210153800
-0.0199771100
-0.0190006000
-0.0181111200
-0.0172693300
-0.0164154200
-0.0155077800
-0.0145320300
-0.0135023700
-0.0124365800
-0.0113521700
-0.0102690400
-0.0092443540
-0.0083580760
-0.0076305750
-0.0070400110
-0.0065699640
-0.0062090840
-0.0059583330
-0.0058386370
-0.0058725590
-0.0060438460
-0.0063033550
-0.0065861950
-0.0068498440
-0.0070828730
-0.0072789220
-0.0074375120
-0.0075639530
-0.0076624800
-0.0077327970
-0.0077654800
-0.0077413910
-0.0076314870
-0.0074006380
-0.0070125360
-0.0064396030
-0.0056748620
-0.0047434250
-0.0036872550
-0.0025434340
-0.0013370650
-0.0000750500
0.0012590440
0.0026798100
0.0041703110
0.0057286030
0.0073874400
0.0091339000
0.0109160700
0.0127065300
0.0144858400
0.0162195400
0.0178620900
0.0193537800
0.0206271500
0.0216385400
0.0224066000
0.0229740900
0.0233793400
0.0236529700
0.0238317400
0.0239833400
0.0241574600
0.0243476500
0.0245558500
0.0248061100
0.0251108700
0.0254699900
0.0258700200
0.0262735300
0.0266276700
0.0269063300
0.0271109300
0.0272456400
0.0273202600
0.0273488900
0.0273460700
0.0273236000
0.0272898800
0.0272489100
0.0272013700
0.0271456500
0.0270803800
0.0270065500
0.0269304500
0.0268650200
0.0268326500
0.0268644400
0.0269989700
0.0272774600
0.0277370300
0.0283980500
0.0292614700
0.0303360200
0.0316312100
0.0331119300
0.0347056000
0.0363278900
0.0379235200
0.0394708100
0.0409107900
0.0421783100
0.0432675300
0.0442198900
0.0451065100
0.0459922600
0.0469130900
0.0478613300
0.0487955700
0.0496619300
0.0504057400
0.0509896200
0.0514121200
0.0517015500
0.0518962000
0.0520408800
0.0521810400
0.0523546500
0.0525845300
0.0528720400
0.0531896400
0.0534883400
0.0537408400
0.0539481600
0.0541141400
0.0542476200
0.0543611700
0.0544655400
0.0545648100
0.0546528300
0.0547098700
0.0547018900
0.0545794600
0.0542960600
0.0538602400
0.0533242900
0.0527256500
0.0520743400
0.0513484000
0.0505207800
0.0495747400
0.0485149300
0.0473575400
0.0461137100
0.0447873600
0.0433730000
0.0418511100
0.0401889100
0.0383503800
0.0363479900
0.0342577700
0.0321575300
0.0301058900
0.0281352800
0.0262588600
0.0244760200
0.0227273000
0.0208928900
0.0188369800
0.0164886800
0.0139039100
0.0111745000
0.0083841680
0.0056370100
0.0030090230
0.0005023246
-0.0019204950
-0.0042979540
-0.0066595660
-0.0090245120
-0.0114210600
-0.0138535400
-0.0162825100
-0.0186547900
-0.0209232400
-0.0230569300
-0.0250643800
-0.0269943100
-0.0288733200
-0.0306698100
-0.0323229100
-0.0337856300
-0.0350925200
-0.0363031000
-0.0374514900
-0.0385367800
-0.0395449400
-0.0405084900
-0.0414714700
-0.0424425600
-0.0433865400
-0.0442426500
-0.0450021200
-0.0456874800
-0.0463079600
-0.0468577000
-0.0473080700
-0.0475997900
-0.0476899500
-0.0476197400
-0.0474588900
-0.0472485300
-0.0469886100
-0.0466544600
-0.0462566700
-0.0458048400
-0.0452713600
-0.0446286000
-0.0438692300
-0.0430135300
-0.0420985300
-0.0411527200
-0.0401858800
-0.0391927100
-0.0381891300
-0.0372053200
-0.0362550600
-0.0353296400
-0.0344013700
-0.0334589800
-0.0325084200
-0.0315409400
-0.0305281200
-0.0294276700
-0.0282200000
-0.0269218000
-0.0255563000
-0.0241555600
-0.0227610800
-0.0214189500
-0.0201739700
-0.0190635600
-0.0181083100
-0.0173084800
-0.0166668600
-0.0162015600
-0.0159075900
-0.0157526600
-0.0157071400
-0.0157427800
-0.0158307100
-0.0159431700
-0.0160526500
-0.0161310000
-0.0161480900
-0.0160722700
-0.0158713000
-0.0155170300
-0.0149921700
-0.0143011100
-0.0134761900
-0.0125585400
-0.0115743100
-0.0105260300
-0.0094013370
-0.0082110770
-0.0069799670
-0.0057271750
-0.0044679960
-0.0032120040
-0.0019608940
-0.0007320739
0.0004154827
0.0014375700
0.0023349780
0.0030891390
0.0036683730
0.0040654890
0.0042784960
0.0042905130
0.0040725570
0.0035879860
0.0028004920
0.0016908890
0.0002697931
-0.0014344340
-0.0033785790
-0.0054963710
-0.0077150170
-0.0099838970
-0.0122520100
-0.0144548400
-0.0165526000
-0.0185295700
-0.0203586700
-0.0219966700
-0.0233922300
-0.0245292200
-0.0254371300
-0.0261242800
-0.0265955600
-0.0268856100
-0.0270359200
-0.0270790200
-0.0270400500
-0.0269368200
-0.0267803400
-0.0265784600
-0.0263403800
-0.0260843200
-0.0258277400
-0.0255480700
-0.0252185000
-0.0248628900
-0.0245064800
-0.0241493800
-0.0238021400
-0.0234922300
-0.0232579200
-0.0231194100
-0.0230504400
-0.0229984700
-0.0229076300
-0.0227625900
-0.0225631100
-0.0222789100
-0.0218752200
-0.0213314200
-0.0206431700
-0.0198128700
-0.0188253100
-0.0176776900
-0.0164016600
-0.0150379800
-0.0136296600
-0.0122243000
-0.0108687000
-0.0096057350
-0.0084683220
-0.0074733810
-0.0066150970
-0.0058803760
-0.0052753910
-0.0048007800
-0.0044340110
-0.0041616700
-0.0039871200
-0.0039257780
-0.0039740640
-0.0040865970
-0.0042347110
-0.0044150270
-0.0045670270
-0.0046041150
-0.0044758690
-0.0041552850
-0.0036341570
-0.0029394580
-0.0021246660
-0.0012343680
-0.0002901760
0.0007095577
0.0017590830
0.0028366230
0.0039350260
0.0050343640
0.0064543920
0.0074746100
0.0084272300
0.0093232890
0.0101461100
0.0108546100
0.0114367800
0.0119441600
0.0123986000
0.0127786300
0.0130934800
0.0133671600
0.0136115000
0.0138274800
0.0140033800
0.0141125800
0.0141372500
0.0141018400
0.0140314800
0.0139144500
0.0137303300
0.0134569600
0.0130716300
0.0125610800
0.0119328600
0.0112302900
0.0105305900
0.0099036900
0.0093950850
0.0090155800
0.0087543250
0.0085924060
0.0085057340
0.0084709160
0.0084716870
0.0085023240
0.0085693250
0.0086905780
0.0088926180
0.0092052270
0.0096535480
0.0102477700
0.0109694900
0.0117718600
0.0126172200
0.0134890100
0.0143951800
0.0153453300
0.0163251800
0.0172816300
0.0181485000
0.0189108900
0.0195759600
0.0201438100
0.0206506500
0.0211540700
0.0216516800
0.0221033900
0.0224825500
0.0227872200
0.0230461200
0.0232932300
0.0235643200
0.0238921000
0.0242943400
0.0247629000
0.0252539300
0.0256985200
0.0260429200
0.0262703700
0.0264039000
0.0264474200
0.0263810700
0.0262295100
0.0260252900
0.0257624400
0.0254588300
0.0251748900
0.0249402800
0.0247541200
0.0246107300
0.0244940000
0.0243770200
0.0242254800
0.0240204900
0.0237988600
0.0236198600
0.0235133600
0.0234563200
0.0233757700
0.0232143700
0.0229284900
0.0224817400
0.0219018700
0.0212868600
0.0206989300
0.0201615800
0.0197068000
0.0193677600
0.0191668600
0.0190779000
0.0190364800
0.0190062300
0.0189723800
0.0189263000
0.0188726000
0.0188291700
0.0188234800
0.0188873200
0.0190504800
0.0193323600
0.0197325100
0.0202210600
0.0207477800
0.0212739800
0.0217857200
0.0222967100
0.0228227600
0.0233655300
0.0239040700
0.0244047200
0.0248439000
0.0252195300
0.0255517300
0.0258531800
0.0261199100
0.0263298400
0.0264637700
0.0265205800
0.0264935900
0.0263834700
0.0262297200
0.0260463300
0.0257682800
0.0253609100
0.0248533800
0.0242478600
0.0235581300
0.0228600200
0.0222150800
0.0216238000
0.0210732600
0.0205432900
0.0200052500
0.0194319300
0.0188074700
0.0181371800
0.0174436200
0.0167338300
0.0160096600
0.0152841100
0.0145527800
0.0137831400
0.0129473300
0.0120348100
0.0110596200
0.0100492800
0.0090286490
0.0080131890
0.0070149980
0.0060704470
0.0052281300
0.0045225210
0.0039643910
0.0035368870
0.0032183120
0.0029846270
0.0028109730
0.0026753850
0.0025609770
0.0024555330
0.0023510810
0.0022419130
0.0021231610
0.0019884620
0.0018291750
0.0016334080
0.0013875640
0.0010768250
0.0006892040
0.0002197855
-0.0003232770
-0.0009130240
-0.0015118520
-0.0020985380
-0.0026560570
-0.0031619850
-0.0036181350
-0.0040584040
-0.0045195240
-0.0050354710
-0.0056299280
-0.0063030920
-0.0070286140
-0.0077788680
-0.0085346360
-0.0092895990
-0.0100366800
-0.0107567000
-0.0114394900
-0.0120955900
-0.0127572000
-0.0134663900
-0.0142491800
-0.0151001700
-0.0159847700
-0.0168893900
-0.0178111600
-0.0187164400
-0.0195537400
-0.0202787700
-0.0208860800
-0.0214129000
-0.0218936300
-0.0223524300
-0.0227994600
-0.0232434500
-0.0236924700
-0.0241276500
-0.0245101900
-0.0248071600
-0.0250010800
-0.0250958900
-0.0251037500
-0.0250403300
-0.0249233300
-0.0247703500
-0.0245961000
-0.0244116800
-0.0242242300
-0.0240378600
-0.0238543500
-0.0236747100
-0.0234998100
-0.0233322200
-0.0231763500
-0.0230392100
-0.0229297800
-0.0228584300
-0.0228349100
-0.0228657700
-0.0229500800
-0.0230742300
-0.0232233900
-0.0234318800
-0.0237457700
-0.0241508400
-0.0246188400
-0.0251481600
-0.0257446400
-0.0264098800
-0.0271186500
-0.0278347300
-0.0285385700
-0.0292149200
-0.0298440500
-0.0304034100
-0.0308661300
-0.0312038100
-0.0314051900
-0.0314924700
-0.0314955300
-0.0314353900
-0.0313202900
-0.0311501800
-0.0309317800
-0.0306699600
-0.0303578900
-0.0299780300
-0.0295106700
-0.0289596200
-0.0283405400
-0.0276579700
-0.0269375100
-0.0262372600
-0.0255903600
-0.0249940700
-0.0244404000
-0.0239138500
-0.0233915500
-0.0228490300
-0.0222652500
-0.0216277200
-0.0209378500
-0.0202135100
-0.0194791600
-0.0187511300
-0.0180300500
-0.0173001100
-0.0165459300
-0.0157590900
-0.0149426900
-0.0141059400
-0.0132562200
-0.0123965900
-0.0115302600
-0.0106768800
-0.0098565950
-0.0090653720
-0.0082964750
-0.0075530420
-0.0068336260
-0.0061284410
-0.0054213290
-0.0046995920
-0.0039664710
-0.0032323590
-0.0025103680
-0.0018156230
-0.0011626410
-0.0005614119
-0.0000135507
0.0004880202
0.0009458653
0.0013562640
0.0017233760
0.0020542430
0.0023487510
0.0026117680
0.0028601230
0.0031120020
0.0033820030
0.0036796440
0.0040043540
0.0043441330
0.0046839410
0.0050143950
0.0053358700
0.0056573680
0.0059844470
0.0063152580
0.0066384030
0.0069397390
0.0072084160
0.0074403640
0.0076365460
0.0077955140
0.0079206120
0.0080277150
0.0081364880
0.0082614730
0.0083968820
0.0085266460
0.0086505770
0.0087757260
0.0089057110
0.0090415340
0.0091787560
0.0093054050
0.0094122010
0.0095076740
0.0096000000
0.0096846390
0.0097599830
0.0098286540
0.0098871760
0.0099314070
0.0099632740
0.0099853830
0.0099965810
0.0099914100
0.0099628100
0.0099108630
0.0098405170
0.0097573970
0.0096681290
0.0095800350
0.0094999190
0.0094332360
0.0093827800
0.0093478370
0.0093245030
0.0093127360
0.0093153760
0.0093234360
0.0093229270
0.0093117580
0.0092931020
0.0092686540
0.0092380710
0.0091997660
0.0091562490
0.0091115980
0.0090670390
0.0090253180
0.0089923430
0.0089715030
0.0089605140
0.0089506180
0.0089317970
0.0089000760
0.0088512490
0.0087795730
0.0086890010
0.0085906360
0.0084889610
0.0083852560
0.0082821540
0.0081787180
0.0080693000
0.0079484740
0.0078128890
0.0076623980
0.0074989020
0.0073244290
0.0071409290
0.0069499990
0.0067525430
0.0065488750
0.0063390160
0.0061233260
0.0059032010
0.0056820010
0.0054645510
0.0052539150
0.0050524330
0.0048635000
0.0046889300
0.0045275610
0.0043775020
0.0042367450
0.0041032070
0.0039750190
0.0038506850
0.0037291230
0.0036095960
0.0034916120
0.0033747830
0.0032587270
0.0031429850
0.0030269960
0.0029101600
0.0027919510
0.0026721210
0.0025509660
0.0024293810
0.0023077220
0.0021853000
0.0020635780
0.0019464590
0.0018353610
0.0017297110
0.0016294380
0.0015349920
0.0014468890
0.0013630930
0.0012795390
0.0011957290
0.0011131590
0.0010318060
0.0009517794
0.0008743022
0.0008004879
0.0007309285
0.0006656572
0.0006046067
0.0005482450
0.0004970130
0.0004508270
0.0004089558
0.0003701729
0.0003335113
0.0002984419
0.0002648834
0.0002327262
0.0002016679
0.0001717688
0.0001432974
0.0001161388
0.0000901011
0.0000653094
0.0000422801
0.0000218114
0.0000044619
-0.0000096993
-0.0000212180
-0.0000311772
-0.0000408081
-0.0000506640
-0.0000604975
-0.0000702790
-0.0000802006
-0.0000904387
-0.0001010421
-0.0001118460
-0.0001226991
-0.0001335636
-0.0001445271
-0.0001557105
-0.0001671181
-0.0001787770
-0.0001907915
-0.0002031512
-0.0002157364
-0.0002284875
-0.0002413222
-0.0002540696
-0.0002667184
-0.0002794681
-0.0002923670
-0.0003053045
-0.0003182163
-0.0003310830
-0.0003439103
-0.0003566722
-0.0003692933
-0.0003817239
-0.0003939529
-0.0004059976
-0.0004178662
-0.0004295240
-0.0004409307
-0.0004520567
-0.0004628803
-0.0004733924
-0.0004835960
-0.0004935065
-0.0005031405
-0.0005124854
-0.0005215037
-0.0005301831
-0.0005385290
-0.0005465489
-0.0005542533
-0.0005616563
-0.0005687722
-0.0005756158
-0.0005822002
-0.0005885374
-0.0005946380
-0.0006005113
-0.0006061651
-0.0006116060
-0.0006168392
-0.0006218682
-0.0006266955
-0.0006313222
-0.0006357485
-0.0006399759
-0.0006440098
-0.0006478585
-0.0006515300
-0.0006550323
-0.0006583732
-0.0006615603
-0.0006646002
-0.0006674978
-0.0006702571
-0.0006728811
-0.0006753718
-0.0006777307
-0.0006799587
-0.0006820571
-0.0006840265
-0.0006858678
-0.0006875819
-0.0006891693
-0.0006906308
-0.0006919669
0.0000000000
