0.0000171308
0.0000175030
0.0000178065
0.0000181002
0.0000185570
0.0000190066
0.0000191204
0.0000189890
0.0000189411
0.0000193586
0.0000205054
0.0000219210
0.0000226186
0.0000226634
0.0000225711
0.0000214050
0.0000200064
0.0000210861
0.0000231825
0.0000235110
0.0000218914
0.0000211614
0.0000208532
0.0000209764
0.0000229825
0.0000251344
0.0000265143
0.0000254467
0.0000232407
0.0000258210
0.0000271607
0.0000246487
0.0000262206
0.0000263545
0.0000240526
0.0000243434
0.0000267087
0.0000282752
0.0000290320
0.0000300414
0.0000257384
0.0000130864
0.0000148989
0.0000285824
0.0000394300
0.0000388269
0.0000344318
0.0000319091
0.0000232554
0.0000267123
0.0000434929
0.0000491758
0.0000486177
0.0000477870
0.0000376325
0.0000103287
-0.0000102169
0.0000056999
0.0000481496
0.0000587357
0.0000287745
0.0000193194
0.0000410146
0.0000600342
0.0000574472
0.0000623928
0.0000731425
0.0000731679
0.0000518528
0.0000191770
0.0000214189
0.0000402559
0.0000300970
-0.0000101686
-0.0000273128
-0.0000009181
0.0000186401
0.0000143018
0.0000081923
0.0000409605
0.0000939434
0.0001077541
0.0000646962
0.0000193198
0.0000179614
0.0000133772
0.0000238891
0.0000768096
0.0001287743
0.0001183986
0.0000497865
0.0000180790
0.0000397014
0.0000857142
0.0000676575
-0.0000053913
-0.0000217416
0.0000304155
0.0000616659
0.0000209630
-0.0000087956
0.0000207722
0.0000214195
0.0000137186
0.0000463336
0.0000574615
0.0000564211
0.0000440231
0.0000536432
0.0001184058
0.0001352919
0.0000292608
-0.0000764615
-0.0000105265
0.0000886247
0.0000747238
0.0000448999
0.0000720441
0.0000949554
0.0000870211
0.0000432998
-0.0000083161
-0.0000095076
0.0000273179
0.0000620586
0.0000324356
-0.0000169638
0.0000021585
0.0000100810
-0.0000189115
0.0000457957
0.0000937561
0.0000174947
-0.0000610190
-0.0000453453
0.0000102913
0.0000253990
0.0000361295
0.0000709235
0.0000944848
0.0000980555
0.0000315167
-0.0000746599
-0.0000845664
0.0000670311
0.0002434364
0.0003073780
0.0002859359
0.0001850966
0.0000726682
0.0000709106
0.0001298398
0.0001257953
0.0000879949
0.0000894657
0.0001142357
0.0001579030
0.0001848686
0.0001092387
0.0000102635
0.0000354257
0.0000958797
0.0000702011
-0.0000018148
-0.0001103987
-0.0001644299
-0.0000580873
0.0000886439
0.0001238612
0.0001051233
0.0001071413
0.0001141692
0.0000863423
0.0000402191
0.0000291671
0.0000270138
0.0000023734
-0.0000359049
-0.0000135503
0.0000551653
0.0000609368
-0.0000048032
0.0000182864
0.0001054401
0.0000816757
0.0000636900
0.0000515944
-0.0000016647
0.0000003142
-0.0000598881
-0.0002439612
-0.0002111153
-0.0000098253
0.0001214404
0.0000913782
0.0000526693
0.0000505605
0.0000457446
-0.0000114887
-0.0000949502
-0.0000624300
0.0000694890
0.0000322457
-0.0001628818
-0.0001575777
-0.0000469537
-0.0000397897
-0.0000361450
0.0000324155
0.0000543161
0.0000417994
0.0000240524
-0.0000782373
-0.0001730688
-0.0000674161
0.0001272815
0.0001670281
0.0001644347
0.0001473653
0.0000572562
0.0000474329
0.0001530516
0.0002360608
0.0002122350
0.0001505827
0.0000752648
0.0000252134
0.0000917463
0.0001731390
0.0001047296
0.0000267877
0.0001163856
0.0001897333
0.0001405307
0.0000039772
-0.0000544347
0.0000120990
0.0001051588
0.0001221676
0.0000877089
0.0000742313
0.0000574776
0.0000416671
0.0000229003
0.0000535068
0.0000383437
-0.0000320908
-0.0000228068
0.0001155278
0.0002016310
0.0000668969
-0.0001345659
-0.0002033954
-0.0000132525
0.0002197743
0.0001709272
0.0000403400
0.0000963042
0.0002623510
0.0002731317
0.0001428434
-0.0000149680
-0.0000080973
0.0001406834
0.0001758539
0.0000862186
0.0000846436
0.0001638209
0.0001570242
0.0001481810
0.0002001229
0.0003032648
0.0002984885
0.0000702684
-0.0001278747
-0.0000551973
0.0001041238
0.0001334565
0.0000678066
0.0000990784
0.0002499211
0.0002828748
0.0001584119
0.0000557444
0.0000369779
0.0001341877
0.0002163970
0.0001536915
0.0000102657
-0.0000254234
0.0000986386
0.0001889771
0.0001393096
0.0001023352
0.0000850423
0.0000553158
0.0000522033
0.0000878103
0.0000993115
0.0000935423
0.0000738073
0.0000230220
0.0000333492
0.0000900872
0.0000832325
0.0000484349
0.0000577667
0.0000667918
0.0000371029
0.0000558824
0.0001954973
0.0002000942
-0.0001574254
-0.0004130795
-0.0001551671
0.0001182801
0.0001065868
0.0000184563
0.0000077314
0.0000909507
0.0002106872
0.0001995473
0.0000800001
0.0000694131
0.0001450867
0.0001360951
0.0001143530
0.0000465119
-0.0000212908
0.0000301926
0.0001304519
0.0001885690
0.0001290632
-0.0000162014
-0.0000232167
-0.0000135449
-0.0000802034
-0.0000766035
0.0000357573
0.0001332298
0.0001897567
0.0002346314
0.0001835825
0.0000871948
0.0000577265
0.0001569983
0.0002150716
0.0001993479
0.0000849521
-0.0000059331
0.0000348996
-0.0000651615
-0.0002103907
-0.0001465394
0.0000542908
0.0001722293
0.0001430555
0.0000537577
0.0000282369
0.0000761348
0.0001043943
0.0000917502
0.0000297808
-0.0000604787
-0.0000899669
0.0000159934
0.0001688755
0.0002756985
0.0002001293
0.0000560273
0.0000263173
0.0000336365
0.0000265972
0.0000354295
0.0000587762
0.0001213803
0.0001452064
0.0001372526
0.0001453480
0.0001665512
0.0001117184
0.0000091235
-0.0000456724
-0.0000126752
0.0001003841
0.0001359213
-0.0000014347
-0.0001233452
-0.0000606416
0.0001897091
0.0003659493
0.0002777906
0.0001150633
0.0000845459
0.0001630350
0.0001445575
0.0000142949
-0.0000422924
0.0000063252
0.0000265303
-0.0000002786
-0.0000291233
-0.0000074863
0.0000177358
0.0000637360
0.0001235637
0.0001134815
0.0001395413
0.0001871891
0.0001193888
-0.0000671436
-0.0001110990
0.0000893821
0.0002571721
0.0001780959
-0.0000097448
-0.0000332020
0.0000863638
0.0001357130
0.0000573924
0.0000549860
0.0000721027
0.0000547882
0.0001036821
0.0001210385
0.0001084097
0.0000986021
0.0001544753
0.0001295640
-0.0002040876
-0.0004742355
-0.0002670721
0.0000438693
0.0001401769
0.0000312200
-0.0000917730
-0.0001216231
-0.0000759812
-0.0000309050
-0.0000028318
-0.0000002389
-0.0000030988
0.0000648719
0.0001258932
0.0001681776
0.0001563694
0.0000523014
-0.0000634098
-0.0001273834
-0.0000820341
0.0000558404
0.0001458358
0.0001499173
0.0001541871
0.0001532654
0.0000305088
-0.0001585374
-0.0001755339
-0.0000057695
0.0001055734
0.0000109466
-0.0000968916
-0.0000627979
-0.0000643463
-0.0001760216
-0.0001605161
0.0000594571
0.0002123967
0.0001195062
0.0000092220
0.0000527243
0.0000930268
-0.0000347212
-0.0002261261
-0.0001589848
0.0000505798
0.0001563703
0.0000716295
0.0000532276
0.0001758723
0.0000843448
-0.0001865851
-0.0002964307
-0.0001147110
-0.0000472782
-0.0001293065
-0.0002226532
-0.0002439494
-0.0001162235
-0.0000187116
-0.0000187345
-0.0000164572
0.0000728091
0.0000996119
0.0000817511
0.0000282557
-0.0000208107
-0.0000262524
-0.0000498325
-0.0001210317
-0.0001724669
-0.0001150492
-0.0000145359
0.0000416385
0.0000059385
-0.0000936181
-0.0000916066
-0.0000070130
-0.0000104037
-0.0000621672
-0.0000999681
-0.0001507815
-0.0002147229
-0.0002449561
-0.0002331890
-0.0002187724
-0.0001864114
-0.0002002727
-0.0002936195
-0.0004266561
-0.0005158096
-0.0004580509
-0.0002925371
-0.0001584692
-0.0001113015
-0.0001543094
-0.0002740781
-0.0003740886
-0.0002921936
-0.0001794331
-0.0001856456
-0.0001833799
-0.0000926222
-0.0000059110
-0.0000433939
-0.0000895580
-0.0000096491
0.0000851343
0.0000691496
0.0000023399
-0.0000145724
-0.0001573330
-0.0003697637
-0.0003996886
-0.0003166979
-0.0003547730
-0.0006093677
-0.0008724071
-0.0006856835
-0.0002916411
-0.0000833753
-0.0001143485
-0.0003455197
-0.0006396869
-0.0008373792
-0.0007397761
-0.0003073583
0.0003030741
0.0007082606
0.0005193865
-0.0000654126
-0.0006391669
-0.0009783269
-0.0010439280
-0.0009874086
-0.0010215040
-0.0011733520
-0.0013445440
-0.0014984710
-0.0016093210
-0.0015518700
-0.0012173560
-0.0007845437
-0.0007116275
-0.0012049120
-0.0019856780
-0.0023859260
-0.0021907880
-0.0018065930
-0.0015731670
-0.0014596990
-0.0013702180
-0.0012912220
-0.0010910590
-0.0006742042
-0.0002700480
-0.0001309000
-0.0002409911
-0.0004442089
-0.0004138082
0.0001991733
0.0013461420
0.0023633360
0.0027324020
0.0024186640
0.0014535090
0.0000893246
-0.0010628030
-0.0017144180
-0.0020654080
-0.0023642030
-0.0025873310
-0.0025665940
-0.0023789570
-0.0020890620
-0.0015645020
-0.0011330060
-0.0014852670
-0.0027149980
-0.0041251320
-0.0048846390
-0.0045919760
-0.0034174280
-0.0018017070
-0.0002712365
0.0005078581
0.0003574740
-0.0003827257
-0.0010814410
-0.0011802270
-0.0007470161
-0.0000570825
0.0008642370
0.0020339450
0.0030106040
0.0032551450
0.0029262000
0.0023248750
0.0015600550
0.0005904757
-0.0002958870
-0.0004239187
0.0006071670
0.0024429960
0.0042047310
0.0053732390
0.0056870640
0.0048936950
0.0032490590
0.0013573460
-0.0003205186
-0.0017572190
-0.0029856740
-0.0038732050
-0.0042526230
-0.0040472240
-0.0033965460
-0.0025353230
-0.0016403990
-0.0007508329
0.0000906947
0.0007706235
0.0014011610
0.0020963070
0.0027304860
0.0030857540
0.0030557600
0.0025623560
0.0020370750
0.0018904540
0.0019244120
0.0019565300
0.0020719530
0.0022599810
0.0022493620
0.0018755450
0.0009386494
-0.0005553607
-0.0022815780
-0.0038357350
-0.0047274510
-0.0044162300
-0.0030484660
-0.0016008310
-0.0008637115
-0.0010400690
-0.0019235980
-0.0029980550
-0.0037083820
-0.0040298020
-0.0040963970
-0.0040268870
-0.0039510170
-0.0040189950
-0.0044852670
-0.0053996620
-0.0066961100
-0.0079458190
-0.0082775510
-0.0070333830
-0.0040927100
0.0000785540
0.0044591240
0.0076757750
0.0085098210
0.0066715100
0.0029241710
-0.0012598110
-0.0045431890
-0.0061619240
-0.0058586970
-0.0040328920
-0.0015284330
0.0009107812
0.0029461030
0.0045601980
0.0057741450
0.0064429320
0.0064335710
0.0057233590
0.0043939500
0.0025267340
0.0001937801
-0.0018837000
-0.0029660970
-0.0031516060
-0.0029587020
-0.0028116280
-0.0032499120
-0.0044958350
-0.0063078260
-0.0083510410
-0.0101127800
-0.0108211600
-0.0100792600
-0.0083192750
-0.0064324790
-0.0050856180
-0.0046858960
-0.0053030530
-0.0061159330
-0.0057583860
-0.0033445120
0.0011094730
0.0067211650
0.0122030200
0.0163324100
0.0183656500
0.0181844100
0.0164005800
0.0140682800
0.0117637000
0.0096980060
0.0080953740
0.0070062300
0.0063672790
0.0066096620
0.0082808030
0.0111356400
0.0136920100
0.0143149500
0.0123020700
0.0080142130
0.0025299510
-0.0026894710
-0.0061966490
-0.0070908620
-0.0055640060
-0.0027786870
-0.0004683300
0.0002891043
-0.0007589641
-0.0032067920
-0.0060367060
-0.0082369600
-0.0089451790
-0.0076695430
-0.0046520560
-0.0008816705
0.0026520380
0.0053134360
0.0063967730
0.0059014430
0.0046404890
0.0032910980
0.0020633410
0.0012434020
0.0013736010
0.0027454520
0.0049648110
0.0071620780
0.0083629660
0.0082905720
0.0072209890
0.0050381540
0.0014179580
-0.0032770530
-0.0076483820
-0.0101320000
-0.0100064800
-0.0072830920
-0.0023863290
0.0034564960
0.0082802300
0.0102680800
0.0088029520
0.0047293980
-0.0006920613
-0.0064000800
-0.0111247100
-0.0132733000
-0.0116840800
-0.0066784190
0.0002778823
0.0070449770
0.0112023300
0.0110213300
0.0062107260
-0.0018741210
-0.0104862300
-0.0165519600
-0.0182918900
-0.0157971500
-0.0104401500
-0.0041676630
0.0008704583
0.0028522300
0.0011959600
-0.0030907650
-0.0080573400
-0.0114648600
-0.0117018100
-0.0090443860
-0.0050888490
-0.0015621580
0.0007966202
0.0022902490
0.0032269280
0.0036591070
0.0034074310
0.0023491050
0.0007164234
-0.0012039790
-0.0028008890
-0.0032190430
-0.0018740460
0.0010297550
0.0045296370
0.0071960290
0.0078043030
0.0059236400
0.0019196840
-0.0029736090
-0.0075678720
-0.0111256700
-0.0134308500
-0.0140175100
-0.0123018500
-0.0083875500
-0.0032919690
0.0011714690
0.0028812040
0.0007403637
-0.0045911290
-0.0111264800
-0.0163606200
-0.0181214900
-0.0155942900
-0.0097196830
-0.0025024770
0.0041752380
0.0091050150
0.0115906200
0.0118877800
0.0107282100
0.0088679270
0.0067814170
0.0044570130
0.0016868870
-0.0014785900
-0.0044388540
-0.0064332490
-0.0066881950
-0.0046327370
-0.0006446366
0.0042292750
0.0091268950
0.0133683000
0.0161914500
0.0167226000
0.0144422800
0.0098809210
0.0044370740
-0.0003369835
-0.0035364590
-0.0050810910
-0.0052605150
-0.0049033550
-0.0049001530
-0.0055537910
-0.0064316890
-0.0065763450
-0.0053993850
-0.0032408340
-0.0009193428
0.0006046434
0.0006145056
-0.0009801434
-0.0036678600
-0.0067782790
-0.0099818110
-0.0133299400
-0.0163832900
-0.0176642900
-0.0155508300
-0.0096456350
-0.0011473470
0.0072969740
0.0126646600
0.0132870500
0.0093707730
0.0028221410
-0.0034940960
-0.0071994750
-0.0079874390
-0.0066705400
-0.0038227820
0.0003817036
0.0053872970
0.0101457000
0.0134358400
0.0142073700
0.0119395400
0.0071824470
0.0014721810
-0.0030777470
-0.0045328330
-0.0022397190
0.0025875520
0.0072421140
0.0090678760
0.0066797690
0.0005201666
-0.0074225520
-0.0146225700
-0.0188484300
-0.0186340000
-0.0138481700
-0.0059299680
0.0026918220
0.0094193760
0.0122202600
0.0100614600
0.0033221430
-0.0062503810
-0.0160097400
-0.0226246900
-0.0239157900
-0.0195919300
-0.0107795600
0.0005564117
0.0121541200
0.0217137300
0.0276735700
0.0293312900
0.0270308100
0.0221461200
0.0161319700
0.0104018900
0.0067661790
0.0064919860
0.0089958960
0.0122606300
0.0139314200
0.0123667800
0.0076385780
0.0012840580
-0.0047302760
-0.0090939830
-0.0116844300
-0.0131938800
-0.0141196200
-0.0141605300
-0.0128792900
-0.0103324900
-0.0068208420
-0.0028678310
0.0008355203
0.0035850080
0.0045308460
0.0031080180
0.0001512419
-0.0023080100
-0.0027726910
-0.0012586070
0.0013760390
0.0041726260
0.0065017430
0.0081381860
0.0090636620
0.0095816850
0.0098528460
0.0091431100
0.0065422290
0.0020542080
-0.0034403820
-0.0091157750
-0.0144024500
-0.0189293700
-0.0223304900
-0.0239647900
-0.0227572500
-0.0176329200
-0.0089255070
0.0011201480
0.0093239160
0.0131278200
0.0121586800
0.0082609990
0.0045931170
0.0038484360
0.0065787620
0.0111564700
0.0147638100
0.0152090100
0.0125212600
0.0084487150
0.0045088480
0.0013495040
-0.0010301280
-0.0026226110
-0.0032650530
-0.0032383660
-0.0028946920
-0.0018985780
0.0000878849
0.0023734070
0.0037307800
0.0033874850
0.0013418790
-0.0015711040
-0.0040728830
-0.0049783970
-0.0038558520
-0.0013897430
0.0012490720
0.0033743770
0.0050252180
0.0069137420
0.0093955760
0.0120158200
0.0137560500
0.0135202200
0.0107820900
0.0061453360
0.0012821210
-0.0016988910
-0.0011760250
0.0028485630
0.0086902970
0.0138501000
0.0161045700
0.0142699900
0.0080633840
-0.0021729940
-0.0149093900
-0.0275035100
-0.0373569300
-0.0425754100
-0.0423399600
-0.0369934300
-0.0277921600
-0.0163824800
-0.0049036500
0.0037847570
0.0070912040
0.0041691510
-0.0036249030
-0.0130512700
-0.0200425100
-0.0212849900
-0.0156156400
-0.0047032290
0.0074590550
0.0166744500
0.0209095900
0.0207916100
0.0184997900
0.0162276100
0.0152743700
0.0160373500
0.0183226000
0.0215570900
0.0252546200
0.0291407100
0.0329938700
0.0363186500
0.0381397500
0.0374663900
0.0333066700
0.0251196400
0.0135339800
0.0007186725
-0.0093964990
-0.0131411700
-0.0095305990
-0.0001933736
0.0114870500
0.0216410500
0.0274163300
0.0280825300
0.0251574900
0.0210528000
0.0176328300
0.0156231300
0.0146179900
0.0139854700
0.0134934200
0.0134014900
0.0143938800
0.0171957100
0.0219288700
0.0280870700
0.0347014600
0.0404837400
0.0439632700
0.0442308200
0.0419159500
0.0387548700
0.0367685900
0.0374021600
0.0405390900
0.0452225800
0.0499300600
0.0531263600
0.0541116000
0.0526962000
0.0488307800
0.0420928400
0.0319136100
0.0181383300
0.0016063850
-0.0162141900
-0.0335551700
-0.0483901700
-0.0593601500
-0.0662251100
-0.0696304200
-0.0707594300
-0.0710029500
-0.0714110300
-0.0726428900
-0.0748622200
-0.0773392000
-0.0786566300
-0.0771187700
-0.0714409500
-0.0614875200
-0.0485246600
-0.0346212500
-0.0218351700
-0.0116283300
-0.0043167060
0.0009711910
0.0057114510
0.0111503800
0.0180493500
0.0266932200
0.0370560000
0.0488791000
0.0616102800
0.0740642700
0.0844084200
0.0909794600
0.0926727800
0.0893491800
0.0821893800
0.0732698700
0.0648861400
0.0588991400
0.0562652400
0.0567543900
0.0594752700
0.0628015200
0.0647464900
0.0642261900
0.0610710400
0.0561443000
0.0507665800
0.0460821300
0.0431113100
0.0423433200
0.0433136200
0.0450284600
0.0464829200
0.0467336800
0.0446179200
0.0391646500
0.0301006600
0.0181120800
0.0049133040
-0.0074280820
-0.0168808300
-0.0223505300
-0.0242706000
-0.0241680500
-0.0241927000
-0.0264465200
-0.0322315200
-0.0417649300
-0.0543371200
-0.0686121200
-0.0831715500
-0.0965609000
-0.1071280000
-0.1132953000
-0.1145589000
-0.1118089000
-0.1074501000
-0.1047422000
-0.1062850000
-0.1129912000
-0.1239810000
-0.1365035000
-0.1463079000
-0.1490792000
-0.1424315000
-0.1267313000
-0.1052903000
-0.0838747400
-0.0686540100
-0.0641943600
-0.0722903300
-0.0910052300
-0.1151107000
-0.1377825000
-0.1535082000
-0.1600157000
-0.1580802000
-0.1502227000
-0.1395237000
-0.1285130000
-0.1177042000
-0.1059712000
-0.0923067500
-0.0766404800
-0.0599706100
-0.0443239800
-0.0317834900
-0.0232885800
-0.0179928600
-0.0136054000
-0.0071606270
0.0039976400
0.0208950500
0.0425730700
0.0667005400
0.0897269300
0.1079656000
0.1191209000
0.1231730000
0.1220030000
0.1186130000
0.1161505000
0.1169067000
0.1219516000
0.1314627000
0.1439236000
0.1558901000
0.1633604000
0.1636532000
0.1563203000
0.1422344000
0.1224843000
0.0978815700
0.0695920800
0.0396189800
0.0108411000
-0.0130774200
-0.0281180400
-0.0312874200
-0.0226371700
-0.0058087010
0.0126638300
0.0250340900
0.0247141200
0.0087182630
-0.0216663600
-0.0616397400
-0.1045216000
-0.1436088000
-0.1734847000
-0.1910714000
-0.1961072000
-0.1904351000
-0.1766159000
-0.1574597000
-0.1362988000
-0.1159211000
-0.0977326400
-0.0822319900
-0.0696342900
-0.0602374100
-0.0540746500
-0.0508116600
-0.0492280300
-0.0470693900
-0.0413395400
-0.0293062100
-0.0094021530
0.0177846400
0.0491336900
0.0798697200
0.1051793000
0.1217988000
0.1289660000
0.1281484000
0.1222756000
0.1149297000
0.1088027000
0.1048731000
0.1029118000
0.1016728000
0.0993369600
0.0947093800
0.0880255900
0.0805789300
0.0744488400
0.0722459400
0.0753489400
0.0834643800
0.0948882000
0.1070629000
0.1176976000
0.1252901000
0.1283198000
0.1244141000
0.1105846000
0.0851062200
0.0489673000
0.0055366810
-0.0408688500
-0.0856926600
-0.1246254000
-0.1542477000
-0.1725712000
-0.1790204000
-0.1739446000
-0.1585204000
-0.1350347000
-0.1063544000
-0.0754319200
-0.0459964800
-0.0225845700
-0.0088018830
-0.0058411430
-0.0117235800
-0.0214464700
-0.0290755600
-0.0298743400
-0.0217887600
-0.0058500320
0.0141578200
0.0330411100
0.0461003200
0.0508884300
0.0475771500
0.0383115000
0.0260508700
0.0137806900
0.0038776250
-0.0029425550
-0.0073745300
-0.0104293900
-0.0124771800
-0.0132222900
-0.0121843400
-0.0089618310
-0.0030723380
0.0058861060
0.0178109900
0.0318510700
0.0459944100
0.0569802800
0.0615947700
0.0584687400
0.0489795600
0.0363452600
0.0240236300
0.0149787700
0.0115154200
0.0146384600
0.0240990900
0.0390437700
0.0575925900
0.0773718800
0.0963586900
0.1129378000
0.1258734000
0.1341645000
0.1361362000
0.1295285000
0.1129597000
0.0872304000
0.0557327900
0.0240430900
-0.0013066670
-0.0147199300
-0.0132779700
0.0020421130
0.0263085800
0.0520562400
0.0715990800
0.0791925100
0.0720789900
0.0509092400
0.0197963000
-0.0154338500
-0.0494619700
-0.0780618400
-0.0977459900
-0.1051570000
-0.0975280800
-0.0742098100
-0.0378136100
0.0062994510
0.0511573700
0.0890741800
0.1133062000
0.1197158000
0.1082531000
0.0833557800
0.0528726400
0.0259353500
0.0097525010
0.0080749270
0.0206341700
0.0431899000
0.0690002700
0.0911816200
0.1046309000
0.1068467000
0.0980521000
0.0806892700
0.0583032200
0.0342621500
0.0111754500
-0.0090029180
-0.0248217000
-0.0352816700
-0.0396405900
-0.0374684100
-0.0288616800
-0.0147609800
0.0027924600
0.0208156800
0.0364283100
0.0473560900
0.0519836900
0.0498921600
0.0421610000
0.0309601000
0.0189398000
0.0086136350
0.0020227460
0.0002533699
0.0031029720
0.0090770600
0.0158000000
0.0206521200
0.0207434700
0.0139800000
0.0001574950
-0.0194883600
-0.0431089600
-0.0682156900
-0.0920948600
-0.1128695000
-0.1295628000
-0.1421729000
-0.1518611000
-0.1603644000
-0.1691037000
-0.1787216000
-0.1891827000
-0.2000486000
-0.2104609000
-0.2190785000
-0.2244304000
-0.2250042000
-0.2196218000
-0.2081200000
-0.1917502000
-0.1732620000
-0.1560389000
-0.1432689000
-0.1375179000
-0.1398392000
-0.1491405000
-0.1626533000
-0.1769663000
-0.1884129000
-0.1932901000
-0.1889063000
-0.1742530000
-0.1499104000
-0.1182246000
-0.0828244600
-0.0473163200
-0.0144617700
0.0139846300
0.0373156000
0.0559733700
0.0711375600
0.0841798400
0.0966122300
0.1097513000
0.1240725000
0.1394511000
0.1554857000
0.1714461000
0.1864607000
0.1994778000
0.2092247000
0.2149191000
0.2165887000
0.2147216000
0.2106722000
0.2065807000
0.2039924000
0.2022327000
0.1985862000
0.1896911000
0.1730079000
0.1485493000
0.1194532000
0.0904701900
0.0659501000
0.0483167500
0.0375703800
0.0315829100
0.0270102300
0.0206878600
0.0106209000
-0.0036052870
-0.0208647500
-0.0390390800
-0.0556364200
-0.0684281200
-0.0760836200
-0.0783683500
-0.0762650700
-0.0716772800
-0.0667052300
-0.0625898700
-0.0597292400
-0.0581590400
-0.0575020900
-0.0572216000
-0.0572520800
-0.0577577800
-0.0586535500
-0.0601204400
-0.0622145300
-0.0646994300
-0.0672057500
-0.0692662800
-0.0697445900
-0.0672139200
-0.0611579600
-0.0523606500
-0.0424060300
-0.0332126500
-0.0267537700
-0.0244984200
-0.0265174300
-0.0317068200
-0.0384515800
-0.0448743000
-0.0490253100
-0.0490784100
-0.0440415700
-0.0342793100
-0.0211971700
-0.0064741440
0.0083179240
0.0221113400
0.0346749400
0.0462164300
0.0574735100
0.0692457800
0.0814822600
0.0932411500
0.1028382000
0.1082664000
0.1076704000
0.1001648000
0.0866346000
0.0694234800
0.0511673500
0.0341041100
0.0200622100
0.0099109410
0.0031873420
-0.0016214620
-0.0063169690
-0.0124553400
-0.0205215200
-0.0297922800
-0.0386332000
-0.0450924300
-0.0476054600
-0.0457020600
-0.0405353700
-0.0343427400
-0.0295587500
-0.0280677300
-0.0308687000
-0.0375768500
-0.0462875700
-0.0539633700
-0.0579914700
-0.0569739400
-0.0505255200
-0.0390829700
-0.0238910700
-0.0065312360
0.0111012800
0.0272637400
0.0400815900
0.0477615500
0.0496172700
0.0460961600
0.0390839700
0.0314323500
0.0253293500
0.0213148000
0.0184624100
0.0152455600
0.0101223600
0.0022359060
-0.0078104250
-0.0184218600
-0.0277776800
-0.0342535900
-0.0371459600
-0.0371918600
-0.0356597800
-0.0331318400
-0.0293084500
-0.0236225400
-0.0154946100
-0.0048766870
0.0077141590
0.0213882200
0.0345880900
0.0456329700
0.0534632200
0.0578381200
0.0591873200
0.0587153900
0.0584420100
0.0602392700
0.0651734800
0.0734930000
0.0844947900
0.0968936700
0.1091369000
0.1197050000
0.1276509000
0.1323818000
0.1337499000
0.1317456000
0.1261673000
0.1167016000
0.1032168000
0.0860978700
0.0669555900
0.0486205100
0.0344735100
0.0272442800
0.0273141800
0.0322496600
0.0379335600
0.0398039600
0.0340820900
0.0192641600
-0.0035189040
-0.0310150000
-0.0586057500
-0.0815514800
-0.0963108500
-0.1017048000
-0.0992217500
-0.0921430800
-0.0842816800
-0.0788425900
-0.0774410200
-0.0800219400
-0.0850756200
-0.0900199300
-0.0922979400
-0.0903254300
-0.0837822100
-0.0738633800
-0.0627022700
-0.0527968900
-0.0466613700
-0.0455541600
-0.0490278700
-0.0557513900
-0.0636254700
-0.0701313400
-0.0729902300
-0.0710035900
-0.0641235200
-0.0532310000
-0.0397966900
-0.0259534200
-0.0137871200
-0.0045741640
0.0011036320
0.0031806500
0.0019923680
-0.0018525820
-0.0075549850
-0.0144517000
-0.0219082900
-0.0291274700
-0.0353145000
-0.0397016400
-0.0416425500
-0.0410115400
-0.0384966000
-0.0350740300
-0.0318602800
-0.0298848400
-0.0296771500
-0.0307892500
-0.0320971400
-0.0330124400
-0.0330730800
-0.0315907000
-0.0284931500
-0.0247136000
-0.0218430100
-0.0212185300
-0.0232161300
-0.0271763800
-0.0312797100
-0.0331039500
-0.0306856300
-0.0231579300
-0.0108782200
0.0045596250
0.0206166500
0.0343868900
0.0436142100
0.0469445200
0.0442488700
0.0368647300
0.0270579800
0.0174345900
0.0106618900
0.0089263630
0.0131871500
0.0228066300
0.0356694900
0.0489343800
0.0600348600
0.0674145500
0.0705093700
0.0700178400
0.0677361500
0.0654600600
0.0642127200
0.0644238700
0.0661097600
0.0689488800
0.0727283800
0.0772338700
0.0822845200
0.0876921400
0.0929322700
0.0967845700
0.0975119300
0.0932205800
0.0827247500
0.0659802000
0.0443529000
0.0206617600
-0.0020757640
-0.0214616800
-0.0359622900
-0.0448568900
-0.0481834600
-0.0469225900
-0.0429350800
-0.0384761000
-0.0350209300
-0.0327072600
-0.0309012800
-0.0287895300
-0.0255338600
-0.0205630700
-0.0140827700
-0.0070014610
-0.0004680696
0.0047535250
0.0082570830
0.0098314170
0.0093297970
0.0069370640
0.0034040640
-0.0002406130
-0.0028633320
-0.0031986440
-0.0003143421
0.0059248030
0.0144148400
0.0227679300
0.0277699300
0.0262275300
0.0164335300
-0.0008263768
-0.0222676900
-0.0432572900
-0.0591975500
-0.0667931200
-0.0649976700
-0.0553479200
-0.0414084100
-0.0276799000
-0.0184572500
-0.0161167100
-0.0205791800
-0.0298964200
-0.0404874700
-0.0482744700
-0.0504568500
-0.0464467500
-0.0375651600
-0.0266273200
-0.0170744600
-0.0116833900
-0.0116852100
-0.0164239100
-0.0235269000
-0.0299575500
-0.0332223100
-0.0320725000
-0.0268191300
-0.0192351300
-0.0118312000
-0.0067570340
-0.0050212640
-0.0061018090
-0.0084303560
-0.0100768900
-0.0097012140
-0.0069484240
-0.0029643290
0.0001592364
0.0005227105
-0.0026609570
-0.0085995010
-0.0156243800
-0.0217078900
-0.0248927900
-0.0239020300
-0.0183916900
-0.0088568260
0.0039095880
0.0188287200
0.0343635300
0.0484457400
0.0587889900
0.0634556100
0.0614723000
0.0537478600
0.0433963700
0.0344713800
0.0301563500
0.0320240200
0.0399600000
0.0520156400
0.0648069200
0.0744251900
0.0780816200
0.0747203300
0.0647786800
0.0504612800
0.0352330800
0.0222606000
0.0136473000
0.0105750500
0.0128191000
0.0185675600
0.0254219800
0.0313896100
0.0351652700
0.0361581000
0.0348516900
0.0320336400
0.0281034100
0.0233190200
0.0178818600
0.0120237900
0.0060531120
0.0003287692
-0.0047611450
-0.0089187270
-0.0122627400
-0.0149632200
-0.0165982400
-0.0166454400
-0.0151257900
-0.0123559000
-0.0088715090
-0.0052696360
-0.0019014510
0.0008453512
0.0027470950
0.0041912770
0.0055743860
0.0065937880
0.0065118050
0.0048552130
0.0018411940
-0.0017066240
-0.0045852460
-0.0055912530
-0.0043751740
-0.0014004230
0.0026086210
0.0065209360
0.0091316440
0.0096570840
0.0075994410
0.0031321090
-0.0024984750
-0.0079991950
-0.0126515900
-0.0158057200
-0.0168861500
-0.0158460100
-0.0132317800
-0.0096638880
-0.0057859580
-0.0024760470
-0.0006947264
-0.0010392700
-0.0033796210
-0.0069662740
-0.0111881600
-0.0156107900
-0.0195063600
-0.0218106300
-0.0216269700
-0.0186442800
-0.0135296600
-0.0075720980
-0.0017209850
0.0033894160
0.0073125950
0.0101429100
0.0121319800
0.0135689200
0.0147581800
0.0158927300
0.0169873000
0.0181338800
0.0196849200
0.0220319400
0.0255087800
0.0301784500
0.0352804300
0.0392148600
0.0401700600
0.0368364500
0.0285720100
0.0159930700
0.0011575380
-0.0133301500
-0.0252368700
-0.0333488100
-0.0376922400
-0.0390281600
-0.0385783200
-0.0376051400
-0.0370649300
-0.0370373000
-0.0368361200
-0.0360461900
-0.0348149600
-0.0333144100
-0.0319346500
-0.0313636500
-0.0315743400
-0.0319569200
-0.0314816400
-0.0292954400
-0.0250169300
-0.0186984200
-0.0104972500
-0.0005646751
0.0107279200
0.0224196100
0.0331726200
0.0418895800
0.0479858700
0.0512195700
0.0518130200
0.0505365900
0.0481849600
0.0453787200
0.0425072100
0.0399296700
0.0379527800
0.0362822000
0.0342288400
0.0316031600
0.0285965500
0.0249144400
0.0203148800
0.0152033800
0.0106590900
0.0076296060
0.0062656170
0.0063812930
0.0077569830
0.0098667680
0.0119884800
0.0130685500
0.0122483000
0.0092602580
0.0042326750
-0.0020053380
-0.0077884680
-0.0112291700
-0.0111190900
-0.0077159870
-0.0027884350
0.0011298010
0.0018324740
-0.0015754780
-0.0085672240
-0.0173375300
-0.0254924300
-0.0311120400
-0.0331955600
-0.0318925400
-0.0285112300
-0.0251243600
-0.0237538500
-0.0255588100
-0.0304804500
-0.0374556500
-0.0446517200
-0.0499533600
-0.0514286400
-0.0480490900
-0.0405364400
-0.0312774300
-0.0231187900
-0.0184160200
-0.0190113900
-0.0253084700
-0.0356149100
-0.0473833800
-0.0578501600
-0.0643949000
-0.0651954400
-0.0600159900
-0.0502984900
-0.0386389700
-0.0277766800
-0.0198216100
-0.0161833200
-0.0173395600
-0.0223192600
-0.0289209300
-0.0350370000
-0.0395641600
-0.0421916600
-0.0430069600
-0.0427283100
-0.0421548400
-0.0413581600
-0.0395954500
-0.0355817800
-0.0285356900
-0.0191509400
-0.0094478330
-0.0019283610
0.0013923530
-0.0006503886
-0.0078904880
-0.0183267700
-0.0290449400
-0.0370189500
-0.0397879300
-0.0364315500
-0.0275200900
-0.0144996600
0.0003633274
0.0144107500
0.0255738600
0.0323406300
0.0335317400
0.0290747800
0.0206975300
0.0110446300
0.0018617600
-0.0056145670
-0.0105559700
-0.0129514100
-0.0136093700
-0.0135034500
-0.0131708900
-0.0127123000
-0.0120559700
-0.0111743900
-0.0105654000
-0.0113858800
-0.0147246100
-0.0208528500
-0.0289183900
-0.0372100200
-0.0434797200
-0.0457292800
-0.0429168500
-0.0352458700
-0.0243363900
-0.0124004400
-0.0016189610
0.0063070020
0.0106244800
0.0115548900
0.0097898940
0.0063900730
0.0026212530
-0.0002358231
-0.0010690760
0.0007486982
0.0053697510
0.0122758200
0.0204544700
0.0286626600
0.0355544200
0.0401166400
0.0421368900
0.0418995500
0.0398979600
0.0368709900
0.0336334200
0.0308091900
0.0286697400
0.0274719200
0.0274681400
0.0285600600
0.0306403700
0.0336434500
0.0374079700
0.0416358300
0.0458308800
0.0497929600
0.0533244300
0.0561475500
0.0580421900
0.0587729600
0.0580750700
0.0559173200
0.0525662400
0.0483563700
0.0437791700
0.0398129700
0.0374155800
0.0371042800
0.0391596000
0.0433187800
0.0483103200
0.0520884100
0.0525358100
0.0483544300
0.0396845700
0.0278597800
0.0149289300
0.0035345420
-0.0041118010
-0.0075290460
-0.0074957290
-0.0055606300
-0.0033261330
-0.0018823510
-0.0018452980
-0.0034322980
-0.0061727460
-0.0091464420
-0.0117627600
-0.0136275800
-0.0141720200
-0.0129156900
-0.0098136410
-0.0054025460
-0.0009609332
0.0021870570
0.0030873910
0.0012895890
-0.0027692700
-0.0077463010
-0.0117226500
-0.0129654900
-0.0107217200
-0.0052786290
0.0025310320
0.0111426800
0.0188132400
0.0243382800
0.0271168300
0.0269526600
0.0242596700
0.0199808400
0.0152103300
0.0108574400
0.0076828370
0.0060315280
0.0058162490
0.0065149860
0.0074028350
0.0077175470
0.0068766620
0.0046382100
0.0008946438
-0.0039184460
-0.0089798610
-0.0134780600
-0.0168071400
-0.0188046200
-0.0197613400
-0.0203257900
-0.0214495800
-0.0239747000
-0.0281684400
-0.0337104000
-0.0396118200
-0.0445705200
-0.0472721700
-0.0469676300
-0.0435757300
-0.0379869100
-0.0320763300
-0.0278910700
-0.0266740100
-0.0287944500
-0.0337793200
-0.0395817200
-0.0431298900
-0.0419222100
-0.0350324700
-0.0232921900
-0.0090708230
0.0046816470
0.0152521900
0.0208849400
0.0213062200
0.0183047700
0.0143220900
0.0112794900
0.0101077200
0.0104359200
0.0111580700
0.0111279500
0.0096893790
0.0071633790
0.0047821360
0.0039770890
0.0054756390
0.0090008750
0.0135443300
0.0175077300
0.0192817900
0.0180531800
0.0138125900
0.0076472230
0.0016313710
-0.0019447650
-0.0016197820
0.0027806780
0.0100234400
0.0177892300
0.0232412500
0.0241624500
0.0199207200
0.0116377700
0.0014506640
-0.0080605240
-0.0148542900
-0.0184407400
-0.0196269900
-0.0195593400
-0.0191652100
-0.0192477300
-0.0200187100
-0.0211117900
-0.0219837800
-0.0221413300
-0.0214759700
-0.0200836200
-0.0179476300
-0.0151141200
-0.0118146200
-0.0084780200
-0.0056498880
-0.0034519170
-0.0015289430
0.0002509198
0.0017126920
0.0027691020
0.0034938910
0.0039349550
0.0042730360
0.0046560230
0.0050894220
0.0054286980
0.0051316120
0.0035842360
0.0006389318
-0.0030792360
-0.0065220200
-0.0085155790
-0.0080734810
-0.0051919120
-0.0009205591
0.0033127240
0.0061125790
0.0063397810
0.0040251810
0.0002827127
-0.0033820080
-0.0053747440
-0.0043037500
0.0001103620
0.0066780830
0.0133121600
0.0177186100
0.0180669700
0.0138001200
0.0058910280
-0.0036694190
-0.0127081600
-0.0194793800
-0.0227718200
-0.0223039100
-0.0191465400
-0.0148861100
-0.0108415400
-0.0078628560
-0.0064160240
-0.0064911550
-0.0080165420
-0.0107573700
-0.0141537500
-0.0175481000
-0.0202040200
-0.0212221100
-0.0197120200
-0.0154480200
-0.0092833950
-0.0026143190
0.0029502860
0.0060250640
0.0058659780
0.0025397460
-0.0027646870
-0.0082574620
-0.0124645700
-0.0146236400
-0.0146476700
-0.0127328600
-0.0096937280
-0.0064671680
-0.0034933980
-0.0008098608
0.0018426880
0.0049132630
0.0089238800
0.0140257900
0.0199303600
0.0259350600
0.0312276100
0.0352816600
0.0378757500
0.0387506200
0.0382006300
0.0369328200
0.0355571700
0.0344958500
0.0338009900
0.0336440200
0.0341613800
0.0352314800
0.0363405800
0.0368445400
0.0365516300
0.0355858100
0.0342228100
0.0327622600
0.0312760800
0.0297035300
0.0279095200
0.0257277100
0.0230141600
0.0198187800
0.0164666300
0.0133826300
0.0109690700
0.0092174860
0.0081308350
0.0078348030
0.0083145860
0.0097533410
0.0124224300
0.0156605800
0.0185909200
0.0205829000
0.0211341300
0.0200843600
0.0176091300
0.0140946800
0.0101903000
0.0067428140
0.0043025420
0.0029030800
0.0022321580
0.0020156840
0.0020770770
0.0022601440
0.0023253930
0.0020383230
0.0011644390
-0.0006851343
-0.0036016240
-0.0071176140
-0.0106154700
-0.0133219900
-0.0145500400
-0.0140797200
-0.0120993000
-0.0093086420
-0.0066385710
-0.0049065220
-0.0047679030
-0.0064659070
-0.0096986950
-0.0136558300
-0.0170035900
-0.0183398100
-0.0168122700
-0.0121312300
-0.0046822590
0.0041507250
0.0124835200
0.0184204700
0.0207569000
0.0189747600
0.0134168600
0.0053305510
-0.0034969230
-0.0113807600
-0.0171890600
-0.0203841200
-0.0208411200
-0.0193617000
-0.0173888800
-0.0161504200
-0.0166181900
-0.0191479400
-0.0235411600
-0.0291190500
-0.0350352800
-0.0405994500
-0.0454611400
-0.0495535000
-0.0528527600
-0.0554207000
-0.0572642800
-0.0584536600
-0.0587972500
-0.0581005600
-0.0561827500
-0.0528224900
-0.0482257400
-0.0427123300
-0.0366532400
-0.0307628900
-0.0260580400
-0.0233923800
-0.0229700700
-0.0245693100
-0.0274933300
-0.0304631600
-0.0320182400
-0.0309293200
-0.0265782800
-0.0192123800
-0.0098440670
-0.0001508635
0.0078172770
0.0125685900
0.0140727500
0.0135252800
0.0122457100
0.0116719200
0.0128447500
0.0161490200
0.0210258000
0.0260568700
0.0299264700
0.0317623200
0.0312404100
0.0288277700
0.0254493600
0.0219500200
0.0188748200
0.0163204400
0.0139372000
0.0111545500
0.0075853770
0.0031621800
-0.0019795760
-0.0074636780
-0.0124803100
-0.0158658000
-0.0166449600
-0.0144628900
-0.0094854050
-0.0023097490
0.0058536150
0.0135447500
0.0195408400
0.0229196600
0.0231708900
0.0203678400
0.0156313400
0.0106298300
0.0070490720
0.0061754870
0.0087178060
0.0148554800
0.0232695200
0.0318672800
0.0388616100
0.0425999900
0.0419147900
0.0364174200
0.0269801700
0.0158814700
0.0057231190
-0.0014529280
-0.0045423240
-0.0033681380
0.0012603430
0.0077311010
0.0140643100
0.0185223000
0.0199834300
0.0182522500
0.0142457900
0.0092860590
0.0045986100
0.0013519200
0.0002107857
0.0009846630
0.0028869690
0.0045658760
0.0046912360
0.0031266850
0.0006944326
-0.0017389130
-0.0033065720
-0.0032067120
-0.0011994790
0.0023396760
0.0065916770
0.0105245900
0.0132498800
0.0146610000
0.0150109500
0.0142972600
0.0126200400
0.0104831100
0.0086654790
0.0076415060
0.0075945190
0.0087847690
0.0112280800
0.0144576400
0.0174897100
0.0189386700
0.0177327800
0.0136226500
0.0071057810
-0.0007380849
-0.0081364840
-0.0133385900
-0.0157631600
-0.0155807000
-0.0133450000
-0.0101178300
-0.0071522910
-0.0052545920
-0.0047029310
-0.0054144210
-0.0073636470
-0.0103520500
-0.0134302300
-0.0154387400
-0.0155217900
-0.0130898600
-0.0080753080
-0.0012159470
0.0059994450
0.0115348600
0.0138021900
0.0123451400
0.0077106990
0.0012740510
-0.0049569780
-0.0090445350
-0.0098137560
-0.0071713320
-0.0021198750
0.0038792960
0.0095673890
0.0138083900
0.0156324900
0.0146945000
0.0118171900
0.0083509190
0.0054461350
0.0042359560
0.0055041180
0.0092853520
0.0146767100
0.0198569400
0.0230804400
0.0237018600
0.0217567700
0.0177931500
0.0130167400
0.0087479630
0.0057838620
0.0042154600
0.0033537250
0.0022157120
-0.0000081225
-0.0038608360
-0.0096664440
-0.0170513000
-0.0248584800
-0.0318414500
-0.0369922000
-0.0396414000
-0.0394275600
-0.0365056300
-0.0317173300
-0.0265868700
-0.0225213900
-0.0203749400
-0.0204455900
-0.0223928000
-0.0252973700
-0.0277739900
-0.0286053300
-0.0272986100
-0.0240713800
-0.0193785900
-0.0138208800
-0.0083569150
-0.0037864930
-0.0004353192
0.0016026440
0.0019545610
0.0007608163
-0.0012601650
-0.0032951200
-0.0049447170
-0.0058117540
-0.0053489080
-0.0036589880
-0.0015143100
0.0002258271
0.0010414570
0.0007629778
-0.0003737194
-0.0019268000
-0.0032637300
-0.0038566220
-0.0040467730
-0.0043572860
-0.0051254290
-0.0063983920
-0.0080515020
-0.0097107400
-0.0107216100
-0.0104321400
-0.0085306320
-0.0050925120
-0.0005069906
0.0043793640
0.0086626580
0.0117418500
0.0133974000
0.0139254500
0.0138327500
0.0133366400
0.0129447300
0.0132217900
0.0143262400
0.0161468000
0.0183758300
0.0204925500
0.0221401700
0.0231806900
0.0234514400
0.0229796600
0.0219366000
0.0204217100
0.0185437200
0.0163724400
0.0138703100
0.0111541200
0.0085789130
0.0064169280
0.0048782060
0.0041775500
0.0043377780
0.0048616920
0.0050556150
0.0046680120
0.0035224960
0.0011833120
-0.0024207800
-0.0065826780
-0.0103329000
-0.0130791100
-0.0147808700
-0.0152863200
-0.0144999100
-0.0126708400
-0.0104372200
-0.0086313180
-0.0077391320
-0.0078625770
-0.0088359850
-0.0102203500
-0.0115224100
-0.0121089200
-0.0114351300
-0.0093358340
-0.0059514330
-0.0015799620
0.0031836820
0.0075675150
0.0107349100
0.0120367500
0.0113543400
0.0090471830
0.0055052420
0.0013605640
-0.0025278490
-0.0055641820
-0.0073859270
-0.0078148640
-0.0068798900
-0.0051199310
-0.0032414740
-0.0015088230
-0.0001558203
0.0004018770
-0.0001928410
-0.0017643410
-0.0035461110
-0.0045928980
-0.0042349190
-0.0025432490
0.0002682389
0.0037898020
0.0070202610
0.0089193350
0.0090709020
0.0074449530
0.0040753730
-0.0002509591
-0.0044042130
-0.0074635140
-0.0089954560
-0.0090667950
-0.0080660310
-0.0065374790
-0.0050717870
-0.0041633720
-0.0036792130
-0.0030629600
-0.0022539730
-0.0011616740
0.0003816421
0.0023543580
0.0046121840
0.0066441080
0.0079187370
0.0081180110
0.0071635570
0.0052981070
0.0030600380
0.0010667960
-0.0001488006
-0.0003313727
0.0002679433
0.0012149390
0.0019634420
0.0020300950
0.0011576210
-0.0005119936
-0.0022383250
-0.0031557060
-0.0026413990
-0.0004352672
0.0033454360
0.0083011740
0.0137235100
0.0184357800
0.0213673900
0.0221413100
0.0210679400
0.0185261800
0.0149098800
0.0109246800
0.0073480940
0.0046332270
0.0027628910
0.0017991850
0.0018358350
0.0026522980
0.0037262040
0.0043635470
0.0041371830
0.0028596630
0.0005259949
-0.0026568760
-0.0061006510
-0.0089721900
-0.0106949400
-0.0111228000
-0.0102344300
-0.0082900450
-0.0058511320
-0.0033833120
-0.0011239340
0.0008151599
0.0023690670
0.0038116460
0.0055593920
0.0075288410
0.0096680600
0.0122265000
0.0150432100
0.0174286400
0.0187459500
0.0185400100
0.0164884800
0.0126922100
0.0078991280
0.0028868820
-0.0020997900
-0.0066350710
-0.0103337200
-0.0132962500
-0.0158336100
-0.0181097600
-0.0200492200
-0.0215408400
-0.0226771800
-0.0233876900
-0.0235285300
-0.0233815700
-0.0235270100
-0.0240273900
-0.0244238300
-0.0246172500
-0.0245035900
-0.0237868100
-0.0221921700
-0.0198785800
-0.0177188200
-0.0164395600
-0.0160502300
-0.0161919900
-0.0163637600
-0.0159916600
-0.0146246200
-0.0119419200
-0.0081854370
-0.0042934190
-0.0011178000
0.0008925340
0.0015424290
0.0006816845
-0.0012523250
-0.0029896940
-0.0033375530
-0.0021002150
0.0005027937
0.0041193280
0.0077709150
0.0103660200
0.0111098800
0.0096557270
0.0062793500
0.0018437490
-0.0029238560
-0.0074398260
-0.0111259800
-0.0137682300
-0.0153416200
-0.0159210900
-0.0154361000
-0.0139592000
-0.0120040500
-0.0101836500
-0.0088196950
-0.0080436480
-0.0078427450
-0.0080661950
-0.0084598740
-0.0085233320
-0.0076120260
-0.0054517120
-0.0023883600
0.0012018150
0.0049870930
0.0084080520
0.0110345300
0.0127087600
0.0134638200
0.0133989300
0.0126919500
0.0117459700
0.0109512800
0.0103910800
0.0100047600
0.0095720590
0.0089824820
0.0083840900
0.0079077100
0.0075308760
0.0070327050
0.0061331400
0.0044714540
0.0020422400
-0.0009675079
-0.0045143300
-0.0081804370
-0.0110951600
-0.0124479500
-0.0119613500
-0.0099159860
-0.0066132320
-0.0026930200
0.0009405990
0.0038489190
0.0056940980
0.0061404110
0.0055108500
0.0048855370
0.0046944860
0.0049710000
0.0060142520
0.0079445550
0.0102797900
0.0124696500
0.0140192600
0.0145929400
0.0141578600
0.0128309300
0.0109427800
0.0089260260
0.0070100920
0.0050495290
0.0028201280
0.0003660550
-0.0021048200
-0.0045776070
-0.0070545510
-0.0092277030
-0.0108893300
-0.0119816700
-0.0125073600
-0.0125171300
-0.0117730900
-0.0101816700
-0.0078975790
-0.0050833490
-0.0018851140
0.0013624670
0.0041446630
0.0063289660
0.0080175380
0.0091352680
0.0095670440
0.0094657800
0.0090118960
0.0083121940
0.0072916870
0.0055628520
0.0028992790
-0.0005002018
-0.0043173770
-0.0082550170
-0.0122987600
-0.0162214100
-0.0193660000
-0.0213289400
-0.0221650800
-0.0222004000
-0.0214176800
-0.0199075000
-0.0178935700
-0.0154014300
-0.0120899100
-0.0078663720
-0.0029185090
0.0023961650
0.0075541860
0.0120679300
0.0152476300
0.0168159500
0.0169901100
0.0161010300
0.0145658600
0.0128125100
0.0113143400
0.0104817200
0.0101783500
0.0100985300
0.0100260100
0.0098483280
0.0095082170
0.0089294690
0.0079797030
0.0067039240
0.0054372780
0.0043860280
0.0034595010
0.0025862620
0.0019162730
0.0015097460
0.0013123350
0.0012974220
0.0012903770
0.0012237450
0.0011130770
0.0007575225
0.0002451477
0.0000945706
0.0005516689
0.0015067740
0.0029591820
0.0049847310
0.0069787470
0.0083144100
0.0086442660
0.0078486080
0.0062049570
0.0042700820
0.0027170840
0.0022406530
0.0032952370
0.0056801870
0.0088455850
0.0123614700
0.0156865800
0.0180564100
0.0189453200
0.0185955200
0.0176305200
0.0164515900
0.0151494400
0.0137428100
0.0125897000
0.0118807900
0.0112998900
0.0105401600
0.0095762090
0.0082740330
0.0062757990
0.0033107960
-0.0003082414
-0.0042125040
-0.0080905240
-0.0115257200
-0.0143534400
-0.0164311700
-0.0174094000
-0.0172388900
-0.0161123400
-0.0142863300
-0.0119475700
-0.0094302610
-0.0071691880
-0.0053840330
-0.0040141930
-0.0030275770
-0.0023463820
-0.0016820250
-0.0007558647
0.0006574793
0.0025539000
0.0045745850
0.0063230630
0.0075623010
0.0080811800
0.0076535890
0.0061515760
0.0038975040
0.0013597680
-0.0010725800
-0.0032165480
-0.0046125270
-0.0051211060
-0.0052521760
-0.0053767270
-0.0056465560
-0.0063744050
-0.0077535210
-0.0095532440
-0.0113076000
-0.0126046700
-0.0130570900
-0.0125257500
-0.0111254300
-0.0091809930
-0.0070244420
-0.0049141150
-0.0032374080
-0.0021382800
-0.0015265160
-0.0011512100
-0.0007741981
-0.0001545251
0.0010535860
0.0030000480
0.0054129400
0.0079586780
0.0106489800
0.0134941000
0.0160070900
0.0175270900
0.0176966700
0.0165314200
0.0141061100
0.0106272700
0.0067141280
0.0027626980
-0.0008730047
-0.0037483190
-0.0055969710
-0.0065721980
-0.0072388660
-0.0081450720
-0.0096299230
-0.0115604400
-0.0139494200
-0.0166921300
-0.0193770400
-0.0214935400
-0.0228973800
-0.0237600200
-0.0240633400
-0.0234905100
-0.0217788700
-0.0188577000
-0.0147387000
-0.0096250180
-0.0041300320
0.0009184068
0.0047402790
0.0069616960
0.0076694800
0.0073894480
0.0069059560
0.0070399870
0.0085155180
0.0115427700
0.0154568600
0.0191706900
0.0217233500
0.0227160100
0.0218931500
0.0192626600
0.0153126400
0.0107701300
0.0064752830
0.0033285790
0.0018578680
0.0021576850
0.0040387940
0.0066151990
0.0087368620
0.0099145300
0.0100429100
0.0089241400
0.0066957610
0.0040208430
0.0017949880
0.0008340291
0.0014140460
0.0033085380
0.0061272620
0.0090570720
0.0110271000
0.0111570800
0.0094235610
0.0063735720
0.0026264830
-0.0009645225
-0.0031839020
-0.0031725700
-0.0012410410
0.0019522990
0.0056594670
0.0089059440
0.0107056400
0.0105554700
0.0084692910
0.0048674790
0.0005909660
-0.0033236110
-0.0059753240
-0.0068567170
-0.0060340110
-0.0041262450
-0.0020840200
-0.0006687453
-0.0003600395
-0.0014428650
-0.0041731720
-0.0081840550
-0.0122183500
-0.0150807500
-0.0161594400
-0.0153534200
-0.0127044900
-0.0084516670
-0.0035068120
0.0010664380
0.0044203510
0.0060945930
0.0059057380
0.0041466930
0.0016656230
-0.0007455979
-0.0024196330
-0.0029379260
-0.0021467210
-0.0002117002
0.0023560000
0.0047134450
0.0060291410
0.0058503680
0.0040863280
0.0006918927
-0.0039244980
-0.0088627870
-0.0132880900
-0.0165791400
-0.0182032700
-0.0179827700
-0.0161583600
-0.0132877800
-0.0100485900
-0.0071534430
-0.0050772280
-0.0040035830
-0.0038942020
-0.0045056130
-0.0051929090
-0.0051315620
-0.0041718740
-0.0023781950
0.0004908039
0.0040756260
0.0071254500
0.0087482390
0.0085991760
0.0068317580
0.0039141530
0.0004124077
-0.0028227590
-0.0047238410
-0.0048648160
-0.0036324370
-0.0016971100
0.0004125576
0.0020767420
0.0027281910
0.0021139440
0.0002878129
-0.0022524940
-0.0050679440
-0.0077518900
-0.0096894720
-0.0105157600
-0.0101565100
-0.0086199760
-0.0061104340
-0.0031751790
-0.0003943292
0.0017685710
0.0029969540
0.0032861820
0.0029913050
0.0027202410
0.0029689070
0.0040758560
0.0060868750
0.0088601320
0.0117467900
0.0139971000
0.0155136200
0.0162714500
0.0159322400
0.0148207900
0.0135553500
0.0124530400
0.0115879000
0.0110219800
0.0106776600
0.0102082600
0.0093064160
0.0078249650
0.0059165500
0.0039717990
0.0025292020
0.0019212760
0.0021812290
0.0030710390
0.0043738880
0.0057791850
0.0067582820
0.0068930220
0.0059164620
0.0039647900
0.0016559680
-0.0004945100
-0.0021743890
-0.0031493240
-0.0033179990
-0.0029110690
-0.0023165790
-0.0015630480
-0.0008981180
-0.0007311177
-0.0010697750
-0.0017999140
-0.0029408040
-0.0042266940
-0.0051207710
-0.0054426040
-0.0052937900
-0.0047183360
-0.0037490600
-0.0026219050
-0.0017769940
-0.0015285100
-0.0019468680
-0.0028372730
-0.0039003160
-0.0049482840
-0.0058766440
-0.0064450630
-0.0066150130
-0.0066205860
-0.0066802830
-0.0069805750
-0.0074730250
-0.0079688820
-0.0082354440
-0.0081878020
-0.0079194410
-0.0075968840
-0.0075850160
-0.0082160060
-0.0092364650
-0.0101757900
-0.0111197900
-0.0119241400
-0.0122308800
-0.0119925000
-0.0114698300
-0.0108265300
-0.0100480700
-0.0090694520
-0.0077909760
-0.0063312650
-0.0050173070
-0.0039395210
-0.0031249440
-0.0025921130
-0.0023588140
-0.0022974910
-0.0020805840
-0.0014534540
-0.0005541784
0.0004193695
0.0014403050
0.0025381450
0.0036199510
0.0042594090
0.0043402440
0.0040464820
0.0036273020
0.0032617720
0.0029256690
0.0025885090
0.0023901040
0.0023087210
0.0020254450
0.0014593080
0.0007600200
0.0000481899
-0.0005751312
-0.0008634186
-0.0005014659
0.0003483036
0.0014436920
0.0026836670
0.0039470390
0.0049948470
0.0057830080
0.0061762200
0.0060528310
0.0056061070
0.0050195360
0.0043414140
0.0037230050
0.0033746120
0.0034524220
0.0040774270
0.0050941950
0.0060471870
0.0064357660
0.0059268140
0.0048304630
0.0037048450
0.0029209050
0.0029417390
0.0041172600
0.0062804700
0.0088592070
0.0109189400
0.0116351600
0.0107845000
0.0085103400
0.0052071340
0.0015747070
-0.0013598330
-0.0029344930
-0.0032642430
-0.0031424340
-0.0031640030
-0.0035789800
-0.0044520240
-0.0055989610
-0.0067926720
-0.0077357480
-0.0078256790
-0.0070496860
-0.0060433300
-0.0050800220
-0.0042210630
-0.0038773170
-0.0041467680
-0.0047171960
-0.0055068570
-0.0064389410
-0.0071778670
-0.0075041720
-0.0072548480
-0.0063018190
-0.0048445470
-0.0033853490
-0.0024178710
-0.0019694840
-0.0019710420
-0.0025125260
-0.0034591300
-0.0043939900
-0.0049877900
-0.0050896310
-0.0049085450
-0.0046041300
-0.0040948030
-0.0036279870
-0.0031817470
-0.0024918050
-0.0015990840
-0.0006671938
0.0000257196
0.0003180108
0.0001553044
-0.0006812243
-0.0021865830
-0.0040327020
-0.0058160870
-0.0070564950
-0.0073330910
-0.0065971470
-0.0050539010
-0.0029866620
-0.0010882440
0.0001472685
0.0006982934
0.0006647861
0.0004624240
0.0005838089
0.0012111610
0.0022965650
0.0035999830
0.0048071370
0.0056629620
0.0063142040
0.0070366190
0.0080412370
0.0095368160
0.0115279200
0.0135577200
0.0150869800
0.0159240900
0.0160896800
0.0157451800
0.0151051300
0.0144846400
0.0142301000
0.0143197800
0.0143473200
0.0140691600
0.0133904500
0.0122543200
0.0106039400
0.0086381480
0.0069395120
0.0059198360
0.0056207610
0.0058430060
0.0062380190
0.0066708710
0.0070596120
0.0071650690
0.0067987220
0.0062730150
0.0061181720
0.0059167660
0.0053003720
0.0048246030
0.0048458340
0.0051497350
0.0054965900
0.0057059640
0.0057825630
0.0056978440
0.0051524370
0.0039337950
0.0021811920
0.0002084221
-0.0018169840
-0.0039083220
-0.0059860920
-0.0076206340
-0.0083266590
-0.0083445940
-0.0081150270
-0.0078908970
-0.0077278190
-0.0077344250
-0.0080311500
-0.0084925620
-0.0088532290
-0.0087729270
-0.0081809200
-0.0071815850
-0.0058767580
-0.0044244120
-0.0030878850
-0.0021990660
-0.0019814660
-0.0021942820
-0.0024799730
-0.0027386290
-0.0030272700
-0.0033313930
-0.0037640930
-0.0044898240
-0.0054155250
-0.0063478600
-0.0069950650
-0.0071132030
-0.0067548390
-0.0059881870
-0.0048244970
-0.0037599490
-0.0033105010
-0.0034658200
-0.0042384230
-0.0055399090
-0.0071093750
-0.0086150950
-0.0097678550
-0.0103954900
-0.0104671000
-0.0100612800
-0.0091530500
-0.0079779290
-0.0067926900
-0.0057168870
-0.0046755800
-0.0034281970
-0.0021053040
-0.0010367410
-0.0002192278
0.0005612887
0.0013461820
0.0020579230
0.0026436320
0.0030938610
0.0032998060
0.0032461060
0.0030667660
0.0027431200
0.0022411650
0.0017231590
0.0011671300
0.0006089041
0.0000999695
-0.0005798732
-0.0016315020
-0.0028405450
-0.0040342300
-0.0051893480
-0.0061135460
-0.0066247980
-0.0068249170
-0.0067579400
-0.0064877950
-0.0062296530
-0.0060258000
-0.0058537490
-0.0056338130
-0.0052875940
-0.0047341370
-0.0038610270
-0.0026228970
-0.0012242480
0.0002527532
0.0016278380
0.0026838560
0.0032376680
0.0032934120
0.0030062050
0.0027073780
0.0024870840
0.0025745260
0.0035217950
0.0051793920
0.0072529200
0.0094541570
0.0114558300
0.0128398100
0.0132154500
0.0125582000
0.0108729500
0.0084276970
0.0058624160
0.0036849980
0.0021435570
0.0013152810
0.0011846020
0.0015133380
0.0017109240
0.0015187410
0.0009745634
-0.0003627193
-0.0024630050
-0.0048273590
-0.0069267890
-0.0083452140
-0.0087916760
-0.0083774600
-0.0069199900
-0.0051233170
-0.0037528750
-0.0031585530
-0.0032391940
-0.0036327850
-0.0041081650
-0.0044789180
-0.0046356700
-0.0044711410
-0.0038224310
-0.0026495130
-0.0011970460
0.0002163730
0.0014920890
0.0026876040
0.0037466300
0.0046883250
0.0055952450
0.0063919570
0.0070482120
0.0074732900
0.0076753840
0.0077979140
0.0077511850
0.0074032060
0.0070149490
0.0068919120
0.0070630800
0.0075926430
0.0086184110
0.0100970500
0.0116927500
0.0127566200
0.0128926100
0.0122029500
0.0107510700
0.0087430830
0.0066073780
0.0048061220
0.0036286060
0.0031852030
0.0034020940
0.0038909030
0.0041943290
0.0041033760
0.0036049680
0.0028097080
0.0019127730
0.0010609780
0.0000610857
-0.0010203930
-0.0016877380
-0.0019688010
-0.0019706860
-0.0014916050
-0.0006634221
0.0002156011
0.0011275930
0.0018689750
0.0021682270
0.0020121370
0.0014100780
0.0003547869
-0.0008751225
-0.0019301140
-0.0024987000
-0.0022583360
-0.0011911960
0.0004189194
0.0021522210
0.0035024470
0.0039680260
0.0034205740
0.0021133840
0.0004077204
-0.0013253270
-0.0026062680
-0.0030194330
-0.0024449280
-0.0011960320
0.0002096107
0.0013472840
0.0017669380
0.0011949210
-0.0003492016
-0.0025046790
-0.0046743960
-0.0063946110
-0.0074784610
-0.0076957440
-0.0070891650
-0.0059899340
-0.0046176270
-0.0031552780
-0.0019180980
-0.0012334470
-0.0011113990
-0.0013053230
-0.0019120200
-0.0028749540
-0.0038768970
-0.0046515620
-0.0050446440
-0.0048441790
-0.0038424080
-0.0021291570
-0.0001044160
0.0017032510
0.0027350620
0.0026076980
0.0014356590
-0.0003031704
-0.0019977440
-0.0030813030
-0.0030531480
-0.0018030460
0.0002317190
0.0024601230
0.0042444970
0.0050258550
0.0046370520
0.0032853440
0.0014080430
-0.0003784426
-0.0014663740
-0.0016142550
-0.0008586293
0.0005131691
0.0019848780
0.0031261680
0.0036789600
0.0037434140
0.0033110030
0.0023863450
0.0011802070
-0.0000082167
-0.0008080435
-0.0010105450
-0.0006863673
0.0000558633
0.0009743353
0.0016748450
0.0018379510
0.0014057180
0.0004153189
-0.0010036500
-0.0026253680
-0.0041224630
-0.0052910460
-0.0060523910
-0.0063930790
-0.0064189150
-0.0063495400
-0.0063965750
-0.0067434830
-0.0073928300
-0.0081279240
-0.0087430040
-0.0091945120
-0.0094090860
-0.0091662840
-0.0083595210
-0.0072104150
-0.0060729630
-0.0050232120
-0.0040451420
-0.0033296010
-0.0029585550
-0.0027470160
-0.0025402270
-0.0023213630
-0.0020612710
-0.0018097260
-0.0017107110
-0.0017208720
-0.0016990430
-0.0017568720
-0.0020549240
-0.0023747900
-0.0024832910
-0.0024090570
-0.0022604250
-0.0020223280
-0.0014763410
-0.0005778012
0.0004605071
0.0014652370
0.0023780180
0.0032658480
0.0040773780
0.0045732680
0.0047600370
0.0048300420
0.0047321290
0.0043352610
0.0038942330
0.0036118650
0.0032667480
0.0028089550
0.0023595640
0.0020220880
0.0017966790
0.0014797970
0.0009950022
0.0004730095
0.0000146724
-0.0003164153
-0.0004372094
-0.0003214432
-0.0000424078
0.0002525650
0.0004705905
0.0005711442
0.0005661391
0.0004447409
0.0001623813
-0.0002041666
-0.0004854184
-0.0005803985
-0.0005248891
-0.0003933799
-0.0002023301
-0.0000622521
-0.0001516184
-0.0005121672
-0.0010185120
-0.0014423040
-0.0017205730
-0.0019509110
-0.0021095430
-0.0021581740
-0.0020911670
-0.0018899420
-0.0016102820
-0.0012894670
-0.0009090597
-0.0005412860
-0.0002163560
0.0000772484
0.0003704639
0.0006966329
0.0010233400
0.0012846740
0.0015481530
0.0018971430
0.0022681480
0.0025848010
0.0028015030
0.0028714920
0.0027665480
0.0025204610
0.0021856030
0.0018034740
0.0014269620
0.0011293400
0.0009452878
0.0008820174
0.0008981865
0.0009296449
0.0009460044
0.0009485368
0.0009120907
0.0007999070
0.0005907489
0.0003394172
0.0001279785
-0.0000095356
-0.0000652274
-0.0000215417
0.0001425802
0.0003671754
0.0005663348
0.0006785263
0.0006758060
0.0005777477
0.0003926217
0.0001466400
-0.0001042954
-0.0002953804
-0.0003910014
-0.0004222751
-0.0004274148
-0.0004225337
-0.0004097479
-0.0003930773
-0.0003800977
-0.0003792960
-0.0003890727
-0.0004061305
-0.0004285766
-0.0004314002
-0.0004022089
-0.0003499508
-0.0002887090
-0.0002199507
-0.0001331857
-0.0000250724
0.0000883350
0.0001978667
0.0002838723
0.0003326695
0.0003545860
0.0003804497
0.0004313745
0.0005126064
0.0006151538
0.0007204572
0.0008129214
0.0008712497
0.0008852759
0.0008623134
0.0008183986
0.0007711668
0.0007323582
0.0007079873
0.0006977569
0.0006909389
0.0006718129
0.0006209149
0.0005395731
0.0004415865
0.0003380684
0.0002403687
0.0001633855
0.0001175677
0.0000982392
0.0000947314
0.0000932584
0.0000861981
0.0000767178
0.0000691778
0.0000615488
0.0000546099
0.0000560132
0.0000685312
0.0000835050
0.0000956643
0.0001037001
0.0001064259
0.0001060457
0.0001065897
0.0001118235
0.0001202836
0.0001277907
0.0001309806
0.0001282969
0.0001189421
0.0001044758
0.0000867017
0.0000678787
0.0000497103
0.0000332969
0.0000198964
0.0000094568
0.0000024759
-0.0000000396
0.0000003371
0.0000008543
0.0000013080
0.0000015650
0.0000016209
0.0000019237
0.0000023304
0.0000030989
0.0000048732
0.0000074711
0.0000102573
0.0000128492
0.0000153256
0.0000171884
0.0000180273
0.0000179383
0.0000170653
0.0000155300
0.0000136814
0.0000117865
0.0000097448
0.0000074491
0.0000050033
0.0000025113
0.0000000701
-0.0000021991
-0.0000042505
-0.0000060770
-0.0000077384
-0.0000093366
-0.0000109594
-0.0000126318
-0.0000143162
-0.0000159785
-0.0000176338
-0.0000192476
-0.0000207624
-0.0000221555
-0.0000234413
-0.0000246466
-0.0000257932
-0.0000268966
-0.0000279664
-0.0000290080
-0.0000300235
-0.0000310139
-0.0000319798
-0.0000329212
-0.0000338382
-0.0000347303
0.0000000000
0.0000000000
0.0000000000
0.0000000000
