0.0000157140
0.0000156193
0.0000155426
0.0000154779
0.0000154364
0.0000154364
0.0000155075
0.0000156445
0.0000157759
0.0000157563
0.0000153857
0.0000145662
0.0000134668
0.0000128757
0.0000136229
0.0000148886
0.0000158680
0.0000163969
0.0000165792
0.0000166058
0.0000166266
0.0000167182
0.0000168775
0.0000170852
0.0000173051
0.0000175243
0.0000177407
0.0000179594
0.0000181857
0.0000184253
0.0000186766
0.0000189410
0.0000192224
0.0000195067
0.0000198014
0.0000201038
0.0000204168
0.0000207399
0.0000210714
0.0000214154
0.0000217735
0.0000221458
0.0000225171
0.0000228878
0.0000232517
0.0000236179
0.0000240050
0.0000244509
0.0000249648
0.0000255321
0.0000260733
0.0000264527
0.0000265655
0.0000264795
0.0000264770
0.0000271519
0.0000290127
0.0000320174
0.0000347354
0.0000342702
0.0000266904
0.0000100278
-0.0000123434
-0.0000247857
-0.0000112349
0.0000122303
0.0000299961
0.0000386690
0.0000402103
0.0000385365
0.0000365680
0.0000357620
0.0000362171
0.0000374616
0.0000388812
0.0000400167
0.0000405905
0.0000405027
0.0000399895
0.0000396751
0.0000406439
0.0000437969
0.0000490360
0.0000537547
0.0000526637
0.0000386111
0.0000079936
-0.0000330396
-0.0000560587
-0.0000318133
0.0000105199
0.0000425883
0.0000582531
0.0000610545
0.0000579027
0.0000537950
0.0000510983
0.0000501210
0.0000507421
0.0000533362
0.0000583858
0.0000653544
0.0000705404
0.0000670107
0.0000458341
0.0000036683
-0.0000495990
-0.0000746989
-0.0000350721
0.0000207487
0.0000425433
0.0000163661
-0.0000434496
-0.0000839640
-0.0000536862
0.0000066970
0.0000541888
0.0000780810
0.0000824207
0.0000775068
0.0000716984
0.0000695521
0.0000714553
0.0000749939
0.0000766112
0.0000732210
0.0000653313
0.0000590566
0.0000691059
0.0001136232
0.0002061979
0.0003255280
0.0004372503
0.0005624016
0.0006635836
0.0007163343
0.0007323455
0.0007293920
0.0007238725
0.0007253889
0.0007386795
0.0007623021
0.0007874962
0.0007958295
0.0007624808
0.0006687676
0.0005255496
0.0004082396
0.0004314536
0.0005663113
0.0006474251
0.0005734326
0.0003781355
0.0001913527
0.0000807727
0.0000411852
0.0000454475
0.0000704493
0.0001059614
0.0001443185
0.0001622740
0.0001091127
-0.0000852557
-0.0004540193
-0.0009563652
-0.0015375660
-0.0020594030
-0.0023806640
-0.0024728210
-0.0023653860
-0.0021008320
-0.0017752200
-0.0015495280
-0.0015098870
-0.0016601410
-0.0019430020
-0.0022001010
-0.0021921870
-0.0018233680
-0.0011866740
-0.0004612308
0.0000960659
0.0004065285
0.0004970694
0.0004178568
0.0003338701
0.0003306331
0.0003387673
0.0002565455
0.0001537465
0.0001266097
0.0002218580
0.0004400028
0.0006862784
0.0008044979
0.0007727861
0.0007460204
0.0009138945
0.0012669500
0.0016826220
0.0019837990
0.0020782510
0.0019626860
0.0016780960
0.0013459070
0.0011464880
0.0011282780
0.0011856450
0.0011168270
0.0006892378
-0.0002201137
-0.0014546700
-0.0026534450
-0.0035258170
-0.0039382050
-0.0039194050
-0.0035425220
-0.0028962310
-0.0021404630
-0.0013963000
-0.0007025442
-0.0001779207
0.0000627580
0.0000678695
0.0000071671
0.0000931794
0.0005152111
0.0013037690
0.0022161310
0.0028156080
0.0027656130
0.0021404580
0.0010755970
-0.0002613117
-0.0015963940
-0.0025829490
-0.0030227350
-0.0029383010
-0.0024456800
-0.0017501150
-0.0011952950
-0.0010898620
-0.0014774100
-0.0021643740
-0.0028851910
-0.0032649450
-0.0029938960
-0.0020455400
-0.0005428438
0.0013026480
0.0031031310
0.0044755170
0.0053241220
0.0055808830
0.0051835050
0.0042619470
0.0029939180
0.0016159380
0.0005674285
0.0000669183
-0.0000200729
0.0000355700
-0.0000236956
-0.0003243701
-0.0008576391
-0.0015110810
-0.0018795220
-0.0015908730
-0.0004925161
0.0012385330
0.0030748350
0.0044404220
0.0050680860
0.0048329840
0.0037728140
0.0021735090
0.0004864052
-0.0009049596
-0.0018464440
-0.0023506500
-0.0025048900
-0.0023616170
-0.0020994910
-0.0020061650
-0.0022133760
-0.0026078400
-0.0028802700
-0.0027617950
-0.0021163490
-0.0010643380
-0.0000496452
0.0004922075
0.0003942144
-0.0001485079
-0.0007947490
-0.0011390780
-0.0009433508
-0.0003579337
0.0003263039
0.0008856905
0.0011270700
0.0009792380
0.0004974938
-0.0001864453
-0.0009672528
-0.0016702950
-0.0021226120
-0.0022533640
-0.0020865520
-0.0018483810
-0.0017657990
-0.0019783330
-0.0025207410
-0.0032052790
-0.0036329650
-0.0035773240
-0.0030531840
-0.0022495080
-0.0013337680
-0.0003907278
0.0004526774
0.0011752530
0.0017281840
0.0020552540
0.0022042370
0.0022308110
0.0021131610
0.0017588000
0.0011093530
0.0002649745
-0.0006007517
-0.0012709020
-0.0014357620
-0.0010449490
-0.0003415712
0.0004138904
0.0010832180
0.0015342480
0.0017427620
0.0018518790
0.0019125290
0.0019769520
0.0021252790
0.0023845550
0.0026703350
0.0027061090
0.0021968920
0.0013025300
0.0003799938
-0.0002749252
-0.0004710906
-0.0000853033
0.0007879667
0.0019659210
0.0031971460
0.0040579510
0.0043472670
0.0040321470
0.0031066930
0.0017417430
0.0003624421
-0.0007689310
-0.0016400980
-0.0023068030
-0.0027258620
-0.0029679110
-0.0031674890
-0.0033438120
-0.0034134340
-0.0033340450
-0.0030294310
-0.0025768530
-0.0021471780
-0.0020495760
-0.0026231110
-0.0037562020
-0.0051090250
-0.0062493830
-0.0067393900
-0.0064194070
-0.0054264320
-0.0040991390
-0.0027352970
-0.0016975250
-0.0011660110
-0.0008334129
-0.0001198050
0.0014227600
0.0037566960
0.0064322930
0.0089223680
0.0108236100
0.0118552000
0.0118018200
0.0104696700
0.0081360120
0.0054349280
0.0029429610
0.0009731604
-0.0003632252
-0.0011463080
-0.0016904350
-0.0022146620
-0.0026794080
-0.0031129170
-0.0035761630
-0.0040478830
-0.0044972580
-0.0048415570
-0.0050209950
-0.0049436510
-0.0044247350
-0.0033074760
-0.0015870640
0.0006113948
0.0028024380
0.0046418550
0.0061899080
0.0074594410
0.0083103800
0.0085185830
0.0080711080
0.0071672770
0.0059845270
0.0046079160
0.0030184890
0.0011371830
-0.0008318989
-0.0025704170
-0.0038333790
-0.0045262330
-0.0046868500
-0.0044863870
-0.0040897140
-0.0034195920
-0.0023140600
-0.0008320662
0.0006651720
0.0017704610
0.0021916240
0.0017881560
0.0009585400
0.0000308740
-0.0010275640
-0.0023246730
-0.0038651050
-0.0054371760
-0.0067552510
-0.0076199840
-0.0079126790
-0.0075926510
-0.0066632230
-0.0052288030
-0.0034541220
-0.0014516980
0.0005439283
0.0022328770
0.0035030210
0.0043981750
0.0051322340
0.0058571320
0.0065992950
0.0073555400
0.0080950230
0.0086051930
0.0085812320
0.0078648570
0.0065020000
0.0046364570
0.0022822270
-0.0005231100
-0.0032624620
-0.0054349160
-0.0068961640
-0.0077625460
-0.0082164170
-0.0083484810
-0.0080785080
-0.0072993340
-0.0058973050
-0.0039276950
-0.0015838130
0.0008497944
0.0028988610
0.0040442620
0.0042372730
0.0037541850
0.0029677770
0.0023869490
0.0025236020
0.0031590200
0.0034089930
0.0026290380
0.0008491751
-0.0012009850
-0.0028064560
-0.0036070260
-0.0035338560
-0.0028196940
-0.0018213720
-0.0006442037
0.0006893332
0.0021247700
0.0035624510
0.0046244310
0.0049944640
0.0045786670
0.0033641470
0.0013690370
-0.0011460810
-0.0038279200
-0.0062499900
-0.0080638790
-0.0091513440
-0.0095208120
-0.0093296470
-0.0086448710
-0.0075990210
-0.0063912610
-0.0052390170
-0.0043248920
-0.0035395930
-0.0025062700
-0.0009254471
0.0012615000
0.0039025300
0.0066429930
0.0090806340
0.0108973600
0.0118282700
0.0117303600
0.0106565800
0.0088919990
0.0069066180
0.0051993090
0.0041373280
0.0038054680
0.0040106230
0.0044317890
0.0046483100
0.0042201860
0.0029345060
0.0009094066
-0.0013208510
-0.0032552220
-0.0044979610
-0.0049960670
-0.0050177890
-0.0048711740
-0.0047588660
-0.0047470470
-0.0047955900
-0.0047959860
-0.0046123820
-0.0041543740
-0.0034195440
-0.0024289190
-0.0013644020
-0.0004982531
0.0001396742
0.0008062034
0.0017403450
0.0028411110
0.0037931910
0.0045640530
0.0052436760
0.0057474630
0.0059049300
0.0056479620
0.0050618940
0.0044003050
0.0039172480
0.0037226310
0.0038723870
0.0044247460
0.0053429190
0.0063310960
0.0069552270
0.0069689040
0.0062901850
0.0049530770
0.0030496790
0.0008696642
-0.0010457610
-0.0023548280
-0.0029549640
-0.0030332510
-0.0028900810
-0.0027659750
-0.0028097560
-0.0030739750
-0.0034831110
-0.0038322000
-0.0039521020
-0.0036976790
-0.0029524140
-0.0017075300
-0.0000712184
0.0017161480
0.0033067490
0.0042428120
0.0042853500
0.0033320400
0.0014383820
-0.0010197780
-0.0035965150
-0.0058692550
-0.0075529930
-0.0085231910
-0.0088504890
-0.0087442440
-0.0083627010
-0.0077923350
-0.0070109350
-0.0057357560
-0.0038494460
-0.0014540030
0.0011689910
0.0035183370
0.0051226460
0.0058108270
0.0056690570
0.0050331570
0.0043978570
0.0041197570
0.0041951490
0.0043040950
0.0039461870
0.0026369670
0.0003138331
-0.0023575150
-0.0045054070
-0.0055008680
-0.0051202700
-0.0035418190
-0.0011800810
0.0013870520
0.0036281040
0.0051489870
0.0058606950
0.0059164900
0.0056353510
0.0054072200
0.0055395760
0.0059687100
0.0062127520
0.0057546190
0.0043431380
0.0019040810
-0.0012006290
-0.0042482300
-0.0064478430
-0.0073492720
-0.0069858040
-0.0057694260
-0.0042097110
-0.0027117040
-0.0014410360
-0.0003631447
0.0007222444
0.0018421200
0.0026793850
0.0027918370
0.0022829220
0.0017063150
0.0012745360
0.0007803511
-0.0001140834
-0.0015945650
-0.0035341750
-0.0054791780
-0.0070026400
-0.0079708270
-0.0085976240
-0.0091666720
-0.0098621090
-0.0105935800
-0.0110490700
-0.0109488100
-0.0102314600
-0.0089777120
-0.0074589100
-0.0059915690
-0.0048918650
-0.0043128310
-0.0042403340
-0.0045836500
-0.0050558210
-0.0052974290
-0.0049639880
-0.0039141480
-0.0021377570
0.0002354943
0.0028017140
0.0052018330
0.0074923770
0.0097850690
0.0120025700
0.0139815400
0.0154671400
0.0161867100
0.0160780200
0.0153506000
0.0141932900
0.0126790500
0.0110037600
0.0093910680
0.0079096670
0.0063996180
0.0047146960
0.0028597580
0.0008861174
-0.0008964487
-0.0022916620
-0.0032815560
-0.0040050190
-0.0045188740
-0.0047781540
-0.0047758660
-0.0045038380
-0.0039659380
-0.0032242440
-0.0022789990
-0.0010659340
0.0003267307
0.0017663690
0.0030177570
0.0037956870
0.0041882780
0.0045184310
0.0050140520
0.0056589410
0.0062361860
0.0063979560
0.0060824720
0.0055631240
0.0051172040
0.0047865670
0.0044538690
0.0039550250
0.0030270900
0.0015608900
-0.0001910676
-0.0020198710
-0.0039226590
-0.0058740350
-0.0077613830
-0.0094008720
-0.0106198700
-0.0113636000
-0.0116860800
-0.0117358200
-0.0116346200
-0.0113962800
-0.0109757800
-0.0103188800
-0.0093277560
-0.0080434850
-0.0066627970
-0.0053376210
-0.0042238430
-0.0034812760
-0.0030880100
-0.0029206900
-0.0027207640
-0.0021814620
-0.0011659510
0.0001738546
0.0016352590
0.0029821000
0.0039958520
0.0048437360
0.0057952340
0.0068777960
0.0080317940
0.0091428420
0.0100041100
0.0103440000
0.0099954080
0.0090837830
0.0078792970
0.0066557730
0.0056876410
0.0051617180
0.0049384970
0.0046860310
0.0041430070
0.0032509550
0.0021688600
0.0012626170
0.0006426600
0.0002571749
0.0001064770
0.0001385275
0.0002561654
0.0003345335
0.0002138432
-0.0002736320
-0.0011874520
-0.0023275020
-0.0033409430
-0.0040547640
-0.0045214030
-0.0048354380
-0.0051425550
-0.0055074750
-0.0058338440
-0.0059985790
-0.0059210640
-0.0056795470
-0.0053213530
-0.0047630340
-0.0037316660
-0.0019729440
0.0004980424
0.0031758400
0.0053415180
0.0065223920
0.0064704520
0.0052676380
0.0031392460
0.0004689973
-0.0020651710
-0.0039339960
-0.0050141390
-0.0053584730
-0.0051006240
-0.0044834170
-0.0036817440
-0.0028363160
-0.0020193570
-0.0011693130
-0.0000772473
0.0014811460
0.0033970580
0.0053442820
0.0070914190
0.0083978930
0.0090947940
0.0092455980
0.0089429270
0.0081922560
0.0069602930
0.0052061180
0.0029639010
0.0004549136
-0.0017378320
-0.0031493840
-0.0037582850
-0.0036796100
-0.0031131770
-0.0022845990
-0.0013513440
-0.0004787808
0.0002997282
0.0009234316
0.0012867050
0.0013365990
0.0009992368
0.0001997289
-0.0010314670
-0.0025411630
-0.0040733890
-0.0053847120
-0.0062551740
-0.0066737340
-0.0068688350
-0.0070889600
-0.0073939150
-0.0075997360
-0.0074719380
-0.0068212290
-0.0055685800
-0.0037418250
-0.0015230320
0.0007895290
0.0027706770
0.0040278570
0.0046859690
0.0050883240
0.0054306190
0.0057544370
0.0059394960
0.0058755070
0.0055380970
0.0049595440
0.0041355200
0.0031122180
0.0020789000
0.0014006630
0.0011478670
0.0011166580
0.0010451040
0.0007368807
0.0001880979
-0.0003607782
-0.0006365586
-0.0005593567
-0.0002463336
0.0000783452
0.0002943398
0.0003713509
0.0002751637
-0.0000649532
-0.0007027627
-0.0015891530
-0.0026505590
-0.0038330070
-0.0050679980
-0.0061802280
-0.0069173560
-0.0071512700
-0.0068586530
-0.0061949850
-0.0053944250
-0.0047207820
-0.0042132010
-0.0038203600
-0.0035988980
-0.0036223510
-0.0039948050
-0.0048158060
-0.0060611680
-0.0076543210
-0.0096212790
-0.0119473000
-0.0144669000
-0.0168162200
-0.0186508700
-0.0198483200
-0.0204117100
-0.0205361000
-0.0204435400
-0.0202384600
-0.0199217800
-0.0195006900
-0.0190625500
-0.0186826300
-0.0184351800
-0.0182813100
-0.0181176700
-0.0178862000
-0.0176550300
-0.0175842700
-0.0176655000
-0.0176413800
-0.0170405200
-0.0154220600
-0.0128277100
-0.0094259110
-0.0052238140
-0.0005015856
0.0043818450
0.0089453730
0.0125773600
0.0147467300
0.0151489200
0.0136854200
0.0103052300
0.0050162460
-0.0017512330
-0.0092147500
-0.0164106200
-0.0222807900
-0.0262027500
-0.0285266800
-0.0299398600
-0.0308323500
-0.0314879700
-0.0322051300
-0.0332971300
-0.0348937500
-0.0368969200
-0.0391335400
-0.0414887200
-0.0440952900
-0.0470890500
-0.0502330900
-0.0533184400
-0.0562853100
-0.0591488000
-0.0618716100
-0.0642000800
-0.0659307200
-0.0669774300
-0.0674124500
-0.0674134200
-0.0670962700
-0.0664754900
-0.0656086600
-0.0646581900
-0.0636430000
-0.0624409600
-0.0605933300
-0.0573323100
-0.0517828700
-0.0433528900
-0.0320234800
-0.0182267500
-0.0030026370
0.0123704500
0.0268922000
0.0400682000
0.0517915900
0.0623265600
0.0721331400
0.0814612400
0.0903211500
0.0987833800
0.1068598000
0.1145021000
0.1216238000
0.1281142000
0.1339315000
0.1392724000
0.1441538000
0.1484416000
0.1521667000
0.1553929000
0.1580097000
0.1598080000
0.1605272000
0.1601147000
0.1587013000
0.1565627000
0.1539714000
0.1510970000
0.1480001000
0.1448038000
0.1415925000
0.1384634000
0.1355783000
0.1330377000
0.1310186000
0.1297047000
0.1291453000
0.1291072000
0.1292159000
0.1290892000
0.1283781000
0.1268872000
0.1246226000
0.1213876000
0.1167606000
0.1102708000
0.1015560000
0.0906449700
0.0780600400
0.0646597700
0.0512374700
0.0384176700
0.0265546000
0.0157099300
0.0057663990
-0.0035176860
-0.0125722000
-0.0217134000
-0.0308166200
-0.0396987900
-0.0482417500
-0.0564253800
-0.0643763400
-0.0722479300
-0.0800903200
-0.0878943800
-0.0957634200
-0.1037138000
-0.1116362000
-0.1195475000
-0.1275151000
-0.1353993000
-0.1430026000
-0.1501857000
-0.1569137000
-0.1631831000
-0.1690585000
-0.1746316000
-0.1796821000
-0.1841522000
-0.1881679000
-0.1916098000
-0.1942762000
-0.1960426000
-0.1967247000
-0.1961042000
-0.1940225000
-0.1902894000
-0.1847674000
-0.1773719000
-0.1677258000
-0.1556443000
-0.1411132000
-0.1241834000
-0.1053283000
-0.0855481700
-0.0661782700
-0.0487954400
-0.0345745000
-0.0236768000
-0.0154731000
-0.0092158320
-0.0044876630
-0.0012137440
0.0004880022
0.0005387307
-0.0011423810
-0.0045524450
-0.0093985860
-0.0152112100
-0.0214656000
-0.0277173700
-0.0336664200
-0.0388768900
-0.0428792700
-0.0451916200
-0.0453861200
-0.0433431500
-0.0392217100
-0.0332938300
-0.0261686300
-0.0187253600
-0.0117020800
-0.0053909390
0.0003178966
0.0057256550
0.0111373900
0.0166675200
0.0222945300
0.0280630400
0.0340138000
0.0399733800
0.0460367100
0.0522963000
0.0587985800
0.0654377600
0.0719383700
0.0783193900
0.0846369000
0.0908933800
0.0968754900
0.1021931000
0.1066995000
0.1103313000
0.1130272000
0.1147070000
0.1155025000
0.1156840000
0.1155806000
0.1154989000
0.1156749000
0.1162273000
0.1171130000
0.1181314000
0.1188263000
0.1186942000
0.1172151000
0.1139922000
0.1090438000
0.1028271000
0.0959366100
0.0888975600
0.0819562300
0.0753125000
0.0692489900
0.0639795800
0.0594184600
0.0552839600
0.0513017600
0.0471014900
0.0422758800
0.0365487100
0.0298428900
0.0222467700
0.0140168200
0.0056620650
-0.0023041670
-0.0096357900
-0.0163367100
-0.0224677400
-0.0281384200
-0.0334846300
-0.0383220400
-0.0424535800
-0.0458658300
-0.0486431800
-0.0508248000
-0.0524595300
-0.0537603400
-0.0548972400
-0.0558973800
-0.0567630400
-0.0573981900
-0.0578111900
-0.0581049400
-0.0585030600
-0.0592216700
-0.0601845600
-0.0609843300
-0.0614029500
-0.0614065800
-0.0609861000
-0.0601643500
-0.0591674900
-0.0584416400
-0.0581289700
-0.0580850400
-0.0580904700
-0.0579537800
-0.0575980200
-0.0570543600
-0.0563264700
-0.0554348100
-0.0543718600
-0.0530566700
-0.0514177900
-0.0494961500
-0.0473950100
-0.0452308800
-0.0431694500
-0.0413692400
-0.0398002300
-0.0383673400
-0.0369524100
-0.0354779400
-0.0338511400
-0.0320145100
-0.0298709100
-0.0272343500
-0.0238889900
-0.0196216000
-0.0144133900
-0.0085442530
-0.0023777610
0.0037430280
0.0095519480
0.0149874200
0.0200206600
0.0246433600
0.0288666500
0.0327323100
0.0362469500
0.0394072600
0.0423036600
0.0450798000
0.0478130600
0.0503538600
0.0526068800
0.0545935200
0.0560476800
0.0563553600
0.0547991700
0.0507701300
0.0441171200
0.0353012200
0.0252676000
0.0151446200
0.0058078360
-0.0022962830
-0.0092479050
-0.0153938500
-0.0208998900
-0.0257762200
-0.0300214400
-0.0336374700
-0.0365894600
-0.0388787200
-0.0405373900
-0.0415427400
-0.0418724800
-0.0415045700
-0.0403785800
-0.0385186100
-0.0361163700
-0.0334374700
-0.0306670400
-0.0280142400
-0.0255878600
-0.0231580800
-0.0205824200
-0.0180019400
-0.0155317200
-0.0132373900
-0.0110498700
-0.0088389790
-0.0064773480
-0.0037366410
-0.0004594381
0.0031922110
0.0070120810
0.0110272300
0.0151666200
0.0193008700
0.0233340600
0.0272635400
0.0309412100
0.0339994200
0.0361845300
0.0377345400
0.0389176500
0.0398375000
0.0404786700
0.0409091000
0.0411649200
0.0411406000
0.0408093800
0.0402520400
0.0395177800
0.0386935500
0.0378402000
0.0369772700
0.0361970200
0.0354066900
0.0342709600
0.0326265100
0.0307136300
0.0286868000
0.0266427600
0.0247174000
0.0230776700
0.0218706600
0.0211279400
0.0207894800
0.0207125400
0.0207886600
0.0209981000
0.0213542000
0.0217680800
0.0219828100
0.0217370900
0.0208602600
0.0193675800
0.0175071300
0.0157411300
0.0143597100
0.0133936800
0.0129012400
0.0128574200
0.0132045900
0.0138837300
0.0146587300
0.0150483200
0.0146612100
0.0133258900
0.0111388100
0.0083175120
0.0051211700
0.0017879850
-0.0015093950
-0.0047905820
-0.0081402520
-0.0115687800
-0.0150464000
-0.0184442100
-0.0215780000
-0.0242451000
-0.0263643600
-0.0279507500
-0.0291068500
-0.0297870900
-0.0300771100
-0.0301302700
-0.0299829100
-0.0295665000
-0.0288071500
-0.0278688800
-0.0271756500
-0.0268777700
-0.0268398800
-0.0268382500
-0.0266568600
-0.0261946200
-0.0254897300
-0.0246417000
-0.0238090500
-0.0229837000
-0.0220967300
-0.0210681100
-0.0197921200
-0.0181994100
-0.0163193900
-0.0141660900
-0.0116898200
-0.0087775950
-0.0052849060
-0.0011836060
0.0034919290
0.0083548700
0.0130414200
0.0172405500
0.0206701800
0.0231254300
0.0245542600
0.0250168900
0.0247112200
0.0238726900
0.0227370800
0.0214987200
0.0202553200
0.0188608100
0.0171385000
0.0152623400
0.0135132700
0.0120658300
0.0109279800
0.0100607100
0.0094765780
0.0091907580
0.0091289670
0.0091918870
0.0093112290
0.0094410560
0.0095104020
0.0094605670
0.0093949030
0.0093529920
0.0092181470
0.0087591380
0.0077710220
0.0061915780
0.0039665850
0.0011757400
-0.0018530610
-0.0047283640
-0.0072533490
-0.0093319700
-0.0109752100
-0.0123159400
-0.0134951200
-0.0144439800
-0.0151927900
-0.0158076400
-0.0164012500
-0.0171982600
-0.0183614600
-0.0199378900
-0.0218447900
-0.0239800000
-0.0262773900
-0.0286361600
-0.0308740200
-0.0328628000
-0.0345171900
-0.0357960400
-0.0367583100
-0.0374745100
-0.0379964100
-0.0383552500
-0.0384680400
-0.0382636100
-0.0376567400
-0.0364069000
-0.0343236200
-0.0314603700
-0.0281615800
-0.0248317200
-0.0215137600
-0.0181743700
-0.0149127600
-0.0118650500
-0.0091497210
-0.0067093920
-0.0044202560
-0.0021117980
0.0003174438
0.0026873360
0.0046626950
0.0063165130
0.0078201580
0.0092479990
0.0104846100
0.0114015400
0.0120599600
0.0125372600
0.0128807000
0.0130582000
0.0130922000
0.0130748700
0.0131295200
0.0133863300
0.0139158900
0.0146676000
0.0156053300
0.0167246000
0.0178996800
0.0189685500
0.0197026100
0.0202151100
0.0208368300
0.0218329600
0.0232773700
0.0249104700
0.0264677200
0.0277468400
0.0286659500
0.0292327500
0.0294333900
0.0291380800
0.0282175700
0.0265520500
0.0242368100
0.0215482700
0.0186661200
0.0157136700
0.0130777500
0.0110267000
0.0096818000
0.0090456520
0.0089023630
0.0090225950
0.0092998740
0.0097133390
0.0101891700
0.0104959700
0.0104531500
0.0101099100
0.0095623720
0.0088931410
0.0081157940
0.0072799580
0.0064449440
0.0055802340
0.0045269190
0.0029984500
0.0008109917
-0.0017929010
-0.0045766650
-0.0075424270
-0.0107115200
-0.0140023900
-0.0172093300
-0.0201643800
-0.0227418200
-0.0248798500
-0.0266446000
-0.0281838500
-0.0295630700
-0.0304708900
-0.0306084000
-0.0299137600
-0.0286046100
-0.0270710400
-0.0252490700
-0.0229219200
-0.0201371500
-0.0171293500
-0.0142211500
-0.0117734300
-0.0100649600
-0.0091599910
-0.0090656020
-0.0097133060
-0.0108396700
-0.0123237400
-0.0141420500
-0.0160321000
-0.0177295400
-0.0191604800
-0.0204756500
-0.0218589100
-0.0233623900
-0.0249520600
-0.0264202500
-0.0275256800
-0.0280955000
-0.0279134400
-0.0268904200
-0.0248196500
-0.0215854100
-0.0173646900
-0.0127172700
-0.0083676690
-0.0045776790
-0.0012913950
0.0016721470
0.0044395380
0.0069714380
0.0091455450
0.0108947100
0.0122377700
0.0132840700
0.0141220100
0.0147445600
0.0151146300
0.0152477200
0.0151403900
0.0147210000
0.0139469400
0.0129272200
0.0118979000
0.0110828000
0.0104790700
0.0100630700
0.0100171600
0.0104968200
0.0114281500
0.0127527200
0.0143646200
0.0161548600
0.0179440900
0.0195234600
0.0208119800
0.0219547000
0.0232104300
0.0247655000
0.0266161400
0.0286562700
0.0307641600
0.0328195500
0.0346753800
0.0362491800
0.0376817400
0.0389969100
0.0401353200
0.0411787100
0.0422357700
0.0432023800
0.0439467400
0.0444465000
0.0448024300
0.0450485600
0.0450343300
0.0446099300
0.0436704300
0.0420253700
0.0394667800
0.0359865800
0.0317976700
0.0273466900
0.0230344800
0.0189771800
0.0151730600
0.0117845200
0.0088791200
0.0062885770
0.0038576230
0.0015239970
-0.0006202875
-0.0024724460
-0.0039718900
-0.0051816190
-0.0063031590
-0.0073951330
-0.0084614950
-0.0094822870
-0.0103806700
-0.0110424200
-0.0113968800
-0.0115018700
-0.0114485600
-0.0112829100
-0.0110148200
-0.0106956000
-0.0104484700
-0.0103181400
-0.0103024600
-0.0104333100
-0.0107827800
-0.0114538000
-0.0126536400
-0.0143817300
-0.0162356500
-0.0179343800
-0.0193814400
-0.0206215100
-0.0217802800
-0.0230374500
-0.0243725200
-0.0256131000
-0.0265202700
-0.0270161200
-0.0272383800
-0.0273199600
-0.0272192000
-0.0266829500
-0.0253874800
-0.0232290400
-0.0204411500
-0.0173515800
-0.0142164800
-0.0112203200
-0.0085312080
-0.0063096430
-0.0046640880
-0.0036792680
-0.0033446290
-0.0035686460
-0.0042589990
-0.0053318710
-0.0066689270
-0.0080096320
-0.0092301890
-0.0102131100
-0.0109455400
-0.0115963200
-0.0124608100
-0.0136394100
-0.0148692500
-0.0159795600
-0.0170205700
-0.0180921700
-0.0190990800
-0.0199008900
-0.0204291300
-0.0206814700
-0.0206528400
-0.0203952500
-0.0198329600
-0.0188255900
-0.0174021200
-0.0157829500
-0.0141486100
-0.0126037100
-0.0113673600
-0.0103197100
-0.0092739720
-0.0082788600
-0.0072650960
-0.0061737370
-0.0050638400
-0.0040392380
-0.0030018770
-0.0017217410
-0.0001506916
0.0015961300
0.0031781840
0.0042421970
0.0048243790
0.0051035820
0.0051480810
0.0050097180
0.0047608110
0.0044495790
0.0039680350
0.0031679760
0.0021676820
0.0014128330
0.0011615590
0.0014492330
0.0022034190
0.0031445700
0.0038447610
0.0042764260
0.0047669230
0.0056615460
0.0070503640
0.0087551520
0.0105605800
0.0124081200
0.0143924500
0.0165057400
0.0185140400
0.0201208200
0.0213848800
0.0223767800
0.0229820200
0.0231011500
0.0225581700
0.0211355100
0.0187461400
0.0155166700
0.0119617100
0.0085805290
0.0057082550
0.0033546150
0.0012839560
-0.0005813046
-0.0022332130
-0.0036879790
-0.0050259370
-0.0062488120
-0.0072111550
-0.0078512080
-0.0082302540
-0.0084095620
-0.0085338760
-0.0087972240
-0.0093214720
-0.0100981300
-0.0111051300
-0.0124150800
-0.0140612000
-0.0157786700
-0.0173177000
-0.0186390600
-0.0197315700
-0.0205430100
-0.0210988300
-0.0213806300
-0.0213255400
-0.0209007800
-0.0202219300
-0.0192683800
-0.0179404700
-0.0162009500
-0.0141615200
-0.0120577100
-0.0101153500
-0.0083591900
-0.0067793900
-0.0053374510
-0.0039037940
-0.0023564890
-0.0005707456
0.0014492460
0.0035508950
0.0055425930
0.0073707000
0.0089348000
0.0100890600
0.0107827100
0.0110759500
0.0111563500
0.0112201800
0.0113661300
0.0115401400
0.0115794700
0.0114690500
0.0113265000
0.0111389800
0.0107430900
0.0099752890
0.0088252830
0.0074438520
0.0060766880
0.0048944400
0.0039442180
0.0030531040
0.0021644670
0.0015221250
0.0011857350
0.0010509540
0.0010390130
0.0011734180
0.0015620640
0.0022920260
0.0032090600
0.0039017870
0.0042364400
0.0043427610
0.0043853340
0.0044360110
0.0044012070
0.0040457270
0.0031099140
0.0015906050
-0.0000826138
-0.0014937730
-0.0025180460
-0.0032460150
-0.0038333500
-0.0042635110
-0.0044292070
-0.0043236460
-0.0040526720
-0.0037597860
-0.0034245860
-0.0029208320
-0.0021381990
-0.0009997706
0.0003888463
0.0018807350
0.0032393030
0.0041626480
0.0046776750
0.0049625190
0.0051200080
0.0052688930
0.0055056620
0.0058071330
0.0060360690
0.0061407170
0.0061706610
0.0062177740
0.0063741870
0.0066763260
0.0071003580
0.0077127330
0.0085362130
0.0094496410
0.0103889000
0.0112990600
0.0122419000
0.0132204800
0.0140723300
0.0146192500
0.0148706700
0.0147826500
0.0143359200
0.0136852600
0.0131226700
0.0127446900
0.0124940600
0.0123620400
0.0124154200
0.0125737700
0.0126035500
0.0123965300
0.0119777400
0.0113193700
0.0103615600
0.0090561070
0.0075584470
0.0060539170
0.0045910210
0.0031428180
0.0016764540
0.0003970168
-0.0005376233
-0.0011227910
-0.0014351130
-0.0015330080
-0.0015458940
-0.0016799270
-0.0020393960
-0.0024445900
-0.0027789900
-0.0030359430
-0.0031602050
-0.0030540050
-0.0027376490
-0.0022221080
-0.0015637540
-0.0010007740
-0.0007953914
-0.0010364140
-0.0016116330
-0.0022322820
-0.0026422390
-0.0027967380
-0.0027787760
-0.0026932260
-0.0026288910
-0.0026585570
-0.0028521540
-0.0032460240
-0.0038408410
-0.0046903380
-0.0057856950
-0.0070117970
-0.0082178240
-0.0093338810
-0.0101992300
-0.0107462700
-0.0110772700
-0.0113376200
-0.0117578700
-0.0125250300
-0.0135085900
-0.0142335200
-0.0144285500
-0.0140736800
-0.0133045700
-0.0124275500
-0.0116867700
-0.0109484800
-0.0099260210
-0.0085583660
-0.0070695930
-0.0057196090
-0.0045746910
-0.0035548570
-0.0025276560
-0.0013897450
-0.0000579378
0.0016014030
0.0034632020
0.0052414330
0.0068246530
0.0082069620
0.0094843320
0.0107169200
0.0118472600
0.0128750800
0.0138721100
0.0149318000
0.0161219800
0.0174287100
0.0186689700
0.0195853800
0.0202714900
0.0209699000
0.0217430600
0.0224727200
0.0229893200
0.0231565100
0.0228762500
0.0222211500
0.0213468400
0.0204573100
0.0195267500
0.0182763000
0.0166512100
0.0150726000
0.0138692500
0.0131583900
0.0129034600
0.0128823900
0.0128248500
0.0125340400
0.0119940300
0.0114112200
0.0110132400
0.0108505200
0.0108620400
0.0109606100
0.0110650900
0.0110840900
0.0109098200
0.0104295900
0.0096452890
0.0086894170
0.0075981860
0.0063642300
0.0049185300
0.0032756080
0.0014049640
-0.0005399518
-0.0023874100
-0.0041157180
-0.0058067350
-0.0074648090
-0.0090366830
-0.0105631000
-0.0122391900
-0.0141822000
-0.0162377700
-0.0182281200
-0.0200465200
-0.0216791700
-0.0231742300
-0.0244977900
-0.0255709500
-0.0263213100
-0.0268453200
-0.0272933200
-0.0278442000
-0.0285241200
-0.0291269500
-0.0295283900
-0.0297320200
-0.0298715800
-0.0299755400
-0.0300580900
-0.0301435300
-0.0302089500
-0.0301607400
-0.0298519200
-0.0291546800
-0.0281492700
-0.0271363400
-0.0261666500
-0.0251254300
-0.0238650400
-0.0222882800
-0.0204477800
-0.0184445300
-0.0163487800
-0.0141901700
-0.0120225200
-0.0099090130
-0.0078261020
-0.0058381570
-0.0039685390
-0.0021189810
-0.0001855331
0.0017665860
0.0036125670
0.0051221790
0.0061871390
0.0068089050
0.0070526340
0.0071028700
0.0071588820
0.0073431820
0.0076359510
0.0078956210
0.0080556990
0.0081190520
0.0080776990
0.0078689670
0.0074052620
0.0065987490
0.0053401830
0.0036412940
0.0015879690
-0.0006204026
-0.0028562080
-0.0050734600
-0.0071628430
-0.0089457850
-0.0103350800
-0.0112473300
-0.0116960100
-0.0118088400
-0.0116534800
-0.0111709100
-0.0102753000
-0.0090393110
-0.0076553270
-0.0062343930
-0.0048783930
-0.0037677150
-0.0030064340
-0.0025777000
-0.0023456370
-0.0022253080
-0.0022264490
-0.0023176660
-0.0025149220
-0.0027236180
-0.0028489070
-0.0028259930
-0.0025873150
-0.0021012170
-0.0014868190
-0.0010146690
-0.0007479109
-0.0005686611
-0.0003520701
-0.0000972151
0.0000566507
0.0000461258
-0.0000679605
-0.0001067565
0.0001306345
0.0006228962
0.0012844680
0.0021381510
0.0030962380
0.0038719240
0.0044566050
0.0050098000
0.0056086270
0.0062155380
0.0066694470
0.0069182100
0.0068479540
0.0063992840
0.0057297290
0.0051788960
0.0049198310
0.0049678750
0.0053074900
0.0058852070
0.0065773000
0.0073301030
0.0082146530
0.0092260800
0.0102328800
0.0110923800
0.0118667400
0.0126590100
0.0135684000
0.0146371100
0.0156717200
0.0164516500
0.0168718800
0.0169781500
0.0168457000
0.0164895100
0.0159089900
0.0151632700
0.0142615900
0.0131551300
0.0119177400
0.0106014000
0.0092522600
0.0079648640
0.0067384450
0.0055339750
0.0043298870
0.0029728260
0.0013482230
-0.0003041863
-0.0017267850
-0.0028750070
-0.0038171820
-0.0046250190
-0.0053588450
-0.0060243280
-0.0064998790
-0.0068154300
-0.0071059680
-0.0074123460
-0.0076259560
-0.0076545270
-0.0074486870
-0.0070119770
-0.0064110190
-0.0056751850
-0.0048809350
-0.0041052200
-0.0033230400
-0.0024231650
-0.0014458170
-0.0005448416
0.0002417682
0.0008491302
0.0012005670
0.0013131140
0.0012074870
0.0008539463
0.0002325716
-0.0005659712
-0.0014430470
-0.0023017770
-0.0029476810
-0.0032933590
-0.0033625470
-0.0032824010
-0.0031095850
-0.0029172890
-0.0026744840
-0.0022421030
-0.0015601430
-0.0006922302
0.0003991118
0.0017137280
0.0030600900
0.0041586540
0.0050061520
0.0057296890
0.0064029370
0.0069472200
0.0073752030
0.0077210410
0.0079230010
0.0079793460
0.0079485350
0.0079127790
0.0079647390
0.0081933580
0.0086255890
0.0092014350
0.0098732330
0.0105305100
0.0110887200
0.0115589200
0.0119576900
0.0122658300
0.0122518100
0.0118657600
0.0113588600
0.0109988900
0.0108504600
0.0108204900
0.0107699300
0.0105873100
0.0102686400
0.0099180500
0.0095762530
0.0092649150
0.0090393510
0.0088368140
0.0085193930
0.0080152420
0.0074013500
0.0067433070
0.0059920980
0.0051260820
0.0041594080
0.0030917400
0.0020085390
0.0011947920
0.0007203010
0.0005331620
0.0006164672
0.0008911816
0.0013808300
0.0021608180
0.0030924680
0.0037796230
0.0040903290
0.0041476680
0.0041238720
0.0041345310
0.0041818200
0.0041438240
0.0038172450
0.0030178390
0.0018071980
0.0005600943
-0.0005190884
-0.0015334790
-0.0027007180
-0.0040653360
-0.0055407150
-0.0069392650
-0.0080731690
-0.0088285560
-0.0093011050
-0.0096819370
-0.0101272700
-0.0105154700
-0.0107258400
-0.0106978500
-0.0103590200
-0.0096853020
-0.0087723340
-0.0077534600
-0.0067191870
-0.0057093290
-0.0047282380
-0.0037678080
-0.0028202200
-0.0018785580
-0.0009332883
0.0000350931
0.0010444430
0.0021098650
0.0031318370
0.0038058750
0.0040803580
0.0041353550
0.0041779540
0.0043456440
0.0046230270
0.0048659880
0.0050045180
0.0050556440
0.0050498090
0.0049898590
0.0048307050
0.0045138640
0.0039785110
0.0030627450
0.0017291200
0.0002434633
-0.0012149340
-0.0025587050
-0.0036911330
-0.0046342800
-0.0055193550
-0.0064504490
-0.0073140000
-0.0080182340
-0.0085769210
-0.0089620010
-0.0091334550
-0.0090515470
-0.0087988420
-0.0084119320
-0.0079095500
-0.0073878490
-0.0069553800
-0.0067648170
-0.0068964190
-0.0073247790
-0.0079635820
-0.0087690090
-0.0096488460
-0.0104830000
-0.0112089300
-0.0118818000
-0.0126781500
-0.0135966800
-0.0143573200
-0.0148940900
-0.0152988900
-0.0156201400
-0.0159350300
-0.0162403000
-0.0163973200
-0.0163058300
-0.0159659100
-0.0154281900
-0.0146787800
-0.0137018800
-0.0125687900
-0.0115031800
-0.0105229700
-0.0095710330
-0.0086450230
-0.0077821420
-0.0070450540
-0.0064429510
-0.0059171220
-0.0054561820
-0.0050747140
-0.0048378870
-0.0047442000
-0.0047370190
-0.0047680200
-0.0048088530
-0.0048462920
-0.0048634790
-0.0048281090
-0.0046983420
-0.0044520170
-0.0041515960
-0.0039402630
-0.0038534620
-0.0038152910
-0.0037175600
-0.0034831310
-0.0031520220
-0.0028867310
-0.0027889760
-0.0028833880
-0.0031512610
-0.0034936140
-0.0037431780
-0.0038458960
-0.0038543190
-0.0038549460
-0.0039195360
-0.0040731100
-0.0042447610
-0.0043217960
-0.0042953530
-0.0041429270
-0.0039405730
-0.0037282510
-0.0034817950
-0.0032194440
-0.0030028830
-0.0027684130
-0.0023495350
-0.0016528470
-0.0007119282
0.0005332218
0.0020461530
0.0035820470
0.0048968740
0.0059345290
0.0067688390
0.0075393570
0.0083554120
0.0091540560
0.0098895450
0.0104595900
0.0107705900
0.0108796800
0.0109045100
0.0109219100
0.0109121100
0.0107595100
0.0102986800
0.0094671620
0.0083746070
0.0071180390
0.0058979780
0.0048948940
0.0042230580
0.0039145560
0.0038590420
0.0039107310
0.0039704950
0.0039990540
0.0039969700
0.0039807230
0.0039649810
0.0039572470
0.0039579180
0.0039643580
0.0039723120
0.0039775030
0.0039750140
0.0039621500
0.0039409990
0.0039235870
0.0039298430
0.0039791750
0.0040663790
0.0041373060
0.0040708920
0.0037133110
0.0029683880
0.0020053200
0.0012656750
0.0009242291
0.0008874257
0.0009888217
0.0010682590
0.0010127780
0.0007683094
0.0003935976
0.0000573861
-0.0001219566
-0.0000633583
0.0003310660
0.0011057520
0.0021561100
0.0032668800
0.0042484140
0.0051175670
0.0059049140
0.0065839530
0.0071592010
0.0076890470
0.0081764440
0.0085905830
0.0088330000
0.0088537700
0.0086470550
0.0082446500
0.0077127170
0.0070522690
0.0062701270
0.0054245640
0.0046990000
0.0041911380
0.0039412370
0.0038880330
0.0039156400
0.0039379080
0.0039204410
0.0038931880
0.0039392880
0.0041749180
0.0046688000
0.0053960910
0.0062817140
0.0071579930
0.0079596980
0.0086098720
0.0090332210
0.0092363120
0.0092649080
0.0092704040
0.0092491880
0.0090429040
0.0086018090
0.0079233150
0.0071019400
0.0062521500
0.0054851590
0.0049939090
0.0047972150
0.0047851280
0.0048632610
0.0049872250
0.0051571880
0.0053449830
0.0055155240
0.0057202210
0.0059146600
0.0060441370
0.0061598660
0.0064186870
0.0067019350
0.0068931730
0.0069753070
0.0069402290
0.0067717440
0.0064563750
0.0060576190
0.0057446880
0.0055626910
0.0052990120
0.0048383780
0.0043318460
0.0039919500
0.0038815480
0.0039392150
0.0040425880
0.0040286350
0.0037270510
0.0030287940
0.0020642480
0.0012020750
0.0005335034
-0.0000404055
-0.0005498699
-0.0010294030
-0.0016127150
-0.0023389110
-0.0030525090
-0.0036724890
-0.0041696630
-0.0045671680
-0.0048842000
-0.0052086710
-0.0056062100
-0.0060334210
-0.0064505300
-0.0068139510
-0.0071785420
-0.0075973140
-0.0080250070
-0.0084111310
-0.0086973140
-0.0089234010
-0.0091749010
-0.0094384060
-0.0095863720
-0.0095614350
-0.0094280050
-0.0092657690
-0.0090292420
-0.0087281080
-0.0083551130
-0.0079234670
-0.0075577020
-0.0072735090
-0.0068837680
-0.0062855660
-0.0055047460
-0.0046938200
-0.0039023810
-0.0031613730
-0.0024866780
-0.0018488350
-0.0013311350
-0.0010308440
-0.0009095778
-0.0008585145
-0.0007974187
-0.0007147075
-0.0006941197
-0.0008149833
-0.0009379667
-0.0008765713
-0.0004972444
0.0001989553
0.0010546030
0.0020403270
0.0030462630
0.0037385650
0.0040326200
0.0040625100
0.0039855890
0.0039098480
0.0038763120
0.0038821510
0.0039053570
0.0039243000
0.0039256880
0.0039075590
0.0038803960
0.0038659710
0.0038912660
0.0039682360
0.0040651410
0.0040727220
0.0038088790
0.0030798520
0.0018858360
0.0004899498
-0.0009474966
-0.0022313490
-0.0032529300
-0.0041512400
-0.0050271390
-0.0058434960
-0.0064741670
-0.0068227450
-0.0069362170
-0.0069250870
-0.0068753190
-0.0068270030
-0.0067868960
-0.0067587080
-0.0067694580
-0.0068762650
-0.0071424520
-0.0075626320
-0.0080314250
-0.0084644550
-0.0087885490
-0.0090467490
-0.0093077380
-0.0096075940
-0.0099825210
-0.0103119400
-0.0105534400
-0.0106166100
-0.0104596800
-0.0101734800
-0.0099133050
-0.0097056820
-0.0094564820
-0.0090860880
-0.0085843890
-0.0079217000
-0.0071217670
-0.0061967550
-0.0051468030
-0.0041159870
-0.0031962510
-0.0023313800
-0.0014194700
-0.0004873234
0.0004252886
0.0011919250
0.0017772160
0.0020738330
0.0019314290
0.0016288780
0.0012843500
0.0007728873
0.0001233135
-0.0005322864
-0.0011281240
-0.0017374880
-0.0023544990
-0.0027904300
-0.0029967280
-0.0030532030
-0.0030414870
-0.0029921530
-0.0028820590
-0.0026690130
-0.0023780390
-0.0021033410
-0.0019333350
-0.0020540600
-0.0024009450
-0.0028092170
-0.0032853540
-0.0039011890
-0.0046359830
-0.0054545810
-0.0063289860
-0.0071334050
-0.0078348490
-0.0084010530
-0.0088390240
-0.0092864950
-0.0098355820
-0.0103767200
-0.0107440300
-0.0108867000
-0.0108148700
-0.0105318500
-0.0100676600
-0.0095002180
-0.0088635730
-0.0082174990
-0.0075649170
-0.0067896860
-0.0058375630
-0.0047287280
-0.0035512140
-0.0023975090
-0.0012449520
-0.0001389686
0.0009047349
0.0019403570
0.0029417610
0.0036990230
0.0042481980
0.0047776700
0.0053930860
0.0061115050
0.0068182130
0.0075238180
0.0082120290
0.0086979460
0.0089233510
0.0089280440
0.0087337570
0.0083392230
0.0077991590
0.0072947290
0.0069563080
0.0067003460
0.0063412020
0.0057867020
0.0051556250
0.0046218800
0.0042635610
0.0040910650
0.0039402790
0.0035550290
0.0027747430
0.0017822090
0.0011237240
0.0011217310
0.0017806660
0.0027827340
0.0035769280
0.0039590660
0.0040557400
0.0040860820
0.0042207820
0.0044731320
0.0047115420
0.0048648140
0.0049391610
0.0049535790
0.0049059510
0.0047676070
0.0045138920
0.0041970600
0.0039562170
0.0038418750
0.0038206980
0.0038427990
0.0038708300
0.0038886290
0.0038946010
0.0038919980
0.0038825560
0.0038656310
0.0038443340
0.0038323350
0.0038601030
0.0039663440
0.0041774570
0.0044518480
0.0046925960
0.0049251440
0.0052673190
0.0057743330
0.0063493610
0.0068894910
0.0074250000
0.0079386980
0.0083099630
0.0085706380
0.0087163800
0.0087647330
0.0087744890
0.0087871500
0.0088112140
0.0088072530
0.0086988690
0.0084011640
0.0079038300
0.0073226010
0.0067374280
0.0060709780
0.0053084420
0.0046295830
0.0041522770
0.0039324350
0.0038908550
0.0038545410
0.0036540000
0.0032032020
0.0026115810
0.0021820620
0.0019221480
0.0015547340
0.0011925680
0.0009286487
0.0007048905
0.0004862537
0.0002759398
0.0000543888
-0.0000314668
0.0002003402
0.0008245565
0.0017740670
0.0028401230
0.0036778780
0.0042551430
0.0047420180
0.0052495080
0.0058292470
0.0063744530
0.0067482120
0.0069424780
0.0070008470
0.0069187770
0.0066262960
0.0060467620
0.0052525620
0.0045265170
0.0039956200
0.0034911900
0.0027756700
0.0018786120
0.0011608500
0.0007893334
0.0007249702
0.0008993309
0.0012458140
0.0016734450
0.0019362870
0.0017959060
0.0015267980
0.0013213300
0.0011470140
0.0010360030
0.0009566952
0.0008096859
0.0005114489
0.0000879232
-0.0002876047
-0.0005320413
-0.0007841833
-0.0011379480
-0.0016705390
-0.0023320970
-0.0028876390
-0.0032560300
-0.0034628720
-0.0035573800
-0.0036852330
-0.0038855920
-0.0041989230
-0.0046456180
-0.0051642020
-0.0057038240
-0.0061885290
-0.0065700320
-0.0068069380
-0.0069674490
-0.0071894880
-0.0075457580
-0.0080094830
-0.0085629300
-0.0091728320
-0.0098198740
-0.0104079400
-0.0108512500
-0.0111980900
-0.0114897700
-0.0116756000
-0.0117618200
-0.0118051600
-0.0118441500
-0.0118627900
-0.0117757900
-0.0114536500
-0.0108148900
-0.0099209670
-0.0088927830
-0.0078318750
-0.0068129020
-0.0058979010
-0.0051481860
-0.0045839180
-0.0041739650
-0.0039360760
-0.0038502140
-0.0038820160
-0.0040273560
-0.0042899060
-0.0046089210
-0.0048448530
-0.0049520340
-0.0049712720
-0.0049596210
-0.0049551780
-0.0049607460
-0.0049434130
-0.0048493510
-0.0046329020
-0.0043181790
-0.0039999730
-0.0036775720
-0.0033093630
-0.0028939150
-0.0023643470
-0.0017242110
-0.0011202300
-0.0005457329
0.0000527435
0.0005765169
0.0008979368
0.0010200820
0.0010175660
0.0009590141
0.0008876934
0.0008372835
0.0008542242
0.0010096610
0.0013636950
0.0018888680
0.0023871690
0.0027769840
0.0032501120
0.0036530350
0.0038658560
0.0039293110
0.0039137830
0.0038810220
0.0038585890
0.0038503700
0.0038471570
0.0038420780
0.0038377680
0.0038464900
0.0038818320
0.0039393070
0.0039789830
0.0039104330
0.0036205870
0.0030329580
0.0022737900
0.0016160510
0.0010108760
0.0003164400
-0.0005354898
-0.0014666550
-0.0024057360
-0.0032474570
-0.0039974470
-0.0046552440
-0.0052179550
-0.0057361710
-0.0062034470
-0.0065942560
-0.0068365210
-0.0069322940
-0.0069399240
-0.0069105210
-0.0068720230
-0.0068354360
-0.0068136640
-0.0068375230
-0.0069530490
-0.0071947780
-0.0075164780
-0.0077816200
-0.0079314700
-0.0079679680
-0.0078802830
-0.0076267240
-0.0071870870
-0.0065967350
-0.0058648710
-0.0050641740
-0.0042840790
-0.0035189790
-0.0026685410
-0.0017533220
-0.0008593399
0.0000905229
0.0011478580
0.0022439860
0.0031822970
0.0037424580
0.0039676020
0.0040628470
0.0042147160
0.0044709260
0.0047359630
0.0049588370
0.0051360640
0.0052150020
0.0051307740
0.0049687880
0.0047931670
0.0045988170
0.0044065100
0.0042488950
0.0040755400
0.0039370950
0.0038698980
0.0038525590
0.0038540150
0.0038487500
0.0038344800
0.0038363320
0.0039068530
0.0041059630
0.0044477010
0.0048848760
0.0054458070
0.0061079220
0.0067202770
0.0072906040
0.0078741840
0.0083747340
0.0086739020
0.0087928270
0.0088282770
0.0088523650
0.0088627270
0.0087689080
0.0084300260
0.0077624880
0.0068547890
0.0058884920
0.0050477780
0.0044397660
0.0040752010
0.0039582500
0.0039855900
0.0039546900
0.0036506580
0.0029376390
0.0019601900
0.0011492730
0.0007015742
0.0006046157
0.0008429416
0.0014325450
0.0023220740
0.0032295250
0.0037947410
0.0039222280
0.0037335440
0.0034323100
0.0032946450
0.0034977410
0.0037479450
0.0036778320
0.0030587060
0.0019313060
0.0006175434
-0.0007075212
-0.0019285030
-0.0030494040
-0.0041532930
-0.0052751660
-0.0063140690
-0.0070812590
-0.0075278560
-0.0076724830
-0.0076661600
-0.0076719440
-0.0076283030
-0.0074547340
-0.0071963690
-0.0069989340
-0.0069131490
-0.0068748770
-0.0067785240
-0.0065314510
-0.0061464400
-0.0057535100
-0.0054597290
-0.0052966950
-0.0051560180
-0.0049902010
-0.0047192400
-0.0042504960
-0.0035641560
-0.0026519440
-0.0016605460
-0.0007963266
-0.0000709233
0.0005658394
0.0012084640
0.0020210400
0.0029506640
0.0036445420
0.0039703910
0.0040242900
0.0039478510
0.0038581490
0.0038200270
0.0038560690
0.0039472540
0.0040299520
0.0039844090
0.0036614600
0.0029569250
0.0020010970
0.0011656860
0.0005494285
0.0000612425
-0.0003448809
-0.0006922470
-0.0009374025
-0.0010823110
-0.0011427150
-0.0010740940
-0.0007694320
-0.0001382322
0.0007826834
0.0019024810
0.0030355520
0.0038076980
0.0040945680
0.0039821120
0.0036075870
0.0031412840
0.0028856540
0.0031053330
0.0035103490
0.0038216260
0.0039733180
0.0039949320
0.0039493160
0.0038837200
0.0038295460
0.0038159390
0.0038888900
0.0041052860
0.0044810050
0.0049654650
0.0055618260
0.0061918820
0.0066311850
0.0068456910
0.0069716850
0.0071607860
0.0074620140
0.0077938420
0.0081109980
0.0083669060
0.0084756130
0.0085029460
0.0085865650
0.0086877260
0.0087507590
0.0087676030
0.0087545770
0.0087454550
0.0087799140
0.0088843030
0.0090441630
0.0091573020
0.0090886090
0.0088577030
0.0084841630
0.0080012090
0.0075225580
0.0071403050
0.0069317540
0.0068389750
0.0067062500
0.0063922450
0.0058814080
0.0053425690
0.0049297860
0.0046009090
0.0042289820
0.0037234050
0.0029663390
0.0020129530
0.0011593930
0.0004597409
-0.0001676221
-0.0006726134
-0.0009653814
-0.0010645940
-0.0010462170
-0.0009778030
-0.0009108256
-0.0008971317
-0.0010004350
-0.0012819830
-0.0017275650
-0.0022162180
-0.0026346970
-0.0028776090
-0.0029685220
-0.0030299840
-0.0031957040
-0.0035311450
-0.0040203140
-0.0046836370
-0.0055260030
-0.0065032710
-0.0074134410
-0.0081433080
-0.0087289000
-0.0091730340
-0.0094436900
-0.0094489050
-0.0092130080
-0.0088742780
-0.0084726110
-0.0080132480
-0.0075600400
-0.0071556570
-0.0068477440
-0.0065928460
-0.0063382930
-0.0060819260
-0.0058032900
-0.0056839680
-0.0058945900
-0.0063125310
-0.0067419070
-0.0071552870
-0.0075926380
-0.0080513680
-0.0085435490
-0.0090501450
-0.0095599820
-0.0100249500
-0.0104103200
-0.0106769300
-0.0108793400
-0.0111164500
-0.0113946900
-0.0116098700
-0.0117240100
-0.0117707100
-0.0117862200
-0.0117737900
-0.0116893500
-0.0114595700
-0.0110493300
-0.0104943900
-0.0098049160
-0.0090447390
-0.0082636040
-0.0074732990
-0.0067562450
-0.0060629180
-0.0053938170
-0.0049449530
-0.0047953160
-0.0049016350
-0.0051836270
-0.0054995730
-0.0056689120
-0.0056566500
-0.0055942620
-0.0056340270
-0.0057324930
-0.0058201910
-0.0058734050
-0.0058864480
-0.0058643020
-0.0058187710
-0.0057762430
-0.0057851700
-0.0059071340
-0.0061837790
-0.0065556450
-0.0068449430
-0.0069220620
-0.0067221900
-0.0062295620
-0.0055783940
-0.0050420680
-0.0046916150
-0.0044315250
-0.0042026480
-0.0040318300
-0.0038730240
-0.0036113480
-0.0031843430
-0.0026265890
-0.0019824830
-0.0013595120
-0.0008284700
-0.0003075467
0.0002444869
0.0007490987
0.0012995620
0.0020690730
0.0029847840
0.0036780960
0.0040089470
0.0040734350
0.0040126740
0.0039366410
0.0038943700
0.0038915940
0.0039104910
0.0039312640
0.0039391170
0.0039295790
0.0039071220
0.0038874260
0.0038923740
0.0039416000
0.0040285840
0.0040982530
0.0040298470
0.0036719560
0.0029314980
0.0019792180
0.0012529330
0.0009171932
0.0008651562
0.0009263644
0.0009643126
0.0009324141
0.0008783988
0.0009359081
0.0012676470
0.0019730340
0.0028909610
0.0036136980
0.0040332650
0.0043276120
0.0046901640
0.0052093770
0.0059166740
0.0067172610
0.0074593220
0.0080854870
0.0086642050
0.0092517060
0.0098671330
0.0103915500
0.0106879000
0.0107798000
0.0107947300
0.0108718100
0.0110974700
0.0114302300
0.0117026400
0.0118093800
0.0117232400
0.0114596100
0.0111127400
0.0108462100
0.0107181400
0.0106937200
0.0107213400
0.0107650900
0.0108089300
0.0108407100
0.0108310900
0.0107283200
0.0104752300
0.0100787500
0.0096301550
0.0091850620
0.0087752410
0.0083353790
0.0078222780
0.0073486670
0.0070161650
0.0067465390
0.0063796300
0.0058587610
0.0053335820
0.0049869860
0.0048450530
0.0048347290
0.0048736160
0.0049092240
0.0049258710
0.0049318350
0.0049414870
0.0049581510
0.0049650980
0.0049244430
0.0047946760
0.0045607950
0.0042940240
0.0041318390
0.0040748550
0.0039746450
0.0036363980
0.0029370670
0.0020330220
0.0013468770
0.0010046930
0.0008313214
0.0005784355
0.0000987581
-0.0005456831
-0.0012414100
-0.0019349190
-0.0025228700
-0.0029369060
-0.0032589570
-0.0035782950
-0.0038894720
-0.0042147720
-0.0045398300
-0.0047632500
-0.0048622740
-0.0048865980
-0.0048897290
-0.0048957500
-0.0048821750
-0.0047908410
-0.0045594920
-0.0041989110
-0.0038154960
-0.0034697000
-0.0032350340
-0.0032437080
-0.0034689750
-0.0037392010
-0.0039665920
-0.0041540210
-0.0042833570
-0.0043301040
-0.0043745880
-0.0044541470
-0.0046137720
-0.0047679650
-0.0048406610
-0.0048301810
-0.0047766820
-0.0047610050
-0.0048855750
-0.0052375640
-0.0057942170
-0.0063587910
-0.0067370460
-0.0069080850
-0.0069420600
-0.0068897680
-0.0067446530
-0.0064613290
-0.0060451340
-0.0055932910
-0.0051871960
-0.0048963950
-0.0046785590
-0.0044385020
-0.0041706140
-0.0039779210
-0.0038884410
-0.0038395860
-0.0037448000
-0.0035411210
-0.0032601640
-0.0030210920
-0.0028479310
-0.0026839030
-0.0024907120
-0.0023310920
-0.0023504300
-0.0025244330
-0.0026624860
-0.0026660890
-0.0025936070
-0.0025551440
-0.0025174700
-0.0025108310
-0.0026273740
-0.0028051370
-0.0029820420
-0.0031349310
-0.0032036610
-0.0031404680
-0.0030688030
-0.0030875290
-0.0031660870
-0.0032342590
-0.0033483710
-0.0034703900
-0.0034312650
-0.0032182090
-0.0029903460
-0.0028488090
-0.0028081540
-0.0028482930
-0.0029297090
-0.0029952260
-0.0029581280
-0.0027199120
-0.0022222900
-0.0015808020
-0.0010871880
-0.0008523531
-0.0008110434
-0.0008600461
-0.0009174648
-0.0009461604
-0.0009427307
-0.0009237958
-0.0009097330
-0.0009170299
-0.0009480537
-0.0009848780
-0.0009807844
-0.0008698987
-0.0005933590
-0.0001755802
0.0002585799
0.0006172017
0.0008604099
0.0011115280
0.0015767660
0.0023382270
0.0031925490
0.0038152600
0.0041229380
0.0041950810
0.0041147030
0.0039059070
0.0035708170
0.0031666730
0.0029495440
0.0031915670
0.0036344200
0.0040093540
0.0042078640
0.0041463800
0.0037435510
0.0029600700
0.0019957870
0.0012898830
0.0009858703
0.0009315669
0.0008915494
0.0006625439
0.0001883804
-0.0004035581
-0.0009898903
-0.0016040050
-0.0022484720
-0.0027903610
-0.0032475260
-0.0036980070
-0.0041248340
-0.0044912830
-0.0047295930
-0.0048689390
-0.0050014460
-0.0051853450
-0.0053663650
-0.0054004470
-0.0052947720
-0.0051998960
-0.0051314390
-0.0050110460
-0.0049020060
-0.0048555830
-0.0048540310
-0.0048438280
-0.0047544810
-0.0045326240
-0.0042012090
-0.0038657100
-0.0035470190
-0.0032379120
-0.0029631200
-0.0026506720
-0.0021944990
-0.0016365320
-0.0011725320
-0.0007956750
-0.0003273063
0.0003356479
0.0011296780
0.0020732110
0.0030676580
0.0037685000
0.0040773050
0.0041181990
0.0040455090
0.0039679170
0.0039289640
0.0039285000
0.0039475990
0.0039684120
0.0039801860
0.0039794160
0.0039664080
0.0039466020
0.0039331600
0.0039530480
0.0040423120
0.0042326380
0.0045009630
0.0047809360
0.0051230260
0.0056332790
0.0062648380
0.0067724080
0.0070438930
0.0070872550
0.0069072880
0.0064939360
0.0059018780
0.0053330000
0.0049756030
0.0048423200
0.0048473200
0.0049040540
0.0049609390
0.0049976470
0.0050044330
0.0049618650
0.0048412340
0.0046238120
0.0043583490
0.0041493800
0.0039751520
0.0037089270
0.0032518850
0.0026799850
0.0022707250
0.0020226710
0.0016641520
0.0013209230
0.0010911400
0.0009065659
0.0006749049
0.0003765320
0.0000919742
-0.0001794309
-0.0004859822
-0.0008762319
-0.0015132700
-0.0025148470
-0.0037778210
-0.0051801540
-0.0065714770
-0.0077202290
-0.0084772910
-0.0088294410
-0.0089028320
-0.0088337330
-0.0086770110
-0.0084144980
-0.0080387360
-0.0075955890
-0.0070814090
-0.0064795030
-0.0057347010
-0.0048739010
-0.0039793280
-0.0031144820
-0.0022676200
-0.0014095810
-0.0006378926
-0.0000117744
0.0003835540
0.0004473880
0.0001134290
-0.0004695205
-0.0010853410
-0.0016283980
-0.0019334580
-0.0017659470
-0.0012000570
-0.0004812641
0.0002644264
0.0010847210
0.0020278090
0.0030006700
0.0037160320
0.0041407840
0.0044416920
0.0047082420
0.0048651810
0.0048237390
0.0045328060
0.0039501170
0.0029459300
0.0015568230
0.0001886696
-0.0007756981
-0.0011045340
-0.0007004043
0.0004173644
0.0021354620
0.0043222470
0.0066252700
0.0088405030
0.0109823200
0.0131204700
0.0152408000
0.0172231800
0.0189770000
0.0203499600
0.0213677100
0.0221237900
0.0225286000
0.0225304000
0.0221059300
0.0212568100
0.0200438400
0.0183308600
0.0159599300
0.0131760800
0.0102844100
0.0074876180
0.0049948010
0.0028041200
0.0008065531
-0.0010342520
-0.0026302350
-0.0038417340
-0.0046059670
-0.0049485590
-0.0049906310
-0.0048445820
-0.0045568910
-0.0041722930
-0.0037799260
-0.0034030870
-0.0030937200
-0.0029988060
-0.0031732720
-0.0035121090
-0.0037921900
-0.0038674610
-0.0036797110
-0.0032453550
-0.0026449720
-0.0019192300
-0.0011588640
-0.0004585214
0.0001251820
0.0004315588
0.0003449581
-0.0000478611
-0.0006372994
-0.0013464040
-0.0021606970
-0.0030789990
-0.0042636870
-0.0058166170
-0.0076217840
-0.0094805250
-0.0112184600
-0.0127867300
-0.0141812600
-0.0151547700
-0.0155448200
-0.0154253100
-0.0148978800
-0.0139345800
-0.0127209600
-0.0115904300
-0.0105639500
-0.0095376080
-0.0084416100
-0.0073135130
-0.0062628780
-0.0053277140
-0.0045815620
-0.0039979090
-0.0035317650
-0.0031489780
-0.0028794440
-0.0027273630
-0.0027044700
-0.0028908030
-0.0034060460
-0.0042625700
-0.0052880380
-0.0063188330
-0.0071326870
-0.0075916910
-0.0075791700
-0.0070946920
-0.0062519470
-0.0051781240
-0.0040875930
-0.0030818910
-0.0020911630
-0.0010323250
-0.0000411272
0.0006997599
0.0011039730
0.0012215170
0.0011313480
0.0008495551
0.0003751069
-0.0002631163
-0.0010508790
-0.0018684520
-0.0025201960
-0.0028787720
-0.0029845340
-0.0029551960
-0.0028879730
-0.0028359600
-0.0028158990
-0.0028294660
-0.0028738210
-0.0029372180
-0.0029833730
-0.0029382110
-0.0027057530
-0.0022240950
-0.0015975450
-0.0011032070
-0.0008381682
-0.0007403052
-0.0007408900
-0.0008373545
-0.0010949560
-0.0015788930
-0.0022016640
-0.0026996720
-0.0029740390
-0.0030693170
-0.0030256800
-0.0028283200
-0.0024288790
-0.0018570300
-0.0013060830
-0.0009688568
-0.0008593072
-0.0008779483
-0.0009015627
-0.0008319625
-0.0006237898
-0.0003318062
-0.0000892523
0.0000802239
0.0002465599
0.0004623892
0.0006649657
0.0006713769
0.0004217157
-0.0000130593
-0.0006076077
-0.0013740140
-0.0023414550
-0.0034528110
-0.0046576560
-0.0057639050
-0.0065653360
-0.0069464060
-0.0069082240
-0.0064892750
-0.0057637900
-0.0049178780
-0.0041529060
-0.0035547960
-0.0030594780
-0.0025813580
-0.0020056350
-0.0012916990
-0.0003999317
0.0007097091
0.0019243260
0.0030532650
0.0037876620
0.0040977930
0.0041669630
0.0041574500
0.0041193040
0.0039750560
0.0035945570
0.0029286180
0.0022110820
0.0019313240
0.0021476600
0.0025962990
0.0032325560
0.0037660250
0.0040337450
0.0040918330
0.0040441300
0.0039799340
0.0039404340
0.0039331170
0.0039463800
0.0039675680
0.0039861910
0.0039947700
0.0039852760
0.0039539080
0.0039103050
0.0038928970
0.0039716270
0.0042290370
0.0046854450
0.0052574960
0.0058527120
0.0063147290
0.0065713780
0.0067242000
0.0067960410
0.0068336550
0.0069374080
0.0072011650
0.0076308930
0.0081142020
0.0085402160
0.0088005680
0.0089017280
0.0089259670
0.0089361470
0.0089326350
0.0088397210
0.0085409160
0.0079693130
0.0072003500
0.0063293570
0.0054403770
0.0047071140
0.0042003610
0.0039380100
0.0038560640
0.0038652220
0.0039314550
0.0040727090
0.0043199510
0.0046284680
0.0048639590
0.0049756060
0.0049953780
0.0049725620
0.0049467870
0.0049375560
0.0049462660
0.0049597720
0.0049505620
0.0048817910
0.0047159130
0.0044585180
0.0041431180
0.0036818130
0.0029501310
0.0020504290
0.0013387290
0.0009016285
0.0005808073
0.0002401475
-0.0001314901
-0.0005153830
-0.0008728965
-0.0012545580
-0.0017088820
-0.0021774200
-0.0025828900
-0.0028204560
-0.0028860870
-0.0028616300
-0.0028494400
-0.0029397330
-0.0031772790
-0.0035037810
-0.0037632760
-0.0038889440
-0.0039031960
-0.0038560040
-0.0038003400
-0.0037900050
-0.0038783250
-0.0041061890
-0.0044423880
-0.0047805010
-0.0050861330
-0.0053568460
-0.0054757200
-0.0053109780
-0.0050617990
-0.0048928590
-0.0048013450
-0.0047041520
-0.0044971070
-0.0041512450
-0.0037297930
-0.0032606250
-0.0027517810
-0.0021387850
-0.0014606650
-0.0009597850
-0.0007614602
-0.0008759861
-0.0012819500
-0.0018789290
-0.0024384230
-0.0027757530
-0.0029204140
-0.0030229810
-0.0032277380
-0.0035578470
-0.0039060230
-0.0041901750
-0.0044126260
-0.0047054810
-0.0050882760
-0.0054921720
-0.0057854910
-0.0058971850
-0.0058116950
-0.0055193300
-0.0050682400
-0.0045813550
-0.0041456860
-0.0038218480
-0.0035509800
-0.0032370590
-0.0028360380
-0.0022481460
-0.0014616910
-0.0006495288
0.0000876699
0.0006539487
0.0010206490
0.0013258030
0.0017467350
0.0022666720
0.0027571750
0.0033263340
0.0037856610
0.0040084780
0.0040492480
0.0040011510
0.0039542870
0.0039608420
0.0040301690
0.0041143450
0.0041044310
0.0038506360
0.0032369800
0.0023458990
0.0015308390
0.0010561780
0.0009168904
0.0009690492
0.0010504680
0.0010388440
0.0008742405
0.0006031604
0.0003479250
0.0001929241
0.0003516894
0.0009548449
0.0019259740
0.0030095380
0.0037770330
0.0041080510
0.0041482770
0.0040898940
0.0040709360
0.0041354070
0.0042181490
0.0042270180
0.0042229610
0.0042174730
0.0040935610
0.0036793490
0.0028750760
0.0018873250
0.0012485890
0.0012335770
0.0017833000
0.0025224790
0.0029347900
0.0028721550
0.0023314040
0.0016548430
0.0011845470
0.0009621185
0.0008511349
0.0006869283
0.0004135273
0.0001058031
-0.0002055604
-0.0005053245
-0.0007572958
-0.0010513630
-0.0015421920
-0.0022443540
-0.0029772400
-0.0036393940
-0.0041789970
-0.0045776180
-0.0047926710
-0.0048507250
-0.0048286390
-0.0047911750
-0.0047797730
-0.0048076000
-0.0048596340
-0.0048840110
-0.0047925780
-0.0044844600
-0.0039277590
-0.0032932570
-0.0025673570
-0.0018486750
-0.0012508730
-0.0008987820
-0.0008057446
-0.0009482769
-0.0013209410
-0.0018810210
-0.0024859640
-0.0030472640
-0.0036307730
-0.0043301080
-0.0052229780
-0.0061827890
-0.0069596410
-0.0074646140
-0.0077105400
-0.0078389050
-0.0080310910
-0.0083593670
-0.0087440750
-0.0091038350
-0.0092918490
-0.0091580900
-0.0088719430
-0.0085433420
-0.0081205760
-0.0075485830
-0.0068816170
-0.0061705240
-0.0053923280
-0.0045977910
-0.0038853900
-0.0032711330
-0.0026578110
-0.0019618800
-0.0011625450
-0.0003592988
0.0004233089
0.0011450830
0.0017452670
0.0022166240
0.0024104130
0.0021521060
0.0017484610
0.0014640700
0.0013462610
0.0013542070
0.0014182070
0.0014860740
0.0015237890
0.0015149010
0.0014566220
0.0013757900
0.0013456610
0.0014916740
0.0019462810
0.0027297340
0.0036113970
0.0042619110
0.0045702070
0.0045543730
0.0042186710
0.0035553700
0.0026865730
0.0019441120
0.0015426380
0.0014198170
0.0013760420
0.0012154480
0.0008638440
0.0003991610
-0.0000618533
-0.0003610499
-0.0003988035
-0.0001189093
0.0004976848
0.0013713800
0.0024170860
0.0035044070
0.0043571700
0.0049010600
0.0052095900
0.0054543730
0.0057638220
0.0061219300
0.0064690410
0.0067095420
0.0068233700
0.0068342550
0.0067307420
0.0064608360
0.0059762780
0.0053642590
0.0048595540
0.0045443360
0.0043711370
0.0043210500
0.0043958890
0.0044831430
0.0045125540
0.0045097600
0.0045395790
0.0046690430
0.0048882040
0.0051220090
0.0052928680
0.0052318330
0.0049553600
0.0045906340
0.0042700460
0.0040091000
0.0037436020
0.0034668640
0.0032594000
0.0031487200
0.0031023310
0.0030792370
0.0030476180
0.0029984280
0.0029454510
0.0029257430
0.0029841800
0.0031481710
0.0033705330
0.0035311140
0.0035847310
0.0035588370
0.0034952190
0.0034261030
0.0033647700
0.0033122400
0.0032644180
0.0032199870
0.0031808530
0.0031500080
0.0031231900
0.0030839460
0.0030011230
0.0028428060
0.0026000080
0.0023350850
0.0021643020
0.0020970300
0.0020185620
0.0017592870
0.0011766550
0.0003227383
-0.0005301804
-0.0012348460
-0.0017150620
-0.0019443670
-0.0020054330
-0.0019987080
-0.0019683950
-0.0018849510
-0.0016740880
-0.0012904230
-0.0007809774
-0.0001940142
0.0004583592
0.0010550730
0.0014244950
0.0015665030
0.0015766030
0.0015200230
0.0013817470
0.0010857710
0.0005672449
-0.0000804884
-0.0006052222
-0.0009625353
-0.0012771740
-0.0016324450
-0.0019652720
-0.0021699780
-0.0022359850
-0.0022196220
-0.0021991610
-0.0022470410
-0.0024102050
-0.0026651840
-0.0029178850
-0.0030970310
-0.0031833860
-0.0032447080
-0.0033029910
-0.0033973470
-0.0035888290
-0.0038810440
-0.0041852720
-0.0044328750
-0.0046715610
-0.0049670160
-0.0053004970
-0.0056346730
-0.0059649880
-0.0062439970
-0.0064323280
-0.0065642410
-0.0066595080
-0.0066694990
-0.0065744120
-0.0063917040
-0.0061737370
-0.0059761870
-0.0057871600
-0.0056325060
-0.0055064200
-0.0053568220
-0.0051282970
-0.0048126800
-0.0044671470
-0.0041473150
-0.0039079060
-0.0037455200
-0.0036237100
-0.0035328350
-0.0034698870
-0.0033561490
-0.0031614920
-0.0029357680
-0.0027000080
-0.0024695370
-0.0022801610
-0.0021177520
-0.0019432130
-0.0017601650
-0.0016222320
-0.0015400640
-0.0014771530
-0.0013860520
-0.0012354320
-0.0010471340
-0.0008935834
-0.0008066857
-0.0007759176
-0.0007748570
-0.0007706684
-0.0007256021
-0.0006051722
-0.0003943166
-0.0001448216
0.0000482024
0.0001820551
0.0002660197
0.0003380270
0.0004550822
0.0006330954
0.0008327186
0.0010084330
0.0011125810
0.0011430260
0.0011299560
0.0011019890
0.0010766570
0.0010592240
0.0010487070
0.0010421070
0.0010371830
0.0010315060
0.0010208400
0.0009975734
0.0009526483
0.0008815618
0.0007981907
0.0007271358
0.0006343315
0.0004746138
0.0002845038
0.0000865661
-0.0000884607
-0.0001748269
-0.0001876582
-0.0001897335
-0.0001908841
-0.0001884518
-0.0001805760
-0.0001554684
-0.0000925900
0.0000282102
0.0002011424
0.0003787374
0.0005203515
0.0006312771
0.0007211388
0.0007750688
0.0007889469
0.0007668205
0.0007104337
0.0006288986
0.0005396878
0.0004359062
0.0003126424
0.0001990133
0.0001252410
0.0000885861
0.0000803012
0.0000952869
0.0001122870
0.0001271982
0.0001388061
0.0001714386
0.0002354133
0.0003173827
0.0004198070
0.0005460706
0.0006776179
0.0007957556
0.0008973216
0.0009732186
0.0010256280
0.0010846260
0.0011801530
0.0012973400
0.0013758430
0.0013949180
0.0013714380
0.0013286490
0.0012838970
0.0012446370
0.0012115470
0.0011821090
0.0011538230
0.0011251520
0.0010955870
0.0010649660
0.0010333410
0.0010012730
0.0009706079
0.0009448869
0.0009284150
0.0009234639
0.0009243966
0.0009183162
0.0009024509
0.0008814306
0.0008587735
0.0008311845
0.0007937514
0.0007550944
0.0007216457
0.0006927219
0.0006641304
0.0006307968
0.0005900338
0.0005458398
0.0005080993
0.0004800443
0.0004590410
0.0004414209
0.0004244933
0.0004071331
0.0003893267
0.0003715602
0.0003542845
0.0003376687
0.0003215493
0.0003055776
0.0002894938
0.0002735138
0.0002586770
0.0002468520
0.0002400594
0.0002384315
0.0002396923
0.0002436752
0.0002476060
0.0002441221
0.0002316030
0.0002128470
0.0001907075
0.0001676103
0.0001444767
0.0001192164
0.0000936806
0.0000714444
0.0000540177
0.0000418073
0.0000320116
0.0000202608
0.0000035670
-0.0000165567
-0.0000335530
-0.0000422465
-0.0000418061
-0.0000342149
-0.0000244114
-0.0000189405
-0.0000191994
-0.0000228387
-0.0000272149
-0.0000311327
-0.0000346764
-0.0000377715
-0.0000413616
-0.0000459537
-0.0000509718
-0.0000555929
-0.0000597499
-0.0000630634
-0.0000656374
-0.0000681989
-0.0000715200
-0.0000759618
-0.0000807401
-0.0000842259
-0.0000861228
-0.0000869314
-0.0000870009
-0.0000867026
-0.0000861576
-0.0000852004
-0.0000839694
-0.0000827564
-0.0000815965
-0.0000805500
-0.0000795765
-0.0000787082
-0.0000778775
-0.0000770869
-0.0000763896
-0.0000756996
-0.0000748199
-0.0000737397
-0.0000725344
-0.0000712422
-0.0000699336
-0.0000686683
-0.0000674450
-0.0000662200
-0.0000649877
-0.0000637698
-0.0000625862
-0.0000614474
-0.0000603542
-0.0000593023
-0.0000582862
-0.0000573013
-0.0000563444
-0.0000554137
-0.0000545074
-0.0000536226
-0.0000527549
-0.0000519002
-0.0000510571
-0.0000502226
-0.0000493951
-0.0000485765
-0.0000477684
-0.0000469686
-0.0000461741
-0.0000453826
-0.0000445925
-0.0000438031
-0.0000430138
-0.0000422243
-0.0000414343
-0.0000406437
