0.0021597100
0.0021714910
0.0021825670
0.0021929330
0.0022027140
0.0022122140
0.0022221130
0.0022332330
0.0022453550
0.0022561390
0.0022630730
0.0022642630
0.0022635740
0.0022662000
0.0022710230
0.0022768630
0.0022835690
0.0022912300
0.0023059450
0.0023248570
0.0023358950
0.0023404840
0.0023437770
0.0023480530
0.0023543070
0.0023605090
0.0023536250
0.0023249480
0.0022940660
0.0022798680
0.0022799450
0.0022694770
0.0022537640
0.0022425790
0.0022542000
0.0023066070
0.0023636980
0.0023940470
0.0024132160
0.0024190450
0.0024186460
0.0024350220
0.0024678920
0.0024705660
0.0024261270
0.0023764600
0.0023559230
0.0023552320
0.0023729610
0.0024085860
0.0024152020
0.0023790200
0.0022902190
0.0021293580
0.0020108380
0.0019775440
0.0019705020
0.0019534370
0.0019304870
0.0019328720
0.0019686560
0.0020056230
0.0020455140
0.0020608130
0.0020541330
0.0020076520
0.0018837810
0.0017545500
0.0017360520
0.0018369870
0.0019112300
0.0018248780
0.0015882910
0.0012541340
0.0008977273
0.0005161976
0.0003408155
0.0005023513
0.0008152045
0.0011390820
0.0014142390
0.0015574530
0.0015521760
0.0014937080
0.0015110380
0.0017023980
0.0019462170
0.0020297130
0.0020570820
0.0021438200
0.0021892160
0.0021799150
0.0021648100
0.0021596500
0.0021148090
0.0019795510
0.0017517590
0.0014585140
0.0014381130
0.0016877680
0.0018888580
0.0020986300
0.0022972290
0.0022857110
0.0020399540
0.0017844620
0.0016900710
0.0016902310
0.0017134660
0.0017199770
0.0015457430
0.0010946360
0.0006964734
0.0006077605
0.0009115192
0.0016896760
0.0027744930
0.0035433700
0.0037183440
0.0032615200
0.0022444970
0.0012031620
-0.0000952856
-0.0012777500
-0.0016810950
-0.0016567910
-0.0016700480
-0.0018013540
-0.0018117090
-0.0013310030
-0.0004818653
-0.0000105424
-0.0001216204
-0.0007416718
-0.0020772650
-0.0034351270
-0.0041412450
-0.0040883040
-0.0032204310
-0.0017589460
-0.0001319603
0.0015487960
0.0027858800
0.0031126360
0.0025702120
0.0014738630
0.0005653435
-0.0003441716
-0.0009672693
-0.0012115060
-0.0012221560
-0.0004841881
0.0014646510
0.0037622210
0.0050323320
0.0051928130
0.0048861480
0.0044298940
0.0036563030
0.0017034110
-0.0005874497
-0.0016643840
-0.0017495950
-0.0016489520
-0.0015038940
-0.0012774560
-0.0012306050
-0.0011456440
-0.0005379402
0.0003369512
0.0007006218
0.0002252470
-0.0010110310
-0.0023889410
-0.0037674580
-0.0046211660
-0.0048678300
-0.0047333390
-0.0039410340
-0.0026184350
-0.0013495040
-0.0000064242
0.0013894340
0.0027130570
0.0029051320
0.0017817910
0.0002000291
-0.0013079900
-0.0023599160
-0.0027205950
-0.0028148890
-0.0026570460
-0.0016504240
-0.0002160548
-0.0000119623
-0.0011099450
-0.0022335410
-0.0028267020
-0.0029706470
-0.0030474610
-0.0029743920
-0.0020738730
-0.0002413653
0.0016386960
0.0029077700
0.0032218880
0.0027411400
0.0018404560
0.0012288240
0.0006937829
0.0001562486
-0.0006223331
-0.0020884190
-0.0035869960
-0.0051167110
-0.0064087890
-0.0069453090
-0.0069521680
-0.0061049780
-0.0043876840
-0.0031301190
-0.0018236800
-0.0005170670
-0.0000221307
-0.0004800539
-0.0018856580
-0.0036399130
-0.0054086620
-0.0074342670
-0.0095715990
-0.0108232100
-0.0106958200
-0.0092745570
-0.0069679770
-0.0043656440
-0.0024168510
-0.0010025190
-0.0000256298
0.0017969030
0.0041960870
0.0056455100
0.0065552110
0.0068809820
0.0068762630
0.0069140730
0.0069501600
0.0065750030
0.0056703090
0.0047042580
0.0032001430
0.0017881500
0.0012466610
0.0007312839
-0.0008590308
-0.0037189710
-0.0062901190
-0.0076689590
-0.0078812730
-0.0082556690
-0.0097852690
-0.0113919300
-0.0119830900
-0.0119683700
-0.0114628000
-0.0100376800
-0.0082631910
-0.0064911260
-0.0048048660
-0.0039824190
-0.0032725060
-0.0020096090
-0.0007234767
-0.0003929922
-0.0002780367
0.0010323860
0.0030637170
0.0035154420
0.0019087610
-0.0006164350
-0.0030125320
-0.0041856780
-0.0042878310
-0.0041445270
-0.0041241720
-0.0042006830
-0.0042225190
-0.0039124960
-0.0033327700
-0.0032682470
-0.0037877340
-0.0042486810
-0.0044725480
-0.0035026610
-0.0002716820
0.0035298020
0.0057010840
0.0060348710
0.0053652170
0.0042758070
0.0033510510
0.0021849380
0.0009646281
-0.0004151488
-0.0017429250
-0.0017210330
-0.0003823835
0.0009765922
0.0022729760
0.0036595440
0.0043061990
0.0034206470
0.0005680009
-0.0030614310
-0.0067252870
-0.0097064740
-0.0113583700
-0.0117511200
-0.0117296100
-0.0112834700
-0.0096130010
-0.0068664440
-0.0035276160
0.0002959526
0.0038574790
0.0063484130
0.0078447660
0.0083428980
0.0078897960
0.0062484310
0.0039973300
0.0023817260
0.0026050890
0.0039404350
0.0040525520
0.0024697720
0.0008099979
-0.0002028333
-0.0014039200
-0.0023356350
-0.0026758750
-0.0031023950
-0.0042334670
-0.0059184430
-0.0058772820
-0.0041671900
-0.0032422460
-0.0032418970
-0.0033482660
-0.0035568160
-0.0042487600
-0.0052733380
-0.0063530880
-0.0071690870
-0.0073356750
-0.0069074490
-0.0065069100
-0.0072662100
-0.0087382470
-0.0095352630
-0.0089366600
-0.0060435360
-0.0012973320
0.0034036530
0.0066615350
0.0086221160
0.0096058660
0.0091648200
0.0069203010
0.0037654980
0.0002899071
-0.0026253880
-0.0033179310
-0.0020488700
-0.0001895858
0.0008523767
0.0004897015
-0.0004175186
-0.0007665707
-0.0015093810
-0.0033688360
-0.0069550990
-0.0108480900
-0.0122989400
-0.0101509400
-0.0060864320
-0.0016041910
0.0027301320
0.0057744770
0.0070382540
0.0066925480
0.0049852440
0.0027964350
0.0012465900
0.0009728398
0.0011643030
0.0004964272
-0.0011571510
-0.0022670650
-0.0027585750
-0.0027582580
-0.0026308300
-0.0032075980
-0.0046523330
-0.0051444270
-0.0036222300
-0.0011079540
0.0021170010
0.0045017800
0.0054810560
0.0071001360
0.0100522700
0.0127214100
0.0129133100
0.0102277400
0.0058784090
0.0014093830
-0.0015801730
-0.0027632210
-0.0027557640
-0.0015173840
0.0013928580
0.0053523870
0.0084857050
0.0096926280
0.0100098700
0.0093462540
0.0066608810
0.0018619140
-0.0029176350
-0.0059710600
-0.0066915990
-0.0064705200
-0.0063928960
-0.0063482280
-0.0061920230
-0.0066987420
-0.0092597440
-0.0136812300
-0.0190552600
-0.0241065400
-0.0258352500
-0.0243601700
-0.0216520000
-0.0182172600
-0.0140733100
-0.0088148670
-0.0030273840
0.0017632460
0.0058014150
0.0090029830
0.0101967000
0.0098227340
0.0090439260
0.0076679970
0.0053427130
0.0017220890
-0.0025816890
-0.0059044970
-0.0060956400
-0.0029027490
0.0025335940
0.0089597470
0.0130966500
0.0139445600
0.0129319400
0.0109533500
0.0087773830
0.0065168110
0.0047774710
0.0029548860
0.0018854580
0.0018223520
0.0010757740
-0.0015631130
-0.0051204870
-0.0093427060
-0.0139284900
-0.0171036700
-0.0180618400
-0.0183203900
-0.0174606400
-0.0122665900
-0.0025012160
0.0074013450
0.0135196900
0.0151768200
0.0127449600
0.0061955140
-0.0022111990
-0.0098270370
-0.0141307900
-0.0130625500
-0.0065001400
0.0021146320
0.0094808120
0.0136500100
0.0146896000
0.0134179700
0.0102039100
0.0051167640
-0.0017444070
-0.0076133840
-0.0100352400
-0.0086846690
-0.0041697650
0.0022983750
0.0093708910
0.0150686700
0.0182539900
0.0181251700
0.0158497200
0.0126152800
0.0064738410
-0.0024182520
-0.0123827600
-0.0203220500
-0.0245112900
-0.0255217900
-0.0242127300
-0.0211838300
-0.0179267900
-0.0163441000
-0.0164803200
-0.0178174800
-0.0197573100
-0.0219582800
-0.0252364400
-0.0283219300
-0.0287244000
-0.0256142800
-0.0212154100
-0.0179861700
-0.0167826400
-0.0166388000
-0.0178209500
-0.0200592600
-0.0213547600
-0.0205049600
-0.0173693600
-0.0122797700
-0.0063222730
-0.0003231977
0.0067657620
0.0150198600
0.0234606900
0.0303075900
0.0346746900
0.0369117400
0.0376007000
0.0380002600
0.0384485800
0.0385415400
0.0365574700
0.0309568900
0.0229744100
0.0132593700
0.0020800450
-0.0077755190
-0.0139697600
-0.0177094700
-0.0193840400
-0.0184113900
-0.0154669300
-0.0101886900
-0.0040041150
0.0014559320
0.0046035250
0.0059886350
0.0062544830
0.0055116200
0.0039616710
0.0020013690
-0.0021893810
-0.0091802790
-0.0161611200
-0.0204206300
-0.0206187300
-0.0157128100
-0.0057191930
0.0058002360
0.0151571100
0.0215124200
0.0258363700
0.0297732400
0.0332078400
0.0345030500
0.0332901400
0.0309275700
0.0294336100
0.0293579900
0.0308863500
0.0342286800
0.0384389800
0.0424321200
0.0449851000
0.0450173900
0.0431403700
0.0401103600
0.0353742600
0.0304256900
0.0251401900
0.0194583800
0.0147887700
0.0108660800
0.0072258190
0.0043893280
0.0028073920
0.0026278960
0.0041758520
0.0060372020
0.0061125870
0.0034341680
-0.0018829100
-0.0092619980
-0.0173765200
-0.0251688300
-0.0316263300
-0.0361000800
-0.0387036500
-0.0388158400
-0.0355876900
-0.0291600400
-0.0211999200
-0.0134656500
-0.0069650130
-0.0025495450
-0.0009751806
-0.0007808431
-0.0017933380
-0.0045166720
-0.0085947740
-0.0131781500
-0.0173709700
-0.0212359900
-0.0250518100
-0.0289293300
-0.0329512300
-0.0370507500
-0.0402299000
-0.0411204200
-0.0396795500
-0.0358819600
-0.0304356300
-0.0257790300
-0.0250020800
-0.0277672400
-0.0320518100
-0.0367156800
-0.0409733600
-0.0437794100
-0.0429959000
-0.0374794600
-0.0290994100
-0.0193445600
-0.0103418900
-0.0055673090
-0.0044740530
-0.0040086270
-0.0026122290
-0.0004609477
0.0045162270
0.0136686100
0.0256181000
0.0383705400
0.0502974500
0.0599617000
0.0668502500
0.0716647700
0.0728178200
0.0703525100
0.0658448200
0.0614379500
0.0584480400
0.0564540000
0.0527807800
0.0464742900
0.0387238000
0.0303928500
0.0215558700
0.0096956600
-0.0046541600
-0.0158091700
-0.0224186400
-0.0277336300
-0.0326756600
-0.0375203700
-0.0422624500
-0.0450405600
-0.0447215000
-0.0406046300
-0.0332922400
-0.0250199400
-0.0176754900
-0.0123433100
-0.0086154970
-0.0060209060
-0.0041031620
-0.0024502120
-0.0016591260
-0.0005971940
0.0019454870
0.0058195770
0.0111181800
0.0182903600
0.0271151300
0.0367354200
0.0447737200
0.0505678300
0.0544313000
0.0546485400
0.0502227900
0.0417007100
0.0303843900
0.0190212500
0.0095646070
0.0017273910
-0.0043597780
-0.0079390720
-0.0096421410
-0.0101570600
-0.0092061840
-0.0059688460
-0.0021293000
-0.0004101889
-0.0027419430
-0.0095126170
-0.0170275000
-0.0221467300
-0.0249236600
-0.0257161000
-0.0256002100
-0.0245568500
-0.0225431400
-0.0211842500
-0.0198328400
-0.0186936200
-0.0193371000
-0.0198113300
-0.0185392400
-0.0163898600
-0.0125040200
-0.0062678830
0.0016944070
0.0111934200
0.0212617400
0.0285117700
0.0309331900
0.0298342600
0.0261423800
0.0214037400
0.0174621600
0.0149066700
0.0127073400
0.0097899930
0.0082169980
0.0091765040
0.0105165900
0.0106931500
0.0101737100
0.0108331900
0.0147634000
0.0207623700
0.0251527800
0.0263778500
0.0250216100
0.0220452200
0.0188731100
0.0165141400
0.0147445000
0.0147891300
0.0164004200
0.0181392700
0.0203762300
0.0227154600
0.0250134100
0.0251328400
0.0204267800
0.0112032700
0.0013724790
-0.0063563940
-0.0102131200
-0.0088018310
-0.0024593130
0.0059821710
0.0139766900
0.0206558100
0.0246995100
0.0267171400
0.0282270200
0.0288593000
0.0290972600
0.0288791500
0.0257831200
0.0169969600
0.0024564840
-0.0144679000
-0.0289312200
-0.0382260500
-0.0444446300
-0.0494559500
-0.0529586400
-0.0537731800
-0.0514300700
-0.0463500800
-0.0405524800
-0.0334338900
-0.0240290600
-0.0144759100
-0.0081998100
-0.0070524520
-0.0099933800
-0.0130294000
-0.0139368800
-0.0130730600
-0.0104350000
-0.0066389170
-0.0025994010
0.0012992010
0.0050242730
0.0089883650
0.0141276500
0.0208468400
0.0278924700
0.0341134400
0.0398937400
0.0440987900
0.0455642700
0.0434398200
0.0373785200
0.0301011200
0.0237045400
0.0172638400
0.0100605100
0.0002336902
-0.0128888900
-0.0263320800
-0.0382930800
-0.0482974800
-0.0560251200
-0.0616682800
-0.0637133900
-0.0609803000
-0.0555919500
-0.0498057600
-0.0448914100
-0.0411190400
-0.0379281400
-0.0344639500
-0.0303125200
-0.0250175200
-0.0191997400
-0.0145352000
-0.0107568500
-0.0070288420
-0.0029707200
0.0016355640
0.0069294370
0.0132762000
0.0204689800
0.0282573200
0.0354662100
0.0406286600
0.0429251300
0.0411704600
0.0368396800
0.0319627000
0.0279027100
0.0255029400
0.0246809700
0.0244039900
0.0246222600
0.0256874000
0.0277582900
0.0288583500
0.0276642100
0.0255177000
0.0251381600
0.0268972800
0.0302921700
0.0357256800
0.0407126900
0.0447108000
0.0483211900
0.0510992200
0.0523367200
0.0514507100
0.0471169600
0.0377322100
0.0235000900
0.0066360040
-0.0092306250
-0.0224655500
-0.0333159900
-0.0420463000
-0.0492584500
-0.0542543300
-0.0561934200
-0.0549078600
-0.0497493800
-0.0393709700
-0.0246618100
-0.0074900960
0.0086189640
0.0207452100
0.0292167400
0.0346629500
0.0357927000
0.0323386700
0.0243186300
0.0130638200
0.0012865440
-0.0096010060
-0.0199567100
-0.0294069900
-0.0357059300
-0.0376055500
-0.0342030800
-0.0270764900
-0.0197841300
-0.0155554800
-0.0145778600
-0.0147775300
-0.0140975300
-0.0123298000
-0.0117597600
-0.0131404900
-0.0164403000
-0.0219019700
-0.0278857300
-0.0329898300
-0.0355837400
-0.0349567600
-0.0315415700
-0.0273326600
-0.0241918100
-0.0220778600
-0.0188253100
-0.0139327700
-0.0083695230
-0.0026535060
0.0033141430
0.0085525220
0.0125427300
0.0151634600
0.0162874900
0.0164491200
0.0161136600
0.0149890500
0.0131429400
0.0104787200
0.0057589230
0.0004969800
-0.0031479510
-0.0044315190
-0.0044820500
-0.0044897490
-0.0042684920
-0.0030050990
-0.0012535220
-0.0003615706
0.0009401104
0.0039016690
0.0078284620
0.0128478800
0.0188568300
0.0222895000
0.0199105000
0.0126181400
0.0027579690
-0.0084731010
-0.0190752000
-0.0271156400
-0.0321758400
-0.0346060500
-0.0350930800
-0.0350516000
-0.0350554000
-0.0343878700
-0.0327175300
-0.0309413700
-0.0281441400
-0.0231956600
-0.0164055700
-0.0094238500
-0.0030891410
0.0038049620
0.0105335400
0.0158108800
0.0195894000
0.0220937900
0.0239553200
0.0259720400
0.0272785600
0.0273751500
0.0262322800
0.0235284100
0.0188463900
0.0122943000
0.0053878230
-0.0015402130
-0.0071681110
-0.0097885100
-0.0102524800
-0.0094572470
-0.0090605120
-0.0089836520
-0.0077037370
-0.0047667530
-0.0009060241
0.0042186840
0.0108690700
0.0188013900
0.0261033900
0.0308345200
0.0311608900
0.0255674900
0.0139956600
0.0003262406
-0.0102067700
-0.0151234800
-0.0137270000
-0.0092594500
-0.0045625750
-0.0003752324
0.0034905410
0.0061994360
0.0059533210
0.0025490760
-0.0016985740
-0.0043751660
-0.0043419200
-0.0025105380
-0.0000601327
0.0034825050
0.0058113480
0.0029155880
-0.0056644290
-0.0160112700
-0.0240089200
-0.0297040900
-0.0355827400
-0.0421887100
-0.0485048000
-0.0523177800
-0.0530837900
-0.0524594500
-0.0516482100
-0.0516421400
-0.0530681900
-0.0552978200
-0.0565899700
-0.0567410800
-0.0569887500
-0.0579212800
-0.0594210700
-0.0620530800
-0.0648310900
-0.0671825200
-0.0686509800
-0.0689574400
-0.0665378600
-0.0594931900
-0.0490664600
-0.0359006400
-0.0207688600
-0.0063568170
0.0053243150
0.0151504900
0.0247148700
0.0327370600
0.0380016400
0.0405858400
0.0405409600
0.0381476400
0.0333105800
0.0251573300
0.0143953800
0.0022717220
-0.0101062900
-0.0209579900
-0.0289159200
-0.0332997400
-0.0343647300
-0.0332016400
-0.0299601400
-0.0258969300
-0.0225594300
-0.0202982600
-0.0185423900
-0.0185668500
-0.0204765500
-0.0225749300
-0.0242672600
-0.0244090200
-0.0226911500
-0.0213059700
-0.0210450600
-0.0211542400
-0.0214430200
-0.0224922000
-0.0243652500
-0.0271696300
-0.0318934500
-0.0363377900
-0.0383777900
-0.0385189800
-0.0362198400
-0.0302287300
-0.0230501500
-0.0178686600
-0.0151305000
-0.0143737700
-0.0137843200
-0.0124299900
-0.0110339700
-0.0108731900
-0.0111434500
-0.0089172540
-0.0026100850
0.0046310380
0.0098275580
0.0124742300
0.0133272300
0.0140643900
0.0157314000
0.0176782600
0.0203479200
0.0239296600
0.0280228900
0.0325106400
0.0360866700
0.0362161900
0.0329249000
0.0273982300
0.0219719900
0.0196121300
0.0203184700
0.0236528100
0.0292708000
0.0367865300
0.0439866400
0.0486293600
0.0511035300
0.0523726800
0.0526909700
0.0504786000
0.0442435400
0.0373001200
0.0342388300
0.0355222700
0.0394784400
0.0441429400
0.0483298900
0.0521600200
0.0557468600
0.0590929000
0.0626722400
0.0665751300
0.0708495100
0.0751838400
0.0782874300
0.0794706500
0.0783922800
0.0741804800
0.0663622100
0.0564384800
0.0464121800
0.0365244100
0.0274500900
0.0194788200
0.0127630900
0.0079414460
0.0051804060
0.0033949450
0.0013345040
-0.0001135600
-0.0001176862
0.0014399950
0.0031658930
0.0025265620
-0.0008659894
-0.0061819380
-0.0110191200
-0.0150443100
-0.0184057300
-0.0200711200
-0.0192454000
-0.0158047100
-0.0123200300
-0.0116223500
-0.0140521100
-0.0186695000
-0.0237151200
-0.0278017200
-0.0301665800
-0.0307533500
-0.0308007900
-0.0303533200
-0.0278675500
-0.0225197100
-0.0150969000
-0.0083479330
-0.0045545810
-0.0036431600
-0.0046602700
-0.0085845050
-0.0155382200
-0.0242672100
-0.0342122600
-0.0440262300
-0.0512218300
-0.0511727100
-0.0410033000
-0.0236427800
-0.0062262210
0.0067984100
0.0155119400
0.0229839600
0.0301975300
0.0358128900
0.0390278400
0.0397470000
0.0392051300
0.0383582800
0.0382048700
0.0397473500
0.0429621100
0.0459272900
0.0474685800
0.0478232000
0.0471053900
0.0461503400
0.0459580100
0.0471217500
0.0498994600
0.0537956300
0.0579340400
0.0613916600
0.0633273600
0.0643268000
0.0648971600
0.0634328400
0.0598242100
0.0551414000
0.0488496500
0.0398978700
0.0298284400
0.0196412900
0.0106594200
0.0038464070
-0.0008075166
-0.0042850440
-0.0079473040
-0.0116043400
-0.0145180800
-0.0176319200
-0.0224344500
-0.0292067500
-0.0400166900
-0.0548294600
-0.0715275100
-0.0871458600
-0.0986855800
-0.1047957000
-0.1066414000
-0.1066386000
-0.1070179000
-0.1084307000
-0.1094537000
-0.1085380000
-0.1038536000
-0.0908899900
-0.0628841600
-0.0207816200
0.0224770900
0.0525912600
0.0666477600
0.0732791400
0.0805516000
0.0892744500
0.0958248100
0.0977229900
0.0960040800
0.0923590900
0.0884008500
0.0842733200
0.0783676700
0.0679179300
0.0505811500
0.0296575800
0.0113060200
0.0005583916
-0.0015680370
0.0019581520
0.0076530710
0.0137942000
0.0190492200
0.0229606700
0.0253825300
0.0268701200
0.0295489700
0.0348402900
0.0420735400
0.0488034400
0.0543693800
0.0607523000
0.0695369900
0.0809971900
0.0936877400
0.1035533000
0.1034099000
0.0892060600
0.0639693900
0.0359085300
0.0128247600
-0.0045706390
-0.0167459600
-0.0235566300
-0.0255321200
-0.0255277600
-0.0254490900
-0.0244106200
-0.0219200400
-0.0205390000
-0.0215419500
-0.0236424300
-0.0257855200
-0.0293868400
-0.0348832500
-0.0410131800
-0.0468269600
-0.0519290200
-0.0564021600
-0.0604489300
-0.0651073200
-0.0702551500
-0.0733397100
-0.0720386100
-0.0623426200
-0.0434832900
-0.0212703000
-0.0044001350
0.0037748740
0.0052797470
0.0017758000
-0.0045966700
-0.0121719300
-0.0206205600
-0.0284584300
-0.0332874500
-0.0333161300
-0.0286817600
-0.0213458800
-0.0140970100
-0.0099790560
-0.0100627200
-0.0133380800
-0.0185235900
-0.0253012600
-0.0320306100
-0.0382429700
-0.0444676900
-0.0493689700
-0.0529682000
-0.0560095200
-0.0593264600
-0.0635204500
-0.0677777200
-0.0670721500
-0.0571147900
-0.0400934700
-0.0224919200
-0.0099124200
-0.0023231820
0.0032755460
0.0082752840
0.0114104900
0.0125078200
0.0106196300
0.0066193780
0.0012747410
-0.0058259020
-0.0147047400
-0.0247637100
-0.0330406400
-0.0379142300
-0.0414755700
-0.0454769200
-0.0494753200
-0.0513305600
-0.0501186600
-0.0483339400
-0.0468781900
-0.0456734900
-0.0454504800
-0.0456307100
-0.0439239100
-0.0382727100
-0.0291777400
-0.0185094900
-0.0101545700
-0.0068220390
-0.0087602330
-0.0142896300
-0.0227661400
-0.0329150600
-0.0419281700
-0.0495695700
-0.0560742600
-0.0611613800
-0.0650625500
-0.0679482500
-0.0693075400
-0.0676389500
-0.0610318300
-0.0499909400
-0.0364233700
-0.0211792200
-0.0055724840
0.0089822090
0.0219240600
0.0335600200
0.0440010800
0.0532601100
0.0616540500
0.0689489700
0.0748775900
0.0795947800
0.0848102700
0.0905587300
0.0945198400
0.0967412600
0.0987327600
0.0985631800
0.0930244400
0.0808988900
0.0628152400
0.0412521200
0.0227537200
0.0118513200
0.0067258440
0.0045808340
0.0023401780
-0.0005854775
-0.0033778660
-0.0047920350
-0.0033913430
-0.0006374089
0.0023053300
0.0045510370
0.0055431080
0.0058759090
0.0047841040
0.0015854980
-0.0033468160
-0.0093733420
-0.0142761600
-0.0168279700
-0.0174609000
-0.0162305800
-0.0135456500
-0.0109943800
-0.0095589570
-0.0083373040
-0.0069758310
-0.0069775220
-0.0092843440
-0.0137345800
-0.0205576000
-0.0290341900
-0.0372851300
-0.0434640800
-0.0462188700
-0.0456921400
-0.0417587400
-0.0346184200
-0.0248389800
-0.0127883800
-0.0011902240
0.0065655020
0.0080387710
0.0022827530
-0.0068803570
-0.0145196600
-0.0180891800
-0.0191906000
-0.0214779500
-0.0252761200
-0.0286143500
-0.0310671300
-0.0341647100
-0.0368027000
-0.0368668300
-0.0348350900
-0.0326255500
-0.0306960100
-0.0291020300
-0.0266175400
-0.0219816400
-0.0150076300
-0.0070311910
0.0020376430
0.0139282300
0.0289502400
0.0449889200
0.0596267300
0.0710415300
0.0787923000
0.0846909100
0.0903699900
0.0943965200
0.0958866000
0.0957980500
0.0943791500
0.0911293300
0.0861892700
0.0805935000
0.0769475200
0.0758806100
0.0763939600
0.0770439800
0.0756630600
0.0717057200
0.0670734400
0.0632990800
0.0617588100
0.0632177100
0.0669390100
0.0726059500
0.0801840000
0.0872421700
0.0907994000
0.0911844500
0.0900471300
0.0882819400
0.0866364500
0.0831940500
0.0747091600
0.0593867600
0.0399389000
0.0218345300
0.0084839160
-0.0012742240
-0.0099349630
-0.0184252500
-0.0265206200
-0.0343847400
-0.0422108800
-0.0497001000
-0.0566501700
-0.0641062200
-0.0728097400
-0.0817460600
-0.0901771900
-0.0974655500
-0.1045463000
-0.1109338000
-0.1158412000
-0.1192794000
-0.1189830000
-0.1117030000
-0.0958577500
-0.0721400400
-0.0449137900
-0.0219944300
-0.0100723700
-0.0094744020
-0.0151478500
-0.0215390500
-0.0249037100
-0.0261391400
-0.0297175900
-0.0368265500
-0.0451629700
-0.0534149000
-0.0623442500
-0.0732567100
-0.0837102900
-0.0895627400
-0.0877344000
-0.0762096200
-0.0567909400
-0.0346345600
-0.0146778900
0.0010197660
0.0123729300
0.0200546700
0.0260802800
0.0321260200
0.0376371600
0.0431986200
0.0491522000
0.0563048400
0.0642288800
0.0721782700
0.0799690900
0.0874810700
0.0948428600
0.1024695000
0.1096277000
0.1157122000
0.1215389000
0.1267507000
0.1311293000
0.1341699000
0.1343306000
0.1316515000
0.1260832000
0.1152126000
0.0990890900
0.0805911500
0.0631519600
0.0473215100
0.0330714500
0.0218571900
0.0142129400
0.0081481930
0.0026417810
-0.0017464510
-0.0058697310
-0.0097849440
-0.0137645300
-0.0190667400
-0.0262920300
-0.0342968300
-0.0421690700
-0.0499448700
-0.0578495200
-0.0657515400
-0.0726899700
-0.0782407000
-0.0833953500
-0.0872835300
-0.0893128300
-0.0877981000
-0.0800313100
-0.0658228500
-0.0479103000
-0.0294715800
-0.0129374500
0.0008940211
0.0125605400
0.0226747300
0.0310848300
0.0379503200
0.0453335700
0.0527703400
0.0591399400
0.0641308300
0.0690101700
0.0745463100
0.0785585800
0.0806317800
0.0824040400
0.0842237500
0.0862072900
0.0883167800
0.0912608000
0.0948709900
0.0990693900
0.1038980000
0.1096184000
0.1156297000
0.1215482000
0.1262239000
0.1292079000
0.1311521000
0.1337095000
0.1361721000
0.1337861000
0.1159878000
0.0793574800
0.0373017500
0.0048045920
-0.0157762300
-0.0301292900
-0.0422072700
-0.0533425200
-0.0637349900
-0.0741116100
-0.0834181000
-0.0885138600
-0.0900876900
-0.0912601500
-0.0920140800
-0.0920045100
-0.0908385400
-0.0880615100
-0.0841022000
-0.0800465200
-0.0773908700
-0.0775720900
-0.0805099900
-0.0854066500
-0.0930915500
-0.1033533000
-0.1142852000
-0.1247048000
-0.1337883000
-0.1408660000
-0.1469929000
-0.1506501000
-0.1504745000
-0.1464095000
-0.1397277000
-0.1323633000
-0.1240032000
-0.1113458000
-0.0923654200
-0.0698710600
-0.0502578800
-0.0368864400
-0.0283447900
-0.0225311500
-0.0188132500
-0.0175749900
-0.0188885100
-0.0222088900
-0.0266400200
-0.0321895800
-0.0386127900
-0.0447087600
-0.0485151500
-0.0504608900
-0.0529802500
-0.0560242300
-0.0583427500
-0.0602815500
-0.0617858000
-0.0633929400
-0.0657685400
-0.0692629600
-0.0731677100
-0.0764516000
-0.0775094400
-0.0731920200
-0.0608324100
-0.0428381000
-0.0262918600
-0.0152651500
-0.0088500470
-0.0035045510
0.0015175430
0.0065655970
0.0120375200
0.0165502000
0.0205011700
0.0254667400
0.0320913500
0.0397200600
0.0478307300
0.0569593900
0.0667474900
0.0755155500
0.0826652300
0.0882801800
0.0935662600
0.1003725000
0.1104771000
0.1191392000
0.1171487000
0.0998120300
0.0725715200
0.0446516200
0.0217435500
0.0045386200
-0.0102241000
-0.0247104800
-0.0387778100
-0.0523356400
-0.0640408000
-0.0727413300
-0.0776491300
-0.0798091800
-0.0804964300
-0.0808848700
-0.0811137500
-0.0810955300
-0.0802419300
-0.0763300700
-0.0659048500
-0.0463298100
-0.0198968800
0.0044700340
0.0224715500
0.0353075900
0.0442099100
0.0517263600
0.0593436400
0.0672153700
0.0754827500
0.0837543400
0.0905706000
0.0955532900
0.1002278000
0.1055853000
0.1104504000
0.1147274000
0.1177403000
0.1176462000
0.1154980000
0.1141037000
0.1122243000
0.1030033000
0.0784495000
0.0415406200
0.0078778080
-0.0127161200
-0.0249288800
-0.0347065100
-0.0454973800
-0.0573880200
-0.0701923400
-0.0836982200
-0.0954662500
-0.1045077000
-0.1117063000
-0.1154720000
-0.1092984000
-0.0856554700
-0.0453399100
-0.0048740040
0.0208736800
0.0332230500
0.0397673000
0.0434082000
0.0438393200
0.0414056000
0.0366831200
0.0293848200
0.0204959900
0.0119752300
0.0068738230
0.0078850500
0.0131582300
0.0199741700
0.0256832000
0.0298171000
0.0332467800
0.0376794100
0.0428455000
0.0464338900
0.0485320600
0.0490402300
0.0475322000
0.0434759300
0.0378269000
0.0318928000
0.0239449200
0.0129478200
0.0007052449
-0.0104860600
-0.0190494300
-0.0251655700
-0.0293287900
-0.0328781000
-0.0363867900
-0.0388667100
-0.0405958100
-0.0412900500
-0.0413659900
-0.0406613200
-0.0382658800
-0.0346445200
-0.0298766900
-0.0228936900
-0.0137136200
-0.0027317090
0.0083503920
0.0167204700
0.0210566700
0.0217154500
0.0203260500
0.0175509900
0.0130537600
0.0068616950
-0.0004354322
-0.0092781860
-0.0171870500
-0.0233365300
-0.0292230300
-0.0341529600
-0.0369683100
-0.0377759400
-0.0369887900
-0.0333167200
-0.0262797400
-0.0177489000
-0.0113538300
-0.0093272010
-0.0109056300
-0.0153107000
-0.0211499900
-0.0261941400
-0.0309519900
-0.0373656000
-0.0445025100
-0.0501243600
-0.0540487600
-0.0566176400
-0.0577173200
-0.0578108100
-0.0577301100
-0.0578436100
-0.0577758400
-0.0564734900
-0.0533336500
-0.0486779600
-0.0420959500
-0.0339041600
-0.0247211100
-0.0153016300
-0.0088210340
-0.0071917390
-0.0097597030
-0.0138147500
-0.0168340300
-0.0177300000
-0.0166860500
-0.0149400900
-0.0138758200
-0.0138676900
-0.0144365500
-0.0154649800
-0.0173135000
-0.0187525500
-0.0191679300
-0.0181578300
-0.0150889900
-0.0111206500
-0.0069280320
-0.0018431260
0.0041380150
0.0101159100
0.0158696600
0.0207493000
0.0249055700
0.0280674000
0.0303544800
0.0318469600
0.0316394300
0.0298496600
0.0274699700
0.0242509000
0.0214312300
0.0203075400
0.0203157800
0.0197762000
0.0179677800
0.0159257300
0.0138327800
0.0118781000
0.0100786000
0.0092896680
0.0092603850
0.0100217100
0.0119112400
0.0139846400
0.0157327000
0.0165562600
0.0176517000
0.0196353800
0.0217297100
0.0237158900
0.0245847900
0.0237939000
0.0210079100
0.0177745500
0.0162018500
0.0160227200
0.0164036100
0.0176265000
0.0196204000
0.0216370800
0.0238253000
0.0252203000
0.0243844800
0.0194774400
0.0099028510
-0.0012897980
-0.0112463200
-0.0185811200
-0.0230963100
-0.0257239600
-0.0265844700
-0.0255026600
-0.0233830900
-0.0213645800
-0.0190865000
-0.0168368700
-0.0151122300
-0.0140966400
-0.0129341500
-0.0103052500
-0.0057450530
-0.0000659560
0.0049134220
0.0092641090
0.0131655500
0.0167029200
0.0194840600
0.0203669100
0.0202285200
0.0200440000
0.0199435800
0.0201587100
0.0213799500
0.0234536100
0.0254645300
0.0274876900
0.0293299100
0.0312216600
0.0332701700
0.0364226300
0.0406001300
0.0455568900
0.0510267400
0.0566761400
0.0624070400
0.0673960300
0.0717062000
0.0744651400
0.0751218800
0.0742313400
0.0723098800
0.0703498100
0.0683243600
0.0663441400
0.0643316100
0.0631133300
0.0624304900
0.0615087200
0.0609647500
0.0604601800
0.0599897400
0.0601301400
0.0596413000
0.0585093300
0.0567201000
0.0547050000
0.0519741200
0.0490866200
0.0466757100
0.0433687400
0.0395967000
0.0368963900
0.0351732900
0.0327713600
0.0292762900
0.0257350800
0.0231512400
0.0199907900
0.0160422800
0.0121793700
0.0085149620
0.0037333660
-0.0034748800
-0.0112307000
-0.0167652200
-0.0197360400
-0.0223075900
-0.0250420100
-0.0279280500
-0.0325096600
-0.0376992400
-0.0419771100
-0.0448328600
-0.0469692300
-0.0510176700
-0.0566914600
-0.0607692500
-0.0630437900
-0.0658035800
-0.0687018000
-0.0708464000
-0.0717459600
-0.0707795000
-0.0701388900
-0.0699637300
-0.0682893300
-0.0649752900
-0.0624358100
-0.0604702400
-0.0575852000
-0.0549210800
-0.0530499700
-0.0504747700
-0.0467782100
-0.0427397700
-0.0388131400
-0.0348163200
-0.0304369900
-0.0254543800
-0.0198853400
-0.0152788700
-0.0115391500
-0.0075467140
-0.0024510060
0.0034270260
0.0094688500
0.0166507200
0.0247323900
0.0320622800
0.0368562800
0.0384082800
0.0369893900
0.0348950300
0.0329466700
0.0307594000
0.0275002600
0.0248376600
0.0248753000
0.0266765000
0.0278881300
0.0284642200
0.0284382900
0.0272405700
0.0245986700
0.0209465000
0.0161092000
0.0092666460
0.0011027290
-0.0081138110
-0.0180549500
-0.0273685200
-0.0354775300
-0.0413310600
-0.0433287800
-0.0418727100
-0.0376315400
-0.0318675400
-0.0260412200
-0.0193634000
-0.0115966300
-0.0042796780
0.0011046290
0.0051437100
0.0086949280
0.0115443100
0.0136960900
0.0160543500
0.0188112300
0.0210975500
0.0230185700
0.0238174600
0.0230029800
0.0203599200
0.0173074600
0.0149107500
0.0117699800
0.0080006830
0.0044304370
0.0014760400
-0.0005965315
-0.0026268240
-0.0044434820
-0.0053598160
-0.0044950460
-0.0025643500
-0.0004392414
0.0007625303
0.0011604190
0.0011787280
-0.0009816223
-0.0072175950
-0.0161761900
-0.0261893800
-0.0354196300
-0.0430939800
-0.0490048300
-0.0529215000
-0.0547147800
-0.0548480400
-0.0547115600
-0.0555703800
-0.0570205200
-0.0567801300
-0.0554202300
-0.0546071400
-0.0539134200
-0.0527281300
-0.0512353900
-0.0502157000
-0.0492877300
-0.0478476500
-0.0468508300
-0.0456675400
-0.0439514700
-0.0419712300
-0.0380013800
-0.0314770200
-0.0244399100
-0.0182500100
-0.0116120300
-0.0048022020
0.0005274827
0.0053839440
0.0111170700
0.0160938400
0.0190527000
0.0210960000
0.0232686700
0.0242895900
0.0243800400
0.0240238900
0.0226602600
0.0207548900
0.0199501600
0.0200966100
0.0203628600
0.0201115700
0.0187289900
0.0169160700
0.0160694900
0.0150199600
0.0123736700
0.0084326300
0.0040062880
-0.0011375210
-0.0077954600
-0.0142361700
-0.0185927500
-0.0202181900
-0.0200876400
-0.0186838500
-0.0158703700
-0.0127887000
-0.0105467500
-0.0085356860
-0.0070833360
-0.0065796210
-0.0071193140
-0.0079677620
-0.0089976860
-0.0104768200
-0.0114188300
-0.0124508500
-0.0139410400
-0.0149655300
-0.0152870900
-0.0153733000
-0.0147490100
-0.0122983200
-0.0084950070
-0.0042119340
0.0002495089
0.0046674820
0.0089341370
0.0124364900
0.0148013700
0.0155636600
0.0145218300
0.0115369300
0.0079719810
0.0049488010
0.0025431610
-0.0002019660
-0.0023700790
-0.0035447390
-0.0048488030
-0.0068402520
-0.0089342950
-0.0110164400
-0.0122388300
-0.0125433500
-0.0123577500
-0.0111111900
-0.0083384460
-0.0050133860
-0.0022047580
0.0005331295
0.0027556170
0.0036904790
0.0040807400
0.0042467440
0.0043238870
0.0041700600
0.0031072660
0.0007517591
-0.0030215980
-0.0086295870
-0.0146927700
-0.0196465800
-0.0241011600
-0.0280903800
-0.0306788800
-0.0311621800
-0.0299329200
-0.0272538800
-0.0228705100
-0.0164210600
-0.0086930470
-0.0006437215
0.0073655580
0.0145340300
0.0198075900
0.0238138300
0.0276650500
0.0313533900
0.0341209200
0.0360562400
0.0377302500
0.0383875000
0.0385780700
0.0389964900
0.0392960200
0.0394223500
0.0392054200
0.0379636700
0.0358755400
0.0338680400
0.0318666500
0.0299892000
0.0279848900
0.0260686900
0.0240623300
0.0221647800
0.0201525700
0.0182122900
0.0162039000
0.0145366100
0.0130028900
0.0116508700
0.0109678200
0.0120451600
0.0152997400
0.0201693600
0.0261289100
0.0314816500
0.0353660200
0.0377908900
0.0395570200
0.0422384300
0.0453497200
0.0476434600
0.0493594100
0.0502319500
0.0507313300
0.0508950200
0.0507617000
0.0507232300
0.0514884000
0.0530111400
0.0539240100
0.0551039800
0.0573825400
0.0597490100
0.0612983000
0.0618882800
0.0621774300
0.0621174900
0.0610808300
0.0574277300
0.0516232200
0.0452100800
0.0381095900
0.0317186800
0.0271645700
0.0233112400
0.0193419400
0.0160978400
0.0146817400
0.0140028400
0.0130379500
0.0130508200
0.0141364700
0.0147173800
0.0148211400
0.0151783800
0.0162434400
0.0180221300
0.0187953100
0.0179492100
0.0163199800
0.0154296600
0.0142500900
0.0115712300
0.0085318300
0.0060861760
0.0029510920
-0.0008679448
-0.0047941790
-0.0093787300
-0.0151196200
-0.0211284300
-0.0270262800
-0.0321037500
-0.0370400000
-0.0423475300
-0.0461145600
-0.0479319000
-0.0483699700
-0.0473566200
-0.0442493500
-0.0402147200
-0.0363305400
-0.0322726900
-0.0271014100
-0.0211756200
-0.0162933900
-0.0130715500
-0.0118109500
-0.0117283600
-0.0119714400
-0.0124635900
-0.0136680800
-0.0157606300
-0.0174330400
-0.0191719000
-0.0212552600
-0.0237116400
-0.0256460000
-0.0265853500
-0.0247788300
-0.0209744400
-0.0165919200
-0.0118646800
-0.0076148980
-0.0057170160
-0.0077060630
-0.0118102400
-0.0157537200
-0.0187206000
-0.0211085000
-0.0230528100
-0.0237820400
-0.0239969100
-0.0241257700
-0.0237397800
-0.0237081500
-0.0249066100
-0.0267605700
-0.0284336300
-0.0306447400
-0.0330919000
-0.0359914900
-0.0384186300
-0.0398771500
-0.0409739500
-0.0426188300
-0.0439544200
-0.0451460700
-0.0460922000
-0.0444624500
-0.0404090600
-0.0346494800
-0.0268323600
-0.0173141000
-0.0089622850
-0.0033942670
0.0001706446
0.0035929900
0.0072498330
0.0108374800
0.0145384200
0.0176016500
0.0199043900
0.0231509300
0.0270064100
0.0297067300
0.0304885900
0.0297661900
0.0271195800
0.0222713000
0.0152844100
0.0064977590
-0.0029952150
-0.0119766500
-0.0201510700
-0.0272498300
-0.0324969500
-0.0365305600
-0.0404286500
-0.0440058700
-0.0461415900
-0.0463108300
-0.0443915400
-0.0398509500
-0.0327036100
-0.0250254300
-0.0184073300
-0.0129876300
-0.0094613630
-0.0079101770
-0.0067970230
-0.0055743200
-0.0051001230
-0.0051644220
-0.0049896250
-0.0044300860
-0.0041108750
-0.0042775410
-0.0048584040
-0.0058759570
-0.0073569150
-0.0083178630
-0.0095890810
-0.0113853400
-0.0123586500
-0.0127703100
-0.0133257500
-0.0147399700
-0.0168688200
-0.0198487800
-0.0239644100
-0.0285984500
-0.0319729000
-0.0334059100
-0.0338353600
-0.0327950800
-0.0306314300
-0.0275834300
-0.0235788200
-0.0192842500
-0.0155427100
-0.0121665400
-0.0094684900
-0.0073808990
-0.0056223150
-0.0057006780
-0.0072666490
-0.0083476370
-0.0096399980
-0.0114982300
-0.0123423100
-0.0116240600
-0.0097163170
-0.0076873550
-0.0053947570
-0.0031540480
-0.0013834170
-0.0004066544
-0.0001316044
-0.0003473872
-0.0014456620
-0.0033797670
-0.0048016110
-0.0045187590
-0.0031531100
-0.0015234330
0.0001159125
0.0019944250
0.0041124430
0.0071788790
0.0106887900
0.0137859300
0.0159670600
0.0176888100
0.0184351300
0.0184289800
0.0176414700
0.0158865100
0.0140340700
0.0114562900
0.0075320950
0.0022055030
-0.0036230630
-0.0083906970
-0.0123848400
-0.0155552000
-0.0169281500
-0.0170654400
-0.0170627500
-0.0168696200
-0.0155746200
-0.0134168400
-0.0120997000
-0.0118880100
-0.0119385400
-0.0121711600
-0.0132952300
-0.0152938900
-0.0175947800
-0.0206344300
-0.0233788200
-0.0253622700
-0.0271541400
-0.0280313300
-0.0274961000
-0.0247597400
-0.0197181700
-0.0134913400
-0.0073741340
-0.0022031580
0.0006621354
0.0015230000
0.0005201642
-0.0005142814
-0.0015650570
-0.0030671510
-0.0041722760
-0.0043090870
-0.0033424480
-0.0010753560
0.0024834560
0.0064971870
0.0104288100
0.0144473000
0.0188405000
0.0238088300
0.0293315200
0.0339897000
0.0379336200
0.0417807800
0.0450304300
0.0472507300
0.0491337500
0.0502348400
0.0510962400
0.0527788200
0.0547828700
0.0571336700
0.0593265300
0.0610399100
0.0625961300
0.0645049800
0.0667372700
0.0697756500
0.0725470300
0.0745793500
0.0763961200
0.0771135700
0.0763945700
0.0745703500
0.0724317300
0.0693126400
0.0649829900
0.0594374500
0.0531295300
0.0468760800
0.0417336500
0.0375517700
0.0338635700
0.0313784600
0.0306420600
0.0307687300
0.0316263200
0.0332311000
0.0342657500
0.0347721500
0.0349032400
0.0348486700
0.0348798700
0.0350050500
0.0348408300
0.0336115200
0.0315138700
0.0295018300
0.0275236600
0.0256819700
0.0236471500
0.0216107000
0.0197823400
0.0191182800
0.0192259100
0.0191719800
0.0187124700
0.0177272100
0.0158902200
0.0139479300
0.0120214000
0.0101005800
0.0073518280
0.0043592680
0.0021866620
-0.0001957724
-0.0029287090
-0.0055197790
-0.0075641550
-0.0082954360
-0.0082311280
-0.0074767940
-0.0057637770
-0.0037672810
-0.0009878765
0.0020549460
0.0043579880
0.0062108450
0.0069174650
0.0061733390
0.0042557700
0.0022226920
0.0002058940
-0.0014732920
-0.0031429730
-0.0046147700
-0.0058640330
-0.0073931240
-0.0082387960
-0.0086978670
-0.0096565210
-0.0112807400
-0.0120432400
-0.0119821600
-0.0120354400
-0.0124970300
-0.0134039500
-0.0151390300
-0.0174037300
-0.0204890800
-0.0232468500
-0.0251513000
-0.0270280600
-0.0288858200
-0.0309690800
-0.0329809200
-0.0347376900
-0.0354415700
-0.0357102900
-0.0358059400
-0.0344887700
-0.0316019700
-0.0270890900
-0.0211394700
-0.0150326800
-0.0099498340
-0.0071014890
-0.0053911680
-0.0047880810
-0.0055255880
-0.0073059560
-0.0092244890
-0.0119001100
-0.0156353800
-0.0197278700
-0.0234985300
-0.0264115200
-0.0287102600
-0.0308599400
-0.0329118200
-0.0350548600
-0.0358943300
-0.0347100700
-0.0322557200
-0.0282933000
-0.0225561000
-0.0157510800
-0.0090066200
-0.0028728370
0.0027833730
0.0079076770
0.0122339400
0.0157637800
0.0194903100
0.0234306200
0.0261444900
0.0261534700
0.0235649200
0.0197163300
0.0148463300
0.0086596740
0.0020975610
-0.0047792090
-0.0102510500
-0.0133889900
-0.0154580500
-0.0165421600
-0.0167279900
-0.0166558900
-0.0166544000
-0.0166440400
-0.0163968800
-0.0161090500
-0.0163005900
-0.0165179600
-0.0171745200
-0.0188376200
-0.0209157600
-0.0238107000
-0.0265652300
-0.0277210200
-0.0285957600
-0.0299896100
-0.0310900600
-0.0317041400
-0.0319760600
-0.0309917400
-0.0289006900
-0.0267678300
-0.0246753700
-0.0234743400
-0.0232780400
-0.0235331800
-0.0240612800
-0.0250485600
-0.0266524300
-0.0276731100
-0.0281740500
-0.0283089900
-0.0282760800
-0.0282770100
-0.0283109900
-0.0281602100
-0.0276259500
-0.0266092900
-0.0251139000
-0.0241479400
-0.0228864100
-0.0210860300
-0.0202079000
-0.0201804200
-0.0209940200
-0.0228079000
-0.0247500400
-0.0268059700
-0.0289806200
-0.0312690600
-0.0327316800
-0.0339860300
-0.0349000800
-0.0351315500
-0.0351423000
-0.0350016600
-0.0341357700
-0.0319287000
-0.0283864300
-0.0243420400
-0.0202899400
-0.0163411100
-0.0130990300
-0.0109199000
-0.0090728490
-0.0079279690
-0.0069215170
-0.0053750250
-0.0046529680
-0.0046761710
-0.0046783060
-0.0046147910
-0.0053047220
-0.0070891770
-0.0088064740
-0.0105666300
-0.0128211200
-0.0151425900
-0.0164001200
-0.0166541800
-0.0164721200
-0.0153052000
-0.0124830800
-0.0085805140
-0.0050498630
-0.0024754760
0.0001493282
0.0033261690
0.0064049440
0.0086727700
0.0106524400
0.0117881800
0.0120099400
0.0121988900
0.0124389000
0.0121693700
0.0119140900
0.0120585300
0.0123616100
0.0128422400
0.0140637500
0.0150356200
0.0163396500
0.0181669700
0.0191834900
0.0195384300
0.0196327000
0.0204186500
0.0220557900
0.0228305800
0.0229216400
0.0233005300
0.0243486900
0.0259835700
0.0267423600
0.0269443800
0.0273292600
0.0275774200
0.0278631500
0.0283722600
0.0286289800
0.0286444000
0.0285050900
0.0279157600
0.0263844300
0.0234248800
0.0204851300
0.0195271900
0.0197244200
0.0198902500
0.0198545100
0.0198345600
0.0198968300
0.0197240600
0.0187053800
0.0167830400
0.0137052600
0.0087654240
0.0046855520
0.0024728370
0.0006560008
-0.0005302057
-0.0008671912
-0.0005810025
0.0006411417
0.0026330020
0.0048715760
0.0079131530
0.0109550900
0.0134139200
0.0153587500
0.0167762900
0.0184336300
0.0195759700
0.0207765400
0.0230707800
0.0251026300
0.0265932100
0.0277226400
0.0289550300
0.0304028000
0.0313890100
0.0323555000
0.0340135200
0.0352848700
0.0364362500
0.0379878900
0.0379709100
0.0363995900
0.0353036700
0.0341814200
0.0323300600
0.0300668300
0.0270002100
0.0242076700
0.0221920500
0.0205032700
0.0197204100
0.0192811100
0.0183068900
0.0166809800
0.0159428400
0.0159865000
0.0158521900
0.0154073400
0.0151669000
0.0146387800
0.0135069000
0.0129566700
0.0135026100
0.0146631400
0.0153445200
0.0157948900
0.0167543200
0.0183564800
0.0191589900
0.0192438900
0.0191378100
0.0183098600
0.0167982100
0.0161587900
0.0155723700
0.0135738300
0.0109202200
0.0087431600
0.0078896920
0.0076202470
0.0073830100
0.0065264950
0.0056823890
0.0065576900
0.0074035370
0.0074429920
0.0073066620
0.0075239010
0.0081006650
0.0083945890
0.0083989170
0.0082131340
0.0077202480
0.0067024290
0.0049329960
0.0036818700
0.0026861800
0.0011859180
0.0002806312
-0.0001556219
-0.0009839098
-0.0027787020
-0.0047812090
-0.0068217040
-0.0087114320
-0.0107238100
-0.0126000200
-0.0144968200
-0.0164159900
-0.0191835200
-0.0222258200
-0.0244026800
-0.0263558900
-0.0282676400
-0.0301044200
-0.0310601800
-0.0314779700
-0.0316069700
-0.0317301900
-0.0317622000
-0.0305020900
-0.0265576500
-0.0203524000
-0.0136520500
-0.0075480790
-0.0030857700
-0.0003941472
0.0004736761
-0.0003495668
-0.0021089930
-0.0045368700
-0.0080041380
-0.0122781800
-0.0166693500
-0.0203565000
-0.0230254800
-0.0246412600
-0.0262135800
-0.0269581900
-0.0262983100
-0.0244643200
-0.0221951300
-0.0191634300
-0.0160959300
-0.0136548700
-0.0121525200
-0.0125627800
-0.0144324300
-0.0157389400
-0.0167128400
-0.0184611000
-0.0197476000
-0.0200035000
-0.0199001800
-0.0198359600
-0.0196440600
-0.0192117200
-0.0187129400
-0.0176568600
-0.0163408800
-0.0156503000
-0.0152416300
-0.0144499800
-0.0127124900
-0.0104223700
-0.0073489950
-0.0045641650
-0.0025666120
-0.0008437372
-0.0001017992
-0.0001007180
-0.0008209032
-0.0025186640
-0.0047132070
-0.0080233920
-0.0118092500
-0.0150878700
-0.0177696600
-0.0199148700
-0.0216397000
-0.0228710300
-0.0235948000
-0.0237641000
-0.0236793000
-0.0236927000
-0.0238318700
-0.0236818500
-0.0224039600
-0.0202534400
-0.0185653600
-0.0175255900
-0.0168390700
-0.0160010800
-0.0123331100
-0.0087510000
-0.0125893500
-0.0160108000
-0.0150596800
-0.0127461000
-0.0115157100
-0.0104412300
-0.0088637070
-0.0078608960
-0.0065503220
-0.0047889180
-0.0039721780
-0.0039246630
-0.0041240970
-0.0049507370
-0.0057523110
-0.0049820150
-0.0042483910
-0.0036823800
-0.0022055990
-0.0006288702
0.0001585548
0.0005685677
0.0007445670
0.0008546227
0.0009041761
0.0001647205
-0.0015927910
-0.0031112440
-0.0046539270
-0.0066927840
-0.0079604330
-0.0081575510
-0.0080309350
-0.0080160460
-0.0079078850
-0.0074150450
-0.0063399920
-0.0047393110
-0.0040280300
-0.0038483960
-0.0032184210
-0.0024112790
-0.0016443070
-0.0007416943
-0.0000587939
0.0012351290
0.0032248370
0.0044965380
0.0054529510
0.0069522250
0.0078057000
0.0078783980
0.0071010310
0.0052630820
0.0032411560
0.0011663220
-0.0005075878
-0.0017881980
-0.0025357480
-0.0028289370
-0.0021050630
-0.0005549376
0.0013178160
0.0034245880
0.0046434080
0.0048201060
0.0047456890
0.0047325740
0.0044886700
0.0039196130
0.0036635960
0.0037997430
0.0038811260
0.0031097890
0.0015126590
0.0005629377
-0.0002787447
-0.0019187440
-0.0043367820
-0.0068679360
-0.0079359140
-0.0068443730
-0.0044444310
-0.0019496040
0.0009369971
0.0045716740
0.0086154190
0.0127143500
0.0163957600
0.0189470200
0.0209469900
0.0239191500
0.0274742900
0.0305632900
0.0326185900
0.0345141000
0.0366360500
0.0390022800
0.0407496900
0.0422402700
0.0428826900
0.0431278800
0.0434466000
0.0431770600
0.0421679900
0.0406166600
0.0396827300
0.0384938300
0.0365108700
0.0345860400
0.0326611000
0.0304560700
0.0273191100
0.0245808000
0.0233919800
0.0225461700
0.0210543300
0.0200864100
0.0196260800
0.0188670300
0.0171570200
0.0148658100
0.0117885800
0.0089922110
0.0069886740
0.0053085450
0.0046371660
0.0045295450
0.0045856550
0.0055082950
0.0071791950
0.0071814700
0.0055224810
0.0045975400
0.0045016740
0.0045740500
0.0053797650
0.0072577750
0.0085718250
0.0087675240
0.0086837550
0.0087582250
0.0085433330
0.0072650400
0.0054911940
0.0045062030
0.0032652860
0.0013178610
0.0000674254
-0.0006763962
-0.0019256460
-0.0027762160
-0.0025119990
-0.0016304520
-0.0005245889
0.0000476616
0.0004977575
0.0016047660
0.0032973530
0.0033215070
0.0016320970
0.0004463289
-0.0000656308
-0.0001644400
-0.0001306997
-0.0001175803
-0.0001205788
-0.0000332121
0.0003153759
0.0015544930
0.0045231870
0.0074474870
0.0086975350
0.0087863000
0.0087282220
0.0085352950
0.0074052930
0.0053976170
0.0031162130
0.0002412633
-0.0023032220
-0.0038249520
-0.0041794800
-0.0040486070
-0.0040009300
-0.0040677810
-0.0041097030
-0.0038369920
-0.0032700070
-0.0030037660
-0.0030647340
-0.0031278200
-0.0028837980
-0.0023225320
-0.0019994970
-0.0019644580
-0.0023011360
-0.0031169560
-0.0037802660
-0.0039366910
-0.0046938540
-0.0065552590
-0.0077859680
-0.0079689820
-0.0086074370
-0.0101610200
-0.0110088500
-0.0112480500
-0.0115554400
-0.0117062600
-0.0124188000
-0.0142452400
-0.0162247300
-0.0181329000
-0.0200529100
-0.0229146300
-0.0259647000
-0.0273988900
-0.0281632200
-0.0298024800
-0.0318279200
-0.0339248700
-0.0356133200
-0.0371115400
-0.0383395000
-0.0390824400
-0.0392776000
-0.0392323200
-0.0392199200
-0.0390648200
-0.0386188400
-0.0376712200
-0.0358601100
-0.0338836000
-0.0318594800
-0.0299538900
-0.0279197900
-0.0260427400
-0.0243411100
-0.0227296000
-0.0203728500
-0.0181185500
-0.0164159600
-0.0155654600
-0.0143271400
-0.0125002500
-0.0117131800
-0.0117756200
-0.0119138300
-0.0119186300
-0.0118864600
-0.0118712200
-0.0118762100
-0.0118909800
-0.0119203400
-0.0117754600
-0.0112661300
-0.0102305100
-0.0086525620
-0.0077255970
-0.0070234270
-0.0058667450
-0.0043606020
-0.0030705230
-0.0018012130
-0.0005576544
0.0000361556
0.0004423546
0.0014514090
0.0033522020
0.0045343870
0.0046590480
0.0053323510
0.0071875010
0.0084333360
0.0086116690
0.0092563670
0.0108577300
0.0116842700
0.0116184900
0.0114666900
0.0116862500
0.0122468600
0.0127190400
0.0132382600
0.0139270400
0.0148807000
0.0156191200
0.0168744900
0.0185841200
0.0196034900
0.0208203200
0.0224635900
0.0234593700
0.0247413900
0.0264956800
0.0272751900
0.0273308100
0.0272645100
0.0265109100
0.0248994800
0.0238058800
0.0233173800
0.0233132500
0.0233750700
0.0225524900
0.0209481800
0.0202847000
0.0201264700
0.0189325000
0.0170446200
0.0160299400
0.0156040900
0.0150083300
0.0139633000
0.0131172100
0.0125024400
0.0125499100
0.0136236900
0.0149844500
0.0157322000
0.0161945200
0.0164801800
0.0164124600
0.0154103500
0.0128782400
0.0095607570
0.0068915990
0.0037275440
0.0000098304
-0.0035074820
-0.0065048600
-0.0087077520
-0.0106974000
-0.0117757200
-0.0119620000
-0.0126217600
-0.0139559200
-0.0144945900
-0.0147385900
-0.0148715600
-0.0150197400
-0.0154757500
-0.0165020200
-0.0183788800
-0.0197197600
-0.0200530000
-0.0197499600
-0.0184766000
-0.0162641800
-0.0138498800
-0.0108904300
-0.0069528790
-0.0026817330
0.0011023640
0.0046416740
0.0073497360
0.0084958100
0.0086444720
0.0086595750
0.0084133950
0.0071141020
0.0052819360
0.0043558360
0.0035278080
0.0018241340
-0.0005675460
-0.0028539910
-0.0040223440
-0.0049109500
-0.0064443640
-0.0073371570
-0.0073509130
-0.0064727240
-0.0048975530
-0.0039476960
-0.0029922790
-0.0015172780
-0.0001884113
0.0006299184
0.0008101726
0.0004726443
-0.0001089832
-0.0003422326
-0.0002838944
-0.0002922608
-0.0004390960
-0.0002502468
0.0010711040
0.0031377300
0.0044156430
0.0053301920
0.0068085850
0.0078360740
0.0083940740
0.0084031270
0.0078777040
0.0068334110
0.0051983880
0.0043234210
0.0043139250
0.0051969480
0.0070010910
0.0082760380
0.0092551550
0.0106933300
0.0116036600
0.0123706600
0.0136044000
0.0149061300
0.0153957500
0.0154195500
0.0154369200
0.0147850900
0.0129539400
0.0108433200
0.0089502350
0.0080478900
0.0077437170
0.0076141840
0.0067903280
0.0051695870
0.0045112550
0.0044339910
0.0033293580
0.0007977830
-0.0020015230
-0.0046758940
-0.0079101470
-0.0114079500
-0.0144558100
-0.0165173700
-0.0184137000
-0.0203948300
-0.0225405100
-0.0237446100
-0.0237979600
-0.0237321900
-0.0245157900
-0.0254627000
-0.0247578900
-0.0236622000
-0.0222682500
-0.0205930700
-0.0196914000
-0.0185327400
-0.0165546300
-0.0145442400
-0.0125327300
-0.0106819700
-0.0086469620
-0.0066221990
-0.0048178280
-0.0041482550
-0.0041574880
-0.0041807480
-0.0046721540
-0.0059990810
-0.0072670950
-0.0079745270
-0.0086092190
-0.0098911760
-0.0112171400
-0.0120151600
-0.0121828700
-0.0121147500
-0.0121011500
-0.0121231800
-0.0119710300
-0.0115255300
-0.0106058600
-0.0087498940
-0.0066610150
-0.0048332450
-0.0041628700
-0.0041371790
-0.0042006530
-0.0049862180
-0.0065648710
-0.0073395730
-0.0075632960
-0.0079965160
-0.0082578410
-0.0081179260
-0.0076433330
-0.0067025090
-0.0048284180
-0.0027822020
-0.0010617360
-0.0002004790
0.0010061600
0.0028469080
0.0038969000
0.0042411110
0.0042816480
0.0050733170
0.0069783320
0.0082056550
0.0083602290
0.0089681600
0.0105764600
0.0115399500
0.0115550500
0.0106140100
0.0089479260
0.0082216380
0.0082762530
0.0082795640
0.0082245130
0.0089433760
0.0105832000
0.0116490200
0.0121090900
0.0122224500
0.0124535700
0.0129897000
0.0132741300
0.0132930300
0.0132193200
0.0129559800
0.0125764900
0.0122640000
0.0110008500
0.0081030400
0.0051452030
0.0039067270
0.0035412740
0.0034189380
0.0035621740
0.0040865400
0.0050998390
0.0065850110
0.0075189300
0.0088078200
0.0107086900
0.0115655800
0.0108154800
0.0088763730
0.0068933960
0.0048534050
0.0026745520
0.0003961505
-0.0010121120
-0.0022824270
-0.0035547430
-0.0041708210
-0.0035901840
-0.0021880260
-0.0008381898
-0.0002428603
0.0001709795
0.0011598410
0.0027652720
0.0035076240
0.0036837570
0.0041591690
0.0045540310
0.0043676080
0.0030189480
0.0010824750
0.0000500891
-0.0003112463
-0.0004124483
-0.0009349654
-0.0020296730
-0.0025403970
-0.0025153100
-0.0025099590
-0.0025399360
-0.0020514930
-0.0009617376
-0.0003698190
-0.0003462704
-0.0008443726
-0.0020749060
-0.0037693880
-0.0061267800
-0.0086964600
-0.0108983600
-0.0120284000
-0.0130119800
-0.0146459900
-0.0151771300
-0.0140836200
-0.0126337700
-0.0119784900
-0.0114313000
-0.0100300800
-0.0074515360
-0.0047855120
-0.0027886180
-0.0011959980
-0.0003421136
0.0009034290
0.0027335310
0.0036382890
0.0036269950
0.0027364650
0.0010796180
0.0001828476
0.0001463694
0.0010507170
0.0029711870
0.0042773010
0.0044883400
0.0043748560
0.0043138490
0.0041199210
0.0037057260
0.0033698440
0.0025591440
0.0017047400
0.0024452290
0.0034608410
0.0047674540
0.0067285450
0.0086662820
0.0107218300
0.0126974900
0.0145355700
0.0154453900
0.0157747600
0.0159616500
0.0167941900
0.0179547400
0.0175001700
0.0162116000
0.0146442500
0.0125982700
0.0105675600
0.0087674150
0.0080802360
0.0079111650
0.0075924790
0.0073762140
0.0065784150
0.0048335450
0.0035949100
0.0025981890
0.0008202209
-0.0005005049
-0.0007499191
-0.0005343546
-0.0004004153
-0.0009354926
-0.0023089690
-0.0035254010
-0.0042092200
-0.0051362950
-0.0069620960
-0.0083193650
-0.0086606980
-0.0083674360
-0.0071268970
-0.0048966170
-0.0023364190
0.0005335392
0.0030925230
0.0043049210
0.0044011010
0.0042437530
0.0042659870
0.0044145960
0.0042315190
0.0030034550
0.0009707774
-0.0010101690
-0.0034749060
-0.0062509590
-0.0088027280
-0.0108182400
-0.0117359800
-0.0122005900
-0.0122147800
-0.0116853600
-0.0106550300
-0.0091517740
-0.0082128440
-0.0069905640
-0.0050329880
-0.0034765570
-0.0021849150
-0.0009657921
-0.0005257771
-0.0005828418
-0.0005750947
-0.0004932569
-0.0009421229
-0.0022916690
-0.0036446880
-0.0044311490
-0.0045862870
-0.0045176840
-0.0045006520
-0.0045342230
-0.0045231620
-0.0044598560
-0.0044813410
-0.0049662190
-0.0055809600
-0.0055745010
-0.0056136430
-0.0050229340
-0.0043186370
-0.0037207150
-0.0032231300
-0.0029591740
-0.0033097190
-0.0036676520
-0.0034881670
-0.0024793850
-0.0009364129
0.0007600642
0.0027947540
0.0049626380
0.0072433980
0.0089543090
0.0107717400
0.0119952300
0.0120758000
0.0114832300
0.0103879800
0.0087377130
0.0079238140
0.0081746090
0.0092523410
0.0107849100
0.0124678600
0.0145231300
0.0165561500
0.0183525600
0.0190266500
0.0190685600
0.0190292300
0.0182450800
0.0164578900
0.0152148100
0.0143418200
0.0126248200
0.0105644300
0.0086528200
0.0077669200
0.0074464960
0.0072064920
0.0063611100
0.0055195890
0.0063813080
0.0072165250
0.0072696370
0.0072900040
0.0077438170
0.0088038340
0.0104301800
0.0113894200
0.0118693100
0.0123290300
0.0128602900
0.0128215500
0.0122878700
0.0121012700
0.0119559600
0.0108107000
0.0086712380
0.0065309020
0.0047437740
0.0041228210
0.0039663500
0.0035085140
0.0031850830
0.0031482860
0.0034649840
0.0040476470
0.0041719620
0.0036607120
0.0025680470
0.0007667791
-0.0004322646
-0.0013169800
-0.0030140850
-0.0049925990
-0.0070560000
-0.0089270710
-0.0109341200
-0.0129266200
-0.0149145500
-0.0161193200
-0.0169089400
-0.0179145500
-0.0178774300
-0.0168136500
-0.0162260100
-0.0159941600
-0.0155505100
-0.0152751500
-0.0152408400
-0.0154693300
-0.0160033500
-0.0167471600
-0.0177681300
-0.0185010900
-0.0192744100
-0.0200258500
-0.0203058800
-0.0202491900
-0.0199519800
-0.0195322900
-0.0193258300
-0.0185625800
-0.0169792900
-0.0160362800
-0.0155522900
-0.0146692800
-0.0131564800
-0.0121577000
-0.0109887600
-0.0092756440
-0.0076057810
-0.0054146820
-0.0032012240
-0.0003302006
0.0026079170
0.0040762330
0.0051095830
0.0066322530
0.0066020200
0.0049277990
0.0040241680
0.0041068330
0.0042776010
0.0039939120
0.0034108010
0.0032640230
0.0033424980
0.0025951610
0.0009369427
0.0001269180
0.0001950043
0.0003416525
0.0001689140
-0.0003510304
-0.0012299690
-0.0029216790
-0.0051859540
-0.0083843000
-0.0112241600
-0.0124542100
-0.0125320700
-0.0124016000
-0.0122295300
-0.0118111200
-0.0108812700
-0.0090576700
-0.0070625310
-0.0050355850
-0.0031910990
-0.0012002410
0.0008519448
0.0029448200
0.0040320560
0.0041159390
0.0048054400
0.0065477550
0.0074150380
0.0065822080
0.0048377820
0.0040407830
0.0038638350
0.0034502170
0.0031921050
0.0031783070
0.0032147730
0.0031769420
0.0031472260
0.0034090520
0.0039942340
0.0042629180
0.0041433550
0.0040120590
0.0046896560
0.0065127750
0.0085105120
0.0105898300
0.0125881500
0.0143968500
0.0150581000
0.0149718900
0.0149417600
0.0149866200
0.0145480000
0.0133352200
0.0120747300
0.0105061300
0.0084333960
0.0071670310
0.0069682450
0.0070505470
0.0070864030
0.0073571320
0.0078794120
0.0080146710
0.0079569880
0.0087159440
0.0103559900
0.0111268200
0.0110884200
0.0110857400
0.0111254900
0.0103631100
0.0087193670
0.0079215750
0.0079713150
0.0080829360
0.0080674710
0.0080879990
0.0082140170
0.0079770860
0.0066741610
0.0048731660
0.0039179250
0.0027840730
0.0008262884
-0.0011774780
-0.0032121180
-0.0051057010
-0.0071196360
-0.0088617450
-0.0103657100
-0.0113139100
-0.0117641600
-0.0122348300
-0.0124714600
-0.0125004100
-0.0123341600
-0.0118317400
-0.0107762700
-0.0091443800
-0.0083894530
-0.0084455580
-0.0085642640
-0.0085737140
-0.0085393590
-0.0085366560
-0.0085374530
-0.0085385020
-0.0085422670
-0.0085705040
-0.0084394360
-0.0079456670
-0.0068716430
-0.0052221770
-0.0044925030
-0.0046194150
-0.0045758240
-0.0037962920
-0.0024163190
-0.0010872280
-0.0006282059
-0.0006270236
-0.0006281045
-0.0011318790
-0.0024598670
-0.0035421990
-0.0038243970
-0.0037572730
-0.0034428390
-0.0028575990
-0.0025535880
-0.0028572820
-0.0037138340
-0.0044052320
-0.0045500710
-0.0052513590
-0.0070946620
-0.0084947570
-0.0088490040
-0.0085248270
-0.0072214550
-0.0051464020
-0.0032238310
-0.0013017880
0.0008549199
0.0038814900
0.0067025280
0.0087392120
0.0104267300
0.0110653800
0.0111003400
0.0111011200
0.0104570700
0.0086579550
0.0065365690
0.0044096060
0.0032043690
0.0030014560
0.0031010690
0.0034008930
0.0039231570
0.0041707900
0.0041506260
0.0041215910
0.0041524660
0.0041449680
0.0038944680
0.0034700360
0.0032417950
0.0024637330
0.0009017168
0.0001307082
-0.0000977636
-0.0005475533
-0.0008051069
-0.0007371612
-0.0006233239
-0.0011178100
-0.0024792340
-0.0037222260
-0.0044150210
-0.0052743670
-0.0070423820
-0.0088408260
-0.0104217100
-0.0116278800
-0.0123397400
-0.0125370500
-0.0125364100
-0.0125236200
-0.0122490600
-0.0117163400
-0.0115110200
-0.0115413300
-0.0112568200
-0.0106788400
-0.0107221500
-0.0113767200
-0.0114267500
-0.0103767300
-0.0090885200
-0.0083803540
-0.0071892140
-0.0051978230
-0.0036349230
-0.0023946730
-0.0011791670
-0.0005748447
-0.0005232931
-0.0013853140
-0.0033230270
-0.0046201020
-0.0047490340
-0.0046587010
-0.0051741170
-0.0057763560
-0.0052206500
-0.0046542830
-0.0046135390
-0.0046974020
-0.0046590620
-0.0045951700
-0.0050446040
-0.0062708000
-0.0075718470
-0.0091341750
-0.0109282000
-0.0117115900
-0.0117331200
-0.0113728200
-0.0103079100
-0.0090365080
-0.0083761210
-0.0077029530
-0.0064299560
-0.0049491200
-0.0044045870
-0.0052735580
-0.0069895210
-0.0079209700
-0.0083315230
-0.0092300070
-0.0108779300
-0.0117896200
-0.0117582200
-0.0108663200
-0.0093373320
-0.0084399340
-0.0072370190
-0.0049952240
-0.0027467800
-0.0009989006
0.0007360056
0.0027865190
0.0039311660
0.0040611760
0.0046921790
0.0063255550
0.0074094620
0.0077770570
0.0078261620
0.0086338090
0.0104020400
0.0111266300
0.0102368200
0.0092372390
0.0100602300
0.0109528400
0.0112534100
0.0115454800
0.0119942300
0.0131652300
0.0145464100
0.0145602000
0.0133962900
0.0125246300
0.0120439900
0.0117376000
0.0112344600
0.0102408400
0.0087462520
0.0077603570
0.0064733270
0.0047186910
0.0039652200
0.0037574660
0.0033333150
0.0030736760
0.0030698330
0.0031002090
0.0030662050
0.0030397840
0.0033095580
0.0038625710
0.0041102710
0.0040615700
0.0040766110
0.0042075540
0.0039872550
0.0026679540
0.0008449319
-0.0001078163
-0.0010122630
-0.0026616240
-0.0043577110
-0.0056787690
-0.0064013170
-0.0055305880
-0.0047823430
-0.0042869450
-0.0029294910
-0.0011531260
0.0007352911
0.0027622380
0.0038763880
0.0041289130
0.0048544740
0.0056784890
0.0048752270
0.0038923570
0.0033195610
0.0024213200
0.0008408770
-0.0002417574
-0.0007346040
-0.0007491139
-0.0006858257
-0.0014922970
-0.0030810840
-0.0037860250
-0.0040254730
-0.0049972070
-0.0059025910
-0.0054467960
-0.0043884210
-0.0028138460
-0.0010904400
0.0006017117
0.0025880760
0.0044844310
0.0065037000
0.0084889940
0.0105341100
0.0117841100
0.0122528900
0.0124417700
0.0119693600
0.0112185700
0.0101923900
0.0086169530
0.0075967720
0.0070563870
0.0069263850
0.0072083040
0.0076359080
0.0078427730
0.0086183620
0.0102442600
0.0110352600
0.0109464400
0.0107887100
0.0110575200
0.0116838900
0.0119320600
0.0116244100
0.0112892000
0.0115717400
0.0118683800
0.0118993400
0.0118564000
0.0118341200
0.0118362100
0.0118523000
0.0118880700
0.0118680400
0.0116071100
0.0111823000
0.0109766800
0.0102252800
0.0084833290
0.0071856570
0.0061564020
0.0046591540
0.0039543910
0.0039543290
0.0038106740
0.0034055330
0.0031628310
0.0023687560
0.0007660063
-0.0000062373
0.0000405187
-0.0000133598
-0.0004625907
-0.0012420540
-0.0026197690
-0.0039096310
-0.0045520160
-0.0046752050
-0.0053964090
-0.0070243370
-0.0078598340
-0.0078563530
-0.0075154700
-0.0069331990
-0.0062301900
-0.0056315200
-0.0056304680
-0.0056077040
-0.0064782410
-0.0075117120
-0.0078224820
-0.0077703590
-0.0075221760
-0.0070134470
-0.0062417170
-0.0051947140
-0.0046956610
-0.0046064020
-0.0046211640
-0.0053999240
-0.0071668090
-0.0084550920
-0.0094537990
-0.0110918400
-0.0122882000
-0.0133145100
-0.0151040200
-0.0163942900
-0.0166352600
-0.0165095200
-0.0164500700
-0.0164632800
-0.0164857500
-0.0165318500
-0.0165508200
-0.0162743300
-0.0156895900
-0.0154426900
-0.0157119300
-0.0160569300
-0.0158931600
-0.0156194100
-0.0148266100
-0.0133403900
-0.0124062500
-0.0112296800
-0.0091896870
-0.0071267890
-0.0054210120
-0.0045581540
-0.0033079020
-0.0014777320
-0.0006917206
-0.0008012029
-0.0009521176
-0.0006913930
-0.0001018705
0.0001660469
0.0001372315
0.0000976318
0.0001200907
-0.0000120158
-0.0005045624
-0.0015253230
-0.0031468870
-0.0041673790
-0.0046638640
-0.0048001000
-0.0047680470
-0.0047842150
-0.0048352450
-0.0046549800
-0.0039289860
-0.0027111250
-0.0011155530
0.0006500374
0.0023496860
0.0032595290
0.0044748750
0.0062660580
0.0073161860
0.0078067480
0.0079351490
0.0079038870
0.0079011870
0.0079459940
0.0079521320
0.0078149270
0.0077161760
0.0084960590
0.0104163600
0.0117671800
0.0119741500
0.0118194300
0.0117730500
0.0118364200
0.0117186600
0.0112101600
0.0101472500
0.0085372960
0.0076531670
0.0072109170
0.0062710560
0.0046370920
0.0038438360
0.0038939820
0.0040506020
0.0039481560
0.0034184950
0.0021592990
0.0000700814
-0.0013987160
-0.0027030980
-0.0039516210
-0.0045599060
-0.0039926230
-0.0026089520
-0.0010859930
-0.0001353720
0.0007946667
0.0023701780
0.0033921890
0.0037940310
0.0038840610
0.0046060940
0.0062298730
0.0072977010
0.0078028750
0.0079341680
0.0079053780
0.0078973390
0.0079028970
0.0079078660
0.0079070110
0.0079066430
0.0079021420
0.0078948350
0.0079057310
0.0079417010
0.0079246120
0.0076629120
0.0072399320
0.0070347310
0.0062831620
0.0045316500
0.0032387620
0.0022377820
0.0007529929
-0.0001782022
-0.0006716082
-0.0013143980
-0.0023614980
-0.0031425170
-0.0036808420
-0.0038845090
-0.0036845920
-0.0031692530
-0.0023771080
-0.0012239580
-0.0006806697
-0.0011902900
-0.0025305510
-0.0038090060
-0.0050747780
-0.0065697890
-0.0077271280
-0.0084425090
-0.0094056120
-0.0109665300
-0.0117511600
-0.0118310000
-0.0117482900
-0.0109640800
-0.0094152270
-0.0084546010
-0.0077113740
-0.0065166540
-0.0052334610
-0.0045371870
-0.0038659020
-0.0027207700
-0.0012064600
0.0005017780
0.0025494360
0.0045497170
0.0063602290
0.0072991140
0.0077514660
0.0079100670
0.0079054490
0.0079314610
0.0079153710
0.0077905840
0.0077458130
0.0085510700
0.0101662800
0.0109254300
0.0110868800
0.0116807000
0.0125354800
0.0134270300
0.0139762500
0.0131177400
0.0118485000
0.0110147400
0.0101059200
0.0086919780
0.0077073840
0.0063940100
0.0045918470
0.0038270560
0.0038908260
0.0040218590
0.0040208670
0.0039752150
0.0039695710
0.0040228920
0.0040425750
0.0037764150
0.0032219670
0.0029621080
0.0029763220
0.0030097910
0.0030053920
0.0031611780
0.0036017630
0.0045161670
0.0063651910
0.0084716500
0.0103409100
0.0109916800
0.0108507200
0.0107617600
0.0109035700
0.0109843000
0.0101804800
0.0085291270
0.0077647360
0.0078100240
0.0078075420
0.0077655620
0.0085288130
0.0101843200
0.0109721200
0.0108860100
0.0107756700
0.0110450600
0.0113685600
0.0111075300
0.0108150700
0.0107353500
0.0107453700
0.0110373700
0.0116290900
0.0118983700
0.0115792600
0.0109990100
0.0108567500
0.0109324800
0.0101894800
0.0085652790
0.0076229470
0.0071682970
0.0062360010
0.0046197820
0.0038565440
0.0037635890
0.0033919010
0.0023597700
0.0006991012
-0.0002417831
-0.0006530101
-0.0012905290
-0.0026231220
-0.0038698290
-0.0045790300
-0.0052652520
-0.0065624400
-0.0075969440
-0.0078250850
-0.0078081490
-0.0078649110
-0.0075605280
-0.0064233420
-0.0055683840
-0.0064001780
-0.0075471150
-0.0080486580
-0.0084135590
-0.0091104490
-0.0104633700
-0.0116568100
-0.0123414000
-0.0132870700
-0.0151363500
-0.0164568300
-0.0166890100
-0.0165720600
-0.0165104300
-0.0164635400
-0.0164514900
-0.0169398200
-0.0180076200
-0.0187801700
-0.0194432700
-0.0201186700
-0.0211133000
-0.0227135600
-0.0237279800
-0.0242317400
-0.0243933000
-0.0243844700
-0.0242027500
-0.0237182000
-0.0228048200
-0.0210993400
-0.0191163300
-0.0163343300
-0.0132650100
-0.0109867600
-0.0091060650
-0.0079922870
-0.0070028350
-0.0054579290
-0.0047202060
-0.0047414330
-0.0047808070
-0.0047741780
-0.0052526300
-0.0062813320
-0.0068510330
-0.0071947230
-0.0074298800
-0.0066043470
-0.0052269860
-0.0046707800
-0.0047940450
-0.0049509370
-0.0046761070
-0.0038381600
-0.0031054850
-0.0029005730
-0.0024312100
-0.0013714470
-0.0008349201
-0.0008779863
-0.0009605119
-0.0008932171
-0.0008360854
-0.0013313720
-0.0024164710
-0.0031635040
-0.0036623950
-0.0041375950
-0.0046865830
-0.0047110180
-0.0041584330
-0.0035917640
-0.0030694340
-0.0028684160
-0.0028442420
-0.0028133710
-0.0030611550
-0.0038693610
-0.0046859870
-0.0049353230
-0.0048759540
-0.0048316030
-0.0048447310
-0.0048488780
-0.0048340810
-0.0048532890
-0.0049290430
-0.0047737560
-0.0039729800
-0.0025922850
-0.0012984680
-0.0009731464
-0.0008396213
0.0004191185
0.0023214730
0.0032710710
0.0036711080
0.0045471730
0.0061651310
0.0072241870
0.0077263640
0.0078615490
0.0078314230
0.0078237800
0.0078308110
0.0078306230
0.0078222100
0.0078270770
0.0078540620
0.0077218680
0.0072239770
0.0061549170
0.0045118260
0.0037659130
0.0038573960
0.0039641600
0.0038446610
0.0037598690
0.0045397700
0.0061739770
0.0071226570
0.0075640960
0.0084450290
0.0100443300
0.0111086900
0.0116471600
0.0117738200
0.0114908800
0.0110429600
0.0107995100
0.0100801100
0.0086161400
0.0076082220
0.0062982580
0.0045089980
0.0037404320
0.0038008610
0.0039260890
0.0039310480
0.0038971560
0.0038850290
0.0038865680
0.0038975470
0.0039161110
0.0037832420
0.0033016590
0.0022467070
0.0004216128
-0.0007955946
-0.0014699350
-0.0026929530
-0.0040259010
-0.0048274760
-0.0048780890
-0.0047669980
-0.0055310820
-0.0071566890
-0.0079496200
-0.0081619970
-0.0085741760
-0.0088316850
-0.0088638650
-0.0088352540
-0.0086654560
-0.0082321000
-0.0073117660
-0.0054317920
-0.0033669560
-0.0016217960
-0.0008010372
0.0003076865
0.0023285460
0.0044123560
0.0062564270
0.0072089040
0.0076535340
0.0076784380
0.0075822720
0.0083775720
0.0101555900
0.0110022200
0.0101608800
0.0084099840
0.0075822800
0.0074170120
0.0071325480
0.0069151970
0.0061020080
0.0045205320
0.0037135980
0.0035033010
0.0032115190
0.0030101290
0.0021891170
0.0005613472
-0.0002175691
-0.0001320442
-0.0000152064
-0.0002766087
-0.0007748364
-0.0009711416
-0.0014553130
-0.0027723460
-0.0038743390
-0.0041428240
-0.0038650470
-0.0032967210
-0.0025227990
-0.0014519270
-0.0009582558
-0.0009981061
-0.0011110330
-0.0011110180
-0.0009667684
-0.0008996265
-0.0016667390
-0.0033414190
-0.0044016690
-0.0047724760
-0.0048383620
-0.0054578240
-0.0068723950
-0.0071655510
-0.0057514660
-0.0048444470
-0.0048368650
-0.0049948520
-0.0050643080
-0.0050343160
-0.0047719160
-0.0042688220
-0.0039844660
-0.0037174950
-0.0034768410
-0.0037720160
-0.0040466010
-0.0040537370
-0.0039972850
-0.0040361250
-0.0041480140
-0.0039161290
-0.0028450860
-0.0015114550
-0.0009800610
-0.0008049726
-0.0004795789
-0.0002609231
0.0005439597
0.0021544310
0.0029381210
0.0028994390
0.0027768750
0.0027556990
0.0027515630
0.0027694010
0.0028948190
0.0029422550
0.0021397790
0.0004790891
-0.0003105893
-0.0002234387
-0.0001029810
-0.0002263774
-0.0003166001
0.0004702043
0.0021278180
0.0029276120
0.0028766930
0.0027490160
0.0027265140
0.0027255140
0.0027506050
0.0030020410
0.0034216730
0.0036272430
0.0043717440
0.0059842330
0.0069046440
0.0069254050
0.0060228960
0.0042077710
0.0029461330
0.0019900860
0.0005089858
-0.0005081275
-0.0010875690
-0.0012673370
-0.0009664186
-0.0003693521
-0.0001111660
-0.0003715109
-0.0008841860
-0.0012097010
-0.0017486970
-0.0022718480
-0.0016867660
-0.0011450930
-0.0011456550
-0.0012371720
-0.0009675621
-0.0004075813
-0.0002531362
-0.0003295965
0.0003735879
0.0020044460
0.0030789500
0.0035792940
0.0037086720
0.0036765880
0.0036688470
0.0036738210
0.0036795850
0.0036699770
0.0036606810
0.0036651600
0.0037004060
0.0036931740
0.0035670240
0.0035029000
0.0042623290
0.0059248650
0.0068554160
0.0068474950
0.0059114960
0.0042544170
0.0035229500
0.0034453820
0.0030588860
0.0020027130
0.0003723115
-0.0003755876
-0.0005761023
-0.0009912728
-0.0012540930
-0.0013244760
-0.0013129250
-0.0010305430
-0.0004502622
-0.0002019898
-0.0003530795
-0.0004517446
0.0003460518
0.0020157570
0.0028057060
0.0027136990
0.0025902890
0.0027060800
0.0027848870
0.0020035980
0.0003844912
-0.0004279879
-0.0006500406
-0.0009917527
-0.0011626770
-0.0016504180
-0.0029707960
-0.0043335900
-0.0051202830
-0.0052091100
-0.0051002140
-0.0055687600
-0.0066833610
-0.0074892050
-0.0079540750
-0.0081110180
-0.0083715250
-0.0089276990
-0.0091471490
-0.0090331980
-0.0092193380
-0.0102975000
-0.0116836200
-0.0122095500
-0.0121231300
-0.0119969800
-0.0120119100
-0.0121621900
-0.0122235800
-0.0114641200
-0.0098241990
-0.0087677580
-0.0082840120
-0.0081489960
-0.0081338370
-0.0081252900
-0.0083876950
-0.0089354250
-0.0092054550
-0.0091904780
-0.0091486940
-0.0091460010
-0.0091604140
-0.0091651850
-0.0091651730
-0.0091638690
-0.0091646240
-0.0091688910
-0.0091782970
-0.0091789040
-0.0091538690
-0.0091398590
-0.0092267670
-0.0093376100
-0.0088685200
-0.0072994650
-0.0055024500
-0.0042328970
-0.0030372260
-0.0016498570
-0.0006651533
0.0003436316
0.0018998340
0.0026510420
0.0026161910
0.0024979240
0.0024841160
0.0025140170
0.0025202990
0.0025126120
0.0025061130
0.0025055810
0.0025057660
0.0025039460
0.0025003340
0.0024968530
0.0025006260
0.0025059130
0.0024957500
0.0024569320
0.0024654790
0.0025958650
0.0026467780
0.0018478840
0.0001924758
-0.0006068232
-0.0005552426
-0.0004235129
-0.0004155690
-0.0004606234
-0.0004723203
-0.0004488570
-0.0004231742
-0.0004794520
-0.0005901782
-0.0003587484
0.0007352766
0.0020975380
0.0025654330
0.0024685170
0.0026436100
0.0031955840
0.0034755790
0.0034626540
0.0034534080
0.0034612210
0.0032125670
0.0026705440
0.0023912880
0.0023672350
0.0024276670
0.0026878640
0.0031050150
0.0033101410
0.0040479760
0.0056414520
0.0066936570
0.0071951670
0.0073385690
0.0073437270
0.0073241380
0.0071951210
0.0071459430
0.0079367500
0.0095937260
0.0103951100
0.0103341800
0.0101627100
0.0101618000
0.0103279800
0.0103881500
0.0095831110
0.0079250050
0.0071229850
0.0071684880
0.0073041090
0.0073474200
0.0073080390
0.0071801520
0.0071073550
0.0078463610
0.0096610310
0.0112292700
0.0124933900
0.0138502500
0.0148132000
0.0158216200
0.0173490400
0.0181126300
0.0182006800
0.0181347700
0.0173423700
0.0157340600
0.0147661200
0.0143276700
0.0136774400
0.0123790000
0.0113182300
0.0108203000
0.0103807700
0.0101588500
0.0101027000
0.0101194400
0.0104244200
0.0109587900
0.0110880300
0.0110175700
0.0117685500
0.0134204900
0.0142326200
0.0141783800
0.0140202000
0.0140064300
0.0141196600
0.0141780300
0.0136894300
0.0124331300
0.0111855100
0.0097539020
0.0077347610
0.0056802150
0.0036875070
0.0025331320
0.0016137130
0.0000900271
-0.0009632241
-0.0014838650
-0.0015432890
-0.0014779240
-0.0020078520
-0.0031169780
-0.0036263050
-0.0035662950
-0.0036942610
-0.0042251310
-0.0048094710
-0.0053524470
-0.0054827600
-0.0053918810
-0.0058738530
-0.0071977480
-0.0082753630
-0.0087736620
-0.0092220660
-0.0094304920
-0.0094306580
-0.0094125050
-0.0094400560
-0.0093161600
-0.0088112590
-0.0077330630
-0.0061203160
-0.0054355120
-0.0053357840
-0.0046754870
-0.0033331730
-0.0019353510
-0.0014696390
-0.0016029860
-0.0016961420
-0.0013993670
-0.0008621122
-0.0006803922
-0.0006361959
0.0000342276
0.0008358949
0.0007872606
0.0015904370
0.0023066500
0.0023856730
0.0022986820
0.0022162570
0.0022153680
0.0024825140
0.0030433320
0.0033383190
0.0033024910
0.0030014390
0.0025742210
0.0023725920
0.0016137540
0.0000074156
-0.0009694641
-0.0013926870
-0.0020044840
-0.0033613480
-0.0046951860
-0.0053656220
-0.0054704740
-0.0061467010
-0.0077685780
-0.0088836620
-0.0093825640
-0.0093789090
-0.0092996540
-0.0101015900
-0.0117586800
-0.0125175200
-0.0124480800
-0.0125815900
-0.0131179800
-0.0134126000
-0.0134198000
-0.0134093800
-0.0133747700
-0.0131076300
-0.0128284100
-0.0131071500
-0.0133814100
-0.0134174400
-0.0134147200
-0.0133896000
-0.0132678100
-0.0132206800
-0.0140164100
-0.0156666200
-0.0164696000
-0.0164244700
-0.0162848000
-0.0162391900
-0.0162879700
-0.0164246700
-0.0164637100
-0.0156713100
-0.0140550000
-0.0132420200
-0.0130425400
-0.0127517400
-0.0125354700
-0.0117232600
-0.0101559100
-0.0093886050
-0.0091508700
-0.0087064900
-0.0085034980
-0.0085910070
-0.0083952690
-0.0073230840
-0.0059516370
-0.0054364290
-0.0055058970
-0.0055838630
-0.0056034250
-0.0056462370
-0.0054799640
-0.0046924070
-0.0033513980
-0.0020439170
-0.0015889020
-0.0014033490
-0.0009347775
-0.0006731439
-0.0006620738
-0.0006605291
-0.0006524339
-0.0009084919
-0.0014551720
-0.0017224810
-0.0017067020
-0.0016626360
-0.0016585580
-0.0016708930
-0.0016737300
-0.0016714510
-0.0016689350
-0.0016696630
-0.0016712280
-0.0016724630
-0.0016676420
-0.0016607180
-0.0016702250
-0.0017054640
-0.0016872380
-0.0014342770
-0.0010119200
-0.0007864868
-0.0000094691
0.0015557290
0.0023321520
0.0025568690
0.0029813410
0.0032367540
0.0032529840
0.0032043980
0.0031976820
0.0032488680
0.0032783810
0.0030121450
0.0024434920
0.0021522700
0.0022246000
0.0023868050
0.0022841010
0.0014181990
0.0006527714
0.0015851480
0.0019673130
0.0007018446
-0.0004506647
-0.0007267304
-0.0007115935
-0.0006786890
0.0001243374
0.0017584940
0.0025200550
0.0024780120
0.0026621790
0.0032087380
0.0033974660
0.0033405090
0.0040624080
0.0057268370
0.0066723870
0.0066778180
0.0057661670
0.0041508560
0.0033937490
0.0033305930
0.0034102350
0.0042220180
0.0058553000
0.0066409030
0.0065446380
0.0064081840
0.0067078840
0.0073112180
0.0073207620
0.0067515390
0.0064396620
0.0064566900
0.0065138590
0.0065217150
0.0065051550
0.0064987170
0.0064971380
0.0065036440
0.0065082200
0.0064981750
0.0064520130
0.0064518820
0.0065853550
0.0066684820
0.0058675640
0.0041075910
0.0032708920
0.0041056830
0.0058541120
0.0066379860
0.0065393830
0.0063985340
0.0063922220
0.0064160080
0.0063748300
0.0063666630
0.0064791270
0.0065223370
0.0057294360
0.0041049190
0.0033301620
0.0034117860
0.0035234370
0.0034000520
0.0033064160
0.0040605530
0.0056518130
0.0064172050
0.0063596180
0.0062059330
0.0061258780
0.0061432760
0.0064261160
0.0069030240
0.0068573880
0.0065476280
0.0067574830
0.0070042100
0.0070100730
0.0069440220
0.0069071410
0.0069147010
0.0067659040
0.0062664270
0.0052326470
0.0036644490
0.0029370520
0.0029757460
0.0030730200
0.0030640490
0.0030154340
0.0029948480
0.0029854510
0.0029696240
0.0029439700
0.0029355220
0.0029525340
0.0029203060
0.0026620150
0.0022451160
0.0020352020
0.0013458770
-0.0001330583
-0.0011227780
-0.0016104300
-0.0017044050
-0.0015990990
-0.0016374980
-0.0021582300
-0.0026799630
-0.0021453090
-0.0016181660
-0.0015749410
-0.0016785550
-0.0016849250
-0.0014355780
-0.0010452310
-0.0008494646
-0.0001461653
0.0012768820
0.0019446230
0.0019238170
0.0020376400
0.0022309900
0.0020002000
0.0018576010
0.0018587800
0.0011696860
-0.0002843867
-0.0009969547
-0.0009547272
-0.0008401916
-0.0008292430
-0.0008616501
-0.0008677583
-0.0008677821
-0.0008687859
-0.0008638588
-0.0008323554
-0.0008426904
-0.0009559031
-0.0010025720
-0.0003162176
0.0010942070
0.0017570730
0.0016815280
0.0016627000
0.0020212490
0.0029150770
0.0044973440
0.0055500860
0.0056766650
0.0055165120
0.0054236880
0.0053970810
0.0053731860
0.0053514010
0.0052804290
0.0050200820
0.0046291820
0.0044098020
0.0037283960
0.0023690570
0.0016885850
0.0017027590
0.0018042710
0.0016729650
0.0012133030
0.0003454688
-0.0009562754
-0.0017034450
-0.0020830180
-0.0026217900
-0.0034366890
-0.0038065430
-0.0039569930
-0.0043463220
-0.0046101800
-0.0044104360
-0.0035087350
-0.0024121470
-0.0020200440
-0.0021130790
-0.0021769310
-0.0019514790
-0.0016414630
-0.0017956460
-0.0023925990
-0.0034355410
-0.0043355650
-0.0048292250
-0.0053214030
-0.0062619890
-0.0069756310
-0.0070902590
-0.0071616550
-0.0074734440
-0.0076226320
-0.0075592440
-0.0074626780
-0.0073918300
-0.0073360620
-0.0072751060
-0.0072097650
-0.0071413890
-0.0070713840
-0.0070090660
-0.0069612770
-0.0068927230
-0.0066744750
-0.0062909230
-0.0058693660
-0.0050634310
-0.0041130820
-0.0037238220
-0.0035478920
-0.0031982360
-0.0029762090
-0.0029049620
-0.0028832060
-0.0030405050
-0.0033934130
-0.0035354620
-0.0034198860
-0.0032953940
-0.0035993460
-0.0044860810
-0.0051534450
-0.0052132690
-0.0050624870
-0.0051338860
-0.0054539630
-0.0055969030
-0.0054953160
-0.0052047040
-0.0049393600
-0.0050660670
-0.0052067420
-0.0051588730
-0.0048895220
-0.0044630380
-0.0042352820
-0.0041724660
-0.0041215300
-0.0040890650
-0.0040786380
-0.0038607680
-0.0031340960
-0.0022647750
-0.0019095140
-0.0017580790
-0.0014617310
-0.0012559200
-0.0010583830
-0.0007737162
-0.0006132387
-0.0002735671
0.0003841236
0.0007067039
0.0006787565
0.0006311302
0.0007928023
0.0011337870
0.0012962250
0.0012881650
0.0012653230
0.0012646720
0.0012762440
0.0012915290
0.0013009200
0.0012064820
0.0009481532
0.0005293721
-0.0001843678
-0.0007210324
-0.0009081224
-0.0010704820
-0.0014045980
-0.0021001390
-0.0026732810
-0.0027402240
-0.0021941260
-0.0012935170
-0.0009012760
-0.0006406564
0.0001517447
0.0010046580
0.0014134370
0.0016237700
0.0017415000
0.0018770390
0.0019467040
0.0017746970
0.0020303140
0.0028261500
0.0032218570
0.0031710020
0.0030588550
0.0030402880
0.0031696990
0.0032832860
0.0031168670
0.0029529970
0.0029156450
0.0029117360
0.0029002310
0.0028652190
0.0028143740
0.0027843440
0.0028943650
0.0031043300
0.0031325100
0.0030692790
0.0033584710
0.0040169780
0.0043666120
0.0044950450
0.0048191770
0.0054233930
0.0056634280
0.0055514730
0.0054078490
0.0053057450
0.0052132190
0.0051275360
0.0050821030
0.0050031840
0.0046042950
0.0038932020
0.0035067900
0.0033623680
0.0031891860
0.0030500870
0.0026884720
0.0020430940
0.0017168450
0.0016987150
0.0017094500
0.0016777620
0.0016299240
0.0015920770
0.0015571960
0.0015214900
0.0014888150
0.0014654770
0.0014262710
0.0013481240
0.0012985580
0.0015214760
0.0020008800
0.0021831540
0.0021033680
0.0020858440
0.0021911900
0.0022177880
0.0021493360
0.0020723000
0.0020150200
0.0019186610
0.0017173780
0.0013612160
0.0008633739
0.0006342377
0.0006254276
0.0005571937
0.0003815110
0.0002711713
0.0002631502
0.0002837940
0.0002425510
0.0000084440
-0.0002177628
-0.0000226267
0.0001644297
0.0001591121
0.0001002016
0.0000706269
0.0000845074
0.0000764008
-0.0001157951
-0.0004796558
-0.0006554778
-0.0006706178
-0.0006520419
-0.0004893350
-0.0001722065
-0.0000317953
-0.0000602542
-0.0001040038
-0.0001242679
-0.0001357985
-0.0001523110
-0.0001703342
-0.0001862051
-0.0002043909
-0.0002292404
-0.0002467295
-0.0002135095
-0.0001434552
-0.0001410819
-0.0001704573
-0.0000755001
0.0001435366
0.0002289093
0.0002248723
0.0002529604
0.0002496869
0.0001946201
0.0001408748
0.0002077585
0.0003975147
0.0004623709
0.0003375822
0.0001032143
-0.0000667351
-0.0001265463
-0.0001750976
-0.0002498280
-0.0003059878
-0.0004211055
-0.0006183507
-0.0007166153
-0.0007203202
-0.0007321786
-0.0007911909
-0.0009039638
-0.0010624700
-0.0011464560
-0.0011791930
-0.0012251600
-0.0013056300
-0.0013573070
-0.0013801150
-0.0013693140
-0.0013429410
-0.0013396640
-0.0013589940
-0.0013548750
-0.0013276920
-0.0012989360
-0.0012735790
-0.0012499230
-0.0012256770
-0.0012011240
-0.0011765900
-0.0011531840
-0.0011313390
-0.0011084520
-0.0010802470
-0.0010533990
-0.0010592200
-0.0011090450
-0.0011382000
-0.0011181430
-0.0010821810
-0.0010632000
-0.0010608000
-0.0010437710
-0.0010123940
-0.0009798476
-0.0009506284
-0.0009242681
-0.0008968400
-0.0008589520
-0.0008117114
-0.0007768812
-0.0007539801
-0.0007328691
-0.0007088513
-0.0006780927
-0.0006478112
-0.0006277437
-0.0005992426
-0.0005718654
-0.0005526520
-0.0005414067
-0.0005309146
-0.0005107705
-0.0004919224
-0.0004728225
-0.0004619855
-0.0004497507
-0.0004323283
-0.0004142762
-0.0003971049
-0.0003807598
-0.0003646499
-0.0003488335
-0.0003333482
-0.0003182619
-0.0003035181
-0.0002891609
-0.0002752041
-0.0002615449
-0.0002479932
-0.0002347650
-0.0002227008
-0.0002115071
-0.0001969721
-0.0001742404
-0.0001502878
-0.0001367999
-0.0001300317
-0.0001214295
-0.0001071655
-0.0000895213
-0.0000738583
-0.0000657357
-0.0000604279
-0.0000541142
-0.0000488397
-0.0000407108
-0.0000290235
-0.0000227781
-0.0000200311
-0.0000164870
-0.0000139113
-0.0000124832
-0.0000112582
-0.0000098604
-0.0000083513
-0.0000068337
-0.0000053149
-0.0000037197
-0.0000020329
-0.0000004628
0.0000005667
0.0000013141
0.0000026977
0.0000031345
0.0000022937
0.0000033939
0.0000061152
0.0000088965
0.0000113731
0.0000137237
0.0000160938
0.0000183810
0.0000203183
0.0000219639
0.0000238915
0.0000260236
0.0000280881
0.0000300284
0.0000318741
0.0000336332
0.0000352932
0.0000368801
0.0000384851
0.0000400772
0.0000414368
0.0000426005
0.0000436779
0.0000446922
0.0000456334
0.0000464818
0.0000472327
0.0000479165
0.0000486104
0.0000492752
0.0000497220
0.0000499960
0.0000501943
0.0000503328
0.0000504009
0.0000503915
0.0000503055
0.0000501430
0.0000499050
0.0000495936
0.0000492058
0.0000487334
0.0000481791
0.0000475470
0.0000468380
0.0000460527
0.0000451886
0.0000442425
0.0000432170
0.0000421141
0.0000409337
0.0000396757
0.0000383400
0.0000369269
0.0000354365
0.0000338694
0.0000322259
0.0000000000
0.0000000000
0.0000000000
0.0000000000
