-0.0000480387
-0.0000452586
-0.0000411402
-0.0000355484
-0.0000291746
-0.0000236856
-0.0000199070
-0.0000135585
-0.0000048553
0.0000000963
-0.0000000968
0.0000107019
0.0000226211
0.0000116897
0.0000022442
-0.0000062591
-0.0000056874
-0.0000118447
-0.0000246396
-0.0000069202
0.0000116437
0.0000101505
-0.0000441198
-0.0001469258
-0.0002201063
-0.0002412464
-0.0002517995
-0.0002714434
-0.0002905942
-0.0002985269
-0.0003253911
-0.0004605879
-0.0006477788
-0.0007260330
-0.0007585647
-0.0008067683
-0.0007717431
-0.0007165061
-0.0008216638
-0.0007183407
-0.0005301376
-0.0003964216
-0.0002740815
-0.0000214252
0.0004191945
0.0007351236
0.0009118708
0.0009723872
0.0009847530
0.0010737110
0.0012752030
0.0013977170
0.0013843980
0.0011942930
0.0010097030
0.0009300435
0.0008082053
0.0007268601
0.0005074885
0.0001523792
-0.0001287334
-0.0000534598
0.0000345298
-0.0003643297
-0.0005657791
-0.0005072709
-0.0005655279
-0.0009404647
-0.0013367000
-0.0014569680
-0.0013593380
-0.0011301630
-0.0009877361
-0.0006703368
-0.0002081193
0.0003107322
0.0007496533
0.0007132581
0.0003296501
0.0003627055
0.0006501314
0.0005021719
0.0001018875
-0.0005661833
-0.0009644283
-0.0013175010
-0.0012886130
-0.0010599240
-0.0012093800
-0.0010517040
-0.0007293610
-0.0003123733
-0.0003932359
-0.0007032720
-0.0003771974
-0.0003499253
-0.0008827857
-0.0009134305
-0.0004078256
-0.0002375890
-0.0003022244
-0.0003154195
-0.0002708401
-0.0004202020
-0.0008464256
-0.0013760100
-0.0022483500
-0.0028923630
-0.0040441450
-0.0051116830
-0.0050913090
-0.0032520990
-0.0007949086
0.0000193707
0.0003138956
0.0004957561
0.0005603860
0.0003442893
-0.0002838907
-0.0002808251
0.0003503923
0.0005868729
0.0005159767
0.0004311881
0.0005928553
0.0014062510
0.0022257980
0.0024391100
0.0022033650
0.0016847860
0.0010185560
0.0001875113
0.0000282752
-0.0010241020
-0.0023122870
-0.0033415020
-0.0038269440
-0.0036290550
-0.0038552130
-0.0034443800
-0.0022188030
-0.0002970130
0.0012793700
0.0017426730
0.0024645730
0.0034145440
0.0035465510
0.0024934210
0.0005066768
-0.0011783370
-0.0015493740
-0.0012507790
-0.0004477884
0.0006046385
0.0016889160
0.0022097200
0.0020202660
0.0022261540
0.0016418950
0.0006906382
0.0004468879
0.0008322022
0.0012909500
0.0008316452
0.0004630909
0.0007049797
0.0015883520
0.0023374680
0.0029573420
0.0041762270
0.0046253040
0.0045975900
0.0044675920
0.0034421400
0.0017659290
0.0005494577
-0.0004287910
-0.0012448000
-0.0013385330
-0.0013356940
-0.0023266420
-0.0043449140
-0.0059552930
-0.0064074030
-0.0071901190
-0.0081676310
-0.0078256270
-0.0067487170
-0.0068424030
-0.0061303360
-0.0045270880
-0.0039515830
-0.0045360490
-0.0059056780
-0.0064606760
-0.0059383920
-0.0044442340
-0.0031858710
-0.0022188130
-0.0014676000
-0.0010730170
-0.0006147480
-0.0000391058
0.0013624080
0.0029635510
0.0040193890
0.0041532160
0.0051413960
0.0058091550
0.0052941290
0.0036700980
0.0028643190
0.0031497130
0.0029597020
0.0034142810
0.0047136130
0.0063560490
0.0075990280
0.0085133840
0.0084698380
0.0063261790
0.0029524070
0.0005043487
-0.0014272990
-0.0029082670
-0.0033796910
-0.0044915930
-0.0055840010
-0.0047219540
-0.0038309830
-0.0035910000
-0.0038670990
-0.0033896140
-0.0031637330
-0.0042917190
-0.0061423660
-0.0068746110
-0.0065077780
-0.0069392630
-0.0071516070
-0.0060726970
-0.0043338840
-0.0031298400
-0.0022367970
-0.0012735520
-0.0002915942
0.0006898453
0.0017319470
0.0025622080
0.0027192750
0.0025879580
0.0027395620
0.0035475700
0.0046162760
0.0057171830
0.0062958630
0.0058617050
0.0054198980
0.0046841700
0.0036190160
0.0025256830
0.0020853500
0.0021331490
0.0010568820
0.0006700685
0.0015302510
0.0029099080
0.0043581240
0.0048005360
0.0045866090
0.0035826620
0.0017104140
-0.0001098811
-0.0015580350
-0.0028470930
-0.0033033500
-0.0043063800
-0.0059731160
-0.0060698660
-0.0042519860
-0.0022567160
-0.0009984136
-0.0005738533
-0.0009837323
-0.0003176707
0.0016305650
0.0038645530
0.0052534790
0.0050246440
0.0043652170
0.0028284520
0.0006751245
-0.0013412430
-0.0018580460
-0.0006170047
-0.0000123817
-0.0003530470
-0.0011326360
-0.0013311590
-0.0001277145
0.0026829890
0.0055055740
0.0067604890
0.0064003290
0.0049059480
0.0033586650
0.0020095150
0.0015144390
0.0009045211
-0.0004104630
-0.0021694920
-0.0028118660
-0.0027066760
-0.0038787240
-0.0040832970
-0.0021994910
-0.0003791754
-0.0001410790
-0.0001509391
0.0006605445
0.0017167950
0.0027125430
0.0038069930
0.0044084960
0.0039049070
0.0035342220
0.0038093630
0.0045209490
0.0048156320
0.0044818870
0.0037625690
0.0038408670
0.0043554530
0.0039277460
0.0035674190
0.0036680940
0.0039797240
0.0031187200
0.0002695997
-0.0013052480
-0.0013516590
-0.0010551830
-0.0002074391
0.0006588856
0.0008482574
0.0007405709
0.0006652188
0.0009838385
0.0015067070
0.0008984966
-0.0003429518
-0.0009669326
-0.0004614820
-0.0000677112
-0.0001824183
-0.0014023350
-0.0038198630
-0.0062796060
-0.0089815860
-0.0107908000
-0.0103464500
-0.0074234360
-0.0027611840
0.0000944802
0.0017451970
0.0035104050
0.0059558150
0.0092272310
0.0117456100
0.0133305200
0.0135815400
0.0122927300
0.0098393280
0.0072983570
0.0049049350
0.0035886630
0.0028193340
0.0015966550
-0.0001669980
-0.0009357794
-0.0006391767
-0.0007805452
-0.0005109899
0.0000173604
0.0007500314
0.0004631646
-0.0006402992
-0.0007480670
-0.0007840041
-0.0003815524
-0.0002531905
-0.0000264675
0.0015109150
0.0040017710
0.0064200130
0.0065420530
0.0049721030
0.0035718710
0.0015318160
-0.0007861676
-0.0014579570
-0.0011612240
-0.0000145128
0.0015303230
0.0019335810
0.0014362550
0.0012978940
0.0022621920
0.0019012240
0.0008324269
0.0006479447
0.0010583680
0.0003757233
-0.0029185150
-0.0060443610
-0.0070334160
-0.0070964750
-0.0080850680
-0.0097947290
-0.0109992800
-0.0120405200
-0.0128041500
-0.0118057800
-0.0092752370
-0.0067143950
-0.0043932970
-0.0029141730
-0.0013760240
0.0009683153
0.0045978730
0.0084099180
0.0119214100
0.0149804700
0.0157593400
0.0151477900
0.0145688900
0.0156340700
0.0169360000
0.0157145300
0.0134523800
0.0113515400
0.0098150410
0.0092194500
0.0089935070
0.0091848180
0.0087746400
0.0085578280
0.0086320670
0.0074211270
0.0040252430
-0.0007065955
-0.0055021170
-0.0083150880
-0.0110936900
-0.0144686700
-0.0170983700
-0.0197246100
-0.0215348000
-0.0217740900
-0.0216836100
-0.0219340100
-0.0210880700
-0.0183923800
-0.0166387200
-0.0146462600
-0.0111435200
-0.0080488890
-0.0059908780
-0.0040808760
-0.0022715400
-0.0011284990
-0.0002313557
0.0007999471
0.0017014260
0.0017271420
0.0008429340
-0.0003593604
-0.0010474790
-0.0003274513
0.0009968126
0.0012875580
0.0001939514
0.0006330012
0.0026462710
0.0047637480
0.0064640400
0.0078423940
0.0092538270
0.0097969220
0.0094245140
0.0075360150
0.0047938870
0.0026166410
0.0008357298
-0.0013082330
-0.0040394530
-0.0061982750
-0.0068100800
-0.0063833800
-0.0068913410
-0.0080484500
-0.0090386180
-0.0090840640
-0.0069449880
-0.0021317740
0.0033866310
0.0079379260
0.0121908900
0.0156313200
0.0180864000
0.0193774300
0.0205133600
0.0208536300
0.0185479200
0.0154394300
0.0132502600
0.0126152200
0.0143358200
0.0174456600
0.0201072700
0.0212932200
0.0223558900
0.0240514500
0.0251179600
0.0252347900
0.0251890300
0.0249306200
0.0244145900
0.0240908800
0.0222087000
0.0171516800
0.0099472830
0.0022360870
-0.0067692720
-0.0160560000
-0.0246431100
-0.0312233100
-0.0359036900
-0.0398410300
-0.0414414200
-0.0413093600
-0.0401450100
-0.0375661700
-0.0332376800
-0.0267420100
-0.0197486100
-0.0139752000
-0.0099422620
-0.0071644870
-0.0051171830
-0.0031539420
-0.0012881010
-0.0002249015
-0.0002851710
-0.0012164210
-0.0023160140
-0.0029311700
-0.0035551710
-0.0057467390
-0.0084657450
-0.0098425800
-0.0068653260
-0.0006677863
0.0046855240
0.0097602790
0.0160569600
0.0223059300
0.0279946400
0.0329550500
0.0368813400
0.0386151700
0.0371197500
0.0325394600
0.0254461300
0.0180873600
0.0106369800
0.0023006030
-0.0066435360
-0.0144363400
-0.0212896000
-0.0271572300
-0.0329505300
-0.0379320900
-0.0418503500
-0.0424651300
-0.0394916900
-0.0330665700
-0.0242261300
-0.0164982100
-0.0104228800
-0.0057727410
-0.0015220580
0.0016450650
0.0047046680
0.0094213010
0.0153587400
0.0209362300
0.0255791100
0.0294441900
0.0312367000
0.0327745300
0.0350393700
0.0365379500
0.0349504200
0.0310710100
0.0267252100
0.0234249800
0.0229960600
0.0241236600
0.0249255400
0.0253158000
0.0259089500
0.0250511000
0.0212292800
0.0142887100
0.0045168830
-0.0069908930
-0.0191675800
-0.0312526100
-0.0415865000
-0.0500081500
-0.0560562900
-0.0597704500
-0.0620443100
-0.0636866100
-0.0638036800
-0.0618431100
-0.0581686700
-0.0526843900
-0.0455064000
-0.0395172200
-0.0351587400
-0.0309524000
-0.0273358300
-0.0242335500
-0.0215182600
-0.0177569300
-0.0154501900
-0.0177998800
-0.0214907400
-0.0232305100
-0.0236237200
-0.0217934400
-0.0170722300
-0.0100344500
-0.0013731160
0.0074469410
0.0152914900
0.0219658000
0.0281905500
0.0345533100
0.0398112400
0.0435063600
0.0455356200
0.0465262800
0.0473835600
0.0486515400
0.0501263400
0.0506340100
0.0502754500
0.0484376100
0.0446588500
0.0385696400
0.0298137700
0.0202833000
0.0122954500
0.0053706030
-0.0013788140
-0.0061264850
-0.0064027860
-0.0021544340
0.0043360480
0.0094206440
0.0121476300
0.0145133500
0.0180269200
0.0200887500
0.0180512800
0.0124573600
0.0054966230
-0.0026711400
-0.0117668600
-0.0192730300
-0.0245229400
-0.0279745900
-0.0316624000
-0.0354163000
-0.0377210200
-0.0383237100
-0.0376323600
-0.0374755000
-0.0385993600
-0.0394822100
-0.0373511700
-0.0318103500
-0.0259914400
-0.0215321400
-0.0183647000
-0.0177703300
-0.0192328000
-0.0216586300
-0.0239738900
-0.0269185200
-0.0296788400
-0.0286524900
-0.0220773200
-0.0119953600
-0.0016611220
0.0065409720
0.0132496400
0.0188958700
0.0232702600
0.0264990800
0.0282470600
0.0295505600
0.0299229900
0.0297364100
0.0298819100
0.0307624900
0.0317746400
0.0325109200
0.0340811400
0.0375085200
0.0401007100
0.0411919300
0.0431012000
0.0434455700
0.0406740700
0.0355566600
0.0288885000
0.0217820900
0.0155174200
0.0107091600
0.0059206110
0.0010571810
-0.0053441190
-0.0117905400
-0.0168670800
-0.0211846000
-0.0235280200
-0.0265619800
-0.0309530400
-0.0356345600
-0.0384124700
-0.0387370900
-0.0387074600
-0.0383453400
-0.0357814700
-0.0309241600
-0.0236866400
-0.0143955100
-0.0062050800
-0.0017387860
-0.0013477590
-0.0023816820
-0.0036951600
-0.0061533750
-0.0094877880
-0.0131806100
-0.0150901200
-0.0134363700
-0.0080401790
0.0001232993
0.0085179590
0.0166741100
0.0253229100
0.0352131600
0.0435036700
0.0483914600
0.0490755700
0.0453795500
0.0396068900
0.0335409100
0.0267163400
0.0191126100
0.0119988700
0.0063790670
0.0032736340
0.0023708760
0.0025394780
0.0019532130
-0.0001536653
-0.0017588020
-0.0034290400
-0.0064861100
-0.0113515800
-0.0170058200
-0.0222541700
-0.0269328800
-0.0297056200
-0.0299988700
-0.0289775500
-0.0259855800
-0.0188522900
-0.0086889490
-0.0006095432
0.0034939180
0.0050905050
0.0053818590
0.0052291540
0.0042374130
0.0022841820
0.0005187756
-0.0007309500
-0.0033766430
-0.0088180460
-0.0157581800
-0.0203188100
-0.0223459300
-0.0217204700
-0.0174518200
-0.0121569200
-0.0088148800
-0.0078848260
-0.0070639550
-0.0059777310
-0.0038804720
-0.0025384120
-0.0024109370
-0.0028428170
-0.0034406950
-0.0025325060
-0.0006633711
-0.0008008957
-0.0043403890
-0.0096262850
-0.0150600500
-0.0193651900
-0.0223191900
-0.0215295300
-0.0151825400
-0.0056650090
0.0056587180
0.0140474100
0.0189999000
0.0235578000
0.0290642900
0.0339153300
0.0347877100
0.0335069100
0.0315554100
0.0276417300
0.0205733100
0.0123871300
0.0069406740
0.0042025230
0.0032492790
0.0041532430
0.0072435840
0.0118871600
0.0159543600
0.0178665600
0.0169986900
0.0135370600
0.0096894530
0.0085498710
0.0084027210
0.0079092490
0.0062021070
0.0041667650
0.0031613580
0.0034378150
0.0036964980
0.0026601990
0.0020603920
0.0012103090
-0.0007426687
-0.0025917450
-0.0026257250
-0.0009487815
0.0014868740
0.0040462840
0.0041904070
0.0000639172
-0.0071806280
-0.0148521800
-0.0218305700
-0.0263782000
-0.0289258900
-0.0300148400
-0.0302802900
-0.0296221500
-0.0274524500
-0.0260316500
-0.0259920100
-0.0274774500
-0.0304397700
-0.0336775100
-0.0373119600
-0.0390118800
-0.0398903300
-0.0417139000
-0.0437492100
-0.0445996600
-0.0439117000
-0.0425627300
-0.0409673800
-0.0396624000
-0.0381542500
-0.0355464400
-0.0313376700
-0.0279495900
-0.0263196400
-0.0251835900
-0.0219365500
-0.0168476300
-0.0132233200
-0.0106739900
-0.0074972330
-0.0028144100
0.0021498180
0.0060476040
0.0089040030
0.0120568800
0.0166017300
0.0218801200
0.0272477200
0.0325427800
0.0393157900
0.0470007200
0.0527138100
0.0560307200
0.0597200000
0.0645222600
0.0686792300
0.0702553300
0.0686667200
0.0664731900
0.0656732900
0.0657034500
0.0631613200
0.0564161500
0.0484360000
0.0406061300
0.0341809600
0.0273216600
0.0190054800
0.0105830200
0.0024108430
-0.0050450950
-0.0123172300
-0.0185591300
-0.0232845900
-0.0260464800
-0.0274798500
-0.0290615900
-0.0299774500
-0.0303465200
-0.0320518100
-0.0349672600
-0.0379823700
-0.0408908000
-0.0438633900
-0.0466709900
-0.0487108600
-0.0498602800
-0.0493521500
-0.0460763900
-0.0408206000
-0.0329574500
-0.0226255500
-0.0121429500
-0.0042523230
-0.0016933890
-0.0017461730
-0.0008998200
0.0009766214
0.0030731360
0.0060510450
0.0106700700
0.0168452500
0.0244861300
0.0322348300
0.0391668400
0.0461329700
0.0535987900
0.0607296300
0.0675078500
0.0732096500
0.0763780800
0.0760895200
0.0716317300
0.0632382200
0.0520121600
0.0420628400
0.0361265800
0.0335148200
0.0309298800
0.0248164900
0.0155755400
0.0039236400
-0.0085724730
-0.0196529800
-0.0280820100
-0.0331563700
-0.0361696100
-0.0379636100
-0.0370469800
-0.0321223300
-0.0244059800
-0.0174503400
-0.0147203000
-0.0173932900
-0.0234663900
-0.0301535400
-0.0351762300
-0.0378861600
-0.0392284000
-0.0407310000
-0.0421551600
-0.0428880100
-0.0416167300
-0.0395256400
-0.0396854400
-0.0410324300
-0.0428539000
-0.0460071700
-0.0506939200
-0.0545785900
-0.0556432800
-0.0546828800
-0.0537004900
-0.0535716400
-0.0538284400
-0.0535842700
-0.0516736300
-0.0488590300
-0.0469722300
-0.0456544900
-0.0429993100
-0.0392198600
-0.0348189500
-0.0295370100
-0.0243284200
-0.0183934600
-0.0109947900
-0.0025904820
0.0065582410
0.0148832200
0.0223148800
0.0293289300
0.0373303000
0.0464557200
0.0551952900
0.0631497500
0.0683073900
0.0716195500
0.0749458600
0.0771511900
0.0782092500
0.0791557200
0.0798429700
0.0803095300
0.0818834300
0.0841560500
0.0856088300
0.0853449200
0.0845632600
0.0833519800
0.0818144500
0.0780729700
0.0715579800
0.0630153400
0.0531901600
0.0445979900
0.0372013100
0.0313033500
0.0271257600
0.0246529400
0.0242419700
0.0244270800
0.0244006600
0.0243904700
0.0244198600
0.0234393000
0.0194692300
0.0116584200
0.0019338330
-0.0066633780
-0.0138809500
-0.0225036900
-0.0331292000
-0.0439434100
-0.0538397500
-0.0624670600
-0.0693473400
-0.0751047000
-0.0813471500
-0.0877385200
-0.0899011500
-0.0849102800
-0.0742854000
-0.0626937400
-0.0534327800
-0.0472079100
-0.0447154500
-0.0451050000
-0.0478038100
-0.0518603400
-0.0565409600
-0.0616843300
-0.0674387400
-0.0720789400
-0.0736584800
-0.0718362000
-0.0667816400
-0.0614611200
-0.0567056800
-0.0516457900
-0.0461423100
-0.0410448600
-0.0358374500
-0.0308022800
-0.0271643600
-0.0223864000
-0.0157206800
-0.0100762900
-0.0065466770
-0.0031285750
0.0000254970
0.0017759990
0.0019653780
0.0020709660
0.0025958340
0.0030219690
0.0048996220
0.0086420700
0.0126346200
0.0155988400
0.0166704000
0.0143560200
0.0079242900
-0.0000800076
-0.0069048140
-0.0107779000
-0.0109015100
-0.0075563020
-0.0024000130
0.0020625650
0.0068960820
0.0124774500
0.0166892700
0.0182468500
0.0177873000
0.0174302300
0.0165387800
0.0135389500
0.0088707740
0.0046432440
0.0021116630
0.0008355297
-0.0021082330
-0.0078095910
-0.0137367600
-0.0174966900
-0.0198090700
-0.0233478700
-0.0285095400
-0.0340488700
-0.0383142700
-0.0410483600
-0.0418697500
-0.0413661700
-0.0408230500
-0.0393101500
-0.0360227100
-0.0304612000
-0.0234355800
-0.0157088300
-0.0078494160
-0.0001132952
0.0077920240
0.0165582500
0.0262085800
0.0361789500
0.0457915500
0.0536536700
0.0593734400
0.0645848700
0.0711824900
0.0779301700
0.0830480900
0.0868013800
0.0898730100
0.0924628600
0.0938482000
0.0919891500
0.0806569500
0.0553904400
0.0246796300
0.0039381980
-0.0011795680
0.0028454200
0.0076874850
0.0107234800
0.0146707500
0.0213790500
0.0282928500
0.0310157200
0.0274772700
0.0193600800
0.0087985880
-0.0020997940
-0.0117819700
-0.0193342000
-0.0258597500
-0.0330155700
-0.0381209800
-0.0382173600
-0.0314704700
-0.0164125400
0.0050270130
0.0237338800
0.0315917600
0.0311209500
0.0273112400
0.0223653500
0.0155914700
0.0057183710
-0.0067919770
-0.0196970600
-0.0311249600
-0.0402420800
-0.0469690300
-0.0487484700
-0.0421733800
-0.0272385200
-0.0079966430
0.0088505000
0.0192288600
0.0245227000
0.0303159100
0.0389134500
0.0477109800
0.0546648900
0.0605813000
0.0663527000
0.0710251100
0.0743695000
0.0780359600
0.0819227100
0.0848801300
0.0869496400
0.0886971200
0.0899941500
0.0904470100
0.0900334800
0.0907551600
0.0925531100
0.0939503100
0.0944167800
0.0937554100
0.0939357800
0.0953398900
0.0958464600
0.0954653600
0.0949218500
0.0935294500
0.0869596500
0.0712863800
0.0464867300
0.0188609200
-0.0019474500
-0.0139756700
-0.0222341800
-0.0315171900
-0.0439178900
-0.0566328900
-0.0663374000
-0.0734261200
-0.0800835500
-0.0849708500
-0.0830550100
-0.0694508500
-0.0436884800
-0.0128720400
0.0105536300
0.0205450500
0.0223299200
0.0248434300
0.0307555100
0.0342578100
0.0322475200
0.0262713600
0.0195783800
0.0145738800
0.0108421400
0.0065203710
0.0012471980
-0.0022213330
-0.0026777990
-0.0011031500
-0.0002527944
0.0011860840
0.0087371500
0.0234862400
0.0399388100
0.0507102400
0.0536160600
0.0529543100
0.0536569800
0.0553602600
0.0560373600
0.0553277300
0.0519185300
0.0458574500
0.0371074300
0.0262206200
0.0157483200
0.0088394530
0.0046591240
-0.0005515023
-0.0095269080
-0.0217779200
-0.0315342300
-0.0379919400
-0.0431717400
-0.0476392400
-0.0498541900
-0.0498170500
-0.0488638400
-0.0478045700
-0.0467470800
-0.0462449400
-0.0464491800
-0.0461150300
-0.0468723800
-0.0496861700
-0.0538595400
-0.0583232100
-0.0618362000
-0.0641945100
-0.0644299600
-0.0636685200
-0.0632773900
-0.0625219600
-0.0614549600
-0.0607600700
-0.0601718900
-0.0588107700
-0.0585464200
-0.0603363300
-0.0638591400
-0.0678213100
-0.0696591200
-0.0701737900
-0.0693448000
-0.0662512100
-0.0607192200
-0.0534985200
-0.0449309400
-0.0361668000
-0.0273074800
-0.0165358200
-0.0026813770
0.0121568200
0.0251911800
0.0364842900
0.0444326200
0.0505320400
0.0558085200
0.0608339800
0.0638899200
0.0631815700
0.0611462200
0.0577955100
0.0528129400
0.0440785000
0.0281977400
0.0057489690
-0.0152189300
-0.0263551000
-0.0292982000
-0.0313718100
-0.0359418300
-0.0398418800
-0.0401912100
-0.0378780600
-0.0351547700
-0.0350365200
-0.0391873500
-0.0464698900
-0.0539815400
-0.0602702300
-0.0634167700
-0.0635655200
-0.0620729800
-0.0600065900
-0.0580554300
-0.0539016800
-0.0475876200
-0.0401192900
-0.0321386900
-0.0222974100
-0.0096011450
0.0037240460
0.0149392400
0.0244874300
0.0329910100
0.0407090600
0.0465021700
0.0459378400
0.0404194100
0.0350981100
0.0314008200
0.0282877000
0.0246324000
0.0205763200
0.0156344600
0.0091339830
0.0006953286
-0.0093025710
-0.0177368100
-0.0230965500
-0.0255013100
-0.0270493400
-0.0293065400
-0.0331558000
-0.0376986000
-0.0421406800
-0.0476712100
-0.0535456300
-0.0584360900
-0.0624869200
-0.0662789200
-0.0690501500
-0.0703700000
-0.0711151800
-0.0710886400
-0.0701852800
-0.0694147300
-0.0688519900
-0.0675262300
-0.0662101600
-0.0642073300
-0.0605757300
-0.0553132300
-0.0480432000
-0.0385475200
-0.0264489100
-0.0144738400
-0.0046796970
0.0028652540
0.0092926490
0.0155054800
0.0196411400
0.0218163600
0.0235448500
0.0243584300
0.0238688900
0.0224974100
0.0186641300
0.0118703000
0.0041117450
-0.0026316160
-0.0089681390
-0.0161136400
-0.0225057100
-0.0270027800
-0.0283018400
-0.0252523400
-0.0162196500
-0.0019045740
0.0128679700
0.0243696800
0.0328659600
0.0399437600
0.0438532400
0.0456883400
0.0485142500
0.0512400300
0.0536466300
0.0561533800
0.0594492900
0.0628861700
0.0664926500
0.0696073700
0.0713475400
0.0715904100
0.0714390100
0.0714769300
0.0715049300
0.0703302800
0.0650621800
0.0507990800
0.0222874900
-0.0150635200
-0.0457081000
-0.0602480600
-0.0623925500
-0.0633046400
-0.0701638900
-0.0806873400
-0.0877387200
-0.0875012700
-0.0821070300
-0.0767039300
-0.0740137500
-0.0751222200
-0.0787741300
-0.0816488500
-0.0830272700
-0.0846505300
-0.0865852400
-0.0886614300
-0.0917573200
-0.0951476800
-0.0966941200
-0.0962451300
-0.0937569800
-0.0893161700
-0.0828724200
-0.0760878700
-0.0688407800
-0.0585391000
-0.0445458800
-0.0280795300
-0.0125535000
-0.0006421628
0.0079994560
0.0150105000
0.0215967500
0.0277219300
0.0333649100
0.0383758400
0.0431980000
0.0482156100
0.0528356400
0.0559966000
0.0579416500
0.0587498100
0.0579249100
0.0559225000
0.0530724400
0.0490023200
0.0431602300
0.0367975000
0.0309021800
0.0253317800
0.0222112100
0.0212194300
0.0223852100
0.0249417000
0.0293857800
0.0357107900
0.0429326900
0.0492817500
0.0551389000
0.0603257200
0.0643493000
0.0684591000
0.0702687900
0.0699872200
0.0716238100
0.0743987200
0.0742414000
0.0711237500
0.0683260300
0.0658079100
0.0637504500
0.0628626800
0.0629228100
0.0624044700
0.0612656600
0.0626828900
0.0666392800
0.0716847000
0.0773903200
0.0834244200
0.0891123800
0.0930792600
0.0950575600
0.0960631100
0.0969676300
0.0979069400
0.0991346900
0.1007495000
0.1018808000
0.1030224000
0.1046824000
0.1057977000
0.1058915000
0.1047993000
0.1017532000
0.0972591100
0.0928474900
0.0885370800
0.0840339600
0.0785520400
0.0737006200
0.0705789000
0.0676723200
0.0639202800
0.0598330800
0.0560977400
0.0530789200
0.0500295500
0.0465126900
0.0430145400
0.0396050800
0.0375840600
0.0361812400
0.0338063100
0.0315387400
0.0297007800
0.0276332000
0.0248595600
0.0218054400
0.0189822500
0.0169140800
0.0159341700
0.0162967400
0.0166593000
0.0140810100
0.0093591970
0.0041699110
-0.0024900170
-0.0115640500
-0.0216639700
-0.0302634700
-0.0374440100
-0.0427648200
-0.0463303200
-0.0484582300
-0.0505209500
-0.0531459100
-0.0553560000
-0.0571800000
-0.0592117000
-0.0619535600
-0.0653922300
-0.0684330200
-0.0692733000
-0.0698086300
-0.0708781900
-0.0719386000
-0.0725190300
-0.0732946000
-0.0754931400
-0.0766533500
-0.0759251200
-0.0747501800
-0.0728087500
-0.0688609500
-0.0630609300
-0.0573776100
-0.0530148300
-0.0495519300
-0.0475034600
-0.0461819400
-0.0447667200
-0.0443450300
-0.0445511000
-0.0445415700
-0.0433198100
-0.0408586200
-0.0384094100
-0.0358721700
-0.0335567200
-0.0319410600
-0.0318624200
-0.0324845700
-0.0329747000
-0.0348127600
-0.0373712900
-0.0388158400
-0.0395442800
-0.0396490400
-0.0384836300
-0.0358632200
-0.0325852700
-0.0290523000
-0.0256517600
-0.0223564200
-0.0197046500
-0.0173416700
-0.0162105200
-0.0159618200
-0.0161739300
-0.0191525000
-0.0260850000
-0.0333472700
-0.0359269100
-0.0336332300
-0.0279179900
-0.0201105500
-0.0109367400
-0.0019128930
0.0044557190
0.0096963090
0.0143702300
0.0167179500
0.0186770400
0.0201217000
0.0209160000
0.0210178500
0.0199775700
0.0171086600
0.0120309500
0.0056079200
-0.0007310419
-0.0071714340
-0.0133882500
-0.0188836800
-0.0228849700
-0.0263366200
-0.0292140100
-0.0292114100
-0.0276114000
-0.0252189800
-0.0216385500
-0.0161502700
-0.0115731400
-0.0099540280
-0.0092650060
-0.0095024780
-0.0119844200
-0.0163182800
-0.0217743900
-0.0270069300
-0.0317042900
-0.0355113400
-0.0387843000
-0.0423632400
-0.0453469500
-0.0474410200
-0.0494088100
-0.0509158400
-0.0517087900
-0.0528912500
-0.0533330000
-0.0531943100
-0.0531756000
-0.0533888200
-0.0528827100
-0.0506418000
-0.0479927600
-0.0456540400
-0.0443233000
-0.0424752300
-0.0384605500
-0.0328978700
-0.0275893300
-0.0231876400
-0.0197526600
-0.0162857500
-0.0130331200
-0.0103008700
-0.0083360220
-0.0062113290
-0.0025160290
0.0025683830
0.0081331280
0.0134358000
0.0188893900
0.0238601000
0.0272209500
0.0247579500
0.0093233170
-0.0185389400
-0.0457745300
-0.0568975600
-0.0537053100
-0.0501848600
-0.0531464500
-0.0598361000
-0.0651944000
-0.0667390400
-0.0637430900
-0.0593510600
-0.0579972300
-0.0589700800
-0.0589950000
-0.0563118400
-0.0501667500
-0.0394458900
-0.0258456900
-0.0142704300
-0.0081839750
-0.0062968540
-0.0054045360
-0.0032315980
0.0003252974
0.0036178360
0.0062156870
0.0084742020
0.0112663300
0.0140816100
0.0161619700
0.0183318300
0.0206533800
0.0223347000
0.0246995400
0.0281402300
0.0324288800
0.0368669800
0.0425082700
0.0492896800
0.0561461300
0.0631745900
0.0706837900
0.0777380800
0.0836256000
0.0871065200
0.0869233000
0.0822578300
0.0699989600
0.0510476600
0.0319920700
0.0212207500
0.0196499400
0.0214855200
0.0224609000
0.0214242700
0.0219886200
0.0248656000
0.0277525800
0.0300624700
0.0326320900
0.0347093500
0.0356456900
0.0358622900
0.0354705500
0.0338440200
0.0317727900
0.0298715400
0.0277239800
0.0251546000
0.0227585000
0.0203588900
0.0177970200
0.0143750100
0.0113481600
0.0090511890
0.0067358740
0.0041736360
-0.0002827044
-0.0064800550
-0.0129299900
-0.0181028900
-0.0229685600
-0.0286480300
-0.0347436700
-0.0403672600
-0.0444514700
-0.0472277400
-0.0494457800
-0.0510182100
-0.0504178900
-0.0471638600
-0.0415183000
-0.0347065000
-0.0267102500
-0.0160278000
-0.0025608150
0.0123380900
0.0271014600
0.0381995400
0.0428992700
0.0441066500
0.0457848100
0.0503969200
0.0547067400
0.0556726100
0.0560890300
0.0570701200
0.0582682100
0.0599165200
0.0623177600
0.0657276900
0.0689170200
0.0719282500
0.0747121300
0.0755805000
0.0738872300
0.0709066700
0.0667970900
0.0610603700
0.0552831000
0.0514417600
0.0490130800
0.0466589900
0.0455277200
0.0452099600
0.0445221400
0.0445893200
0.0456227700
0.0447275500
0.0413671900
0.0401953400
0.0405418000
0.0406368300
0.0405613800
0.0405184900
0.0405860200
0.0405914300
0.0394753700
0.0359244400
0.0293923800
0.0204621400
0.0120953800
0.0043425440
-0.0033266550
-0.0101398000
-0.0161173600
-0.0221747800
-0.0274010700
-0.0300104500
-0.0315925500
-0.0328999300
-0.0324911200
-0.0285076800
-0.0236604700
-0.0212420100
-0.0183626100
-0.0141702100
-0.0080194600
0.0001793617
0.0086477650
0.0168411400
0.0240602000
0.0308282300
0.0367501500
0.0399833000
0.0413071300
0.0439907800
0.0455877400
0.0441920900
0.0409108100
0.0375714700
0.0322790900
0.0245004100
0.0177963600
0.0122529500
0.0074025940
0.0032524010
-0.0000857139
-0.0029553780
-0.0068441530
-0.0105414800
-0.0140187200
-0.0170597300
-0.0200951500
-0.0238830300
-0.0277424000
-0.0309736400
-0.0333356000
-0.0349513600
-0.0375456600
-0.0404445300
-0.0424037000
-0.0445659500
-0.0484956800
-0.0527106700
-0.0555777400
-0.0591965500
-0.0624761800
-0.0633949400
-0.0638625600
-0.0629485400
-0.0573530300
-0.0449298100
-0.0281659100
-0.0152306400
-0.0092202120
-0.0061449460
-0.0026077760
0.0003352370
0.0017463930
0.0022303340
0.0014316570
0.0006045760
0.0013768790
0.0034548390
0.0061038570
0.0096560540
0.0148240300
0.0199251800
0.0252262000
0.0314749100
0.0364488100
0.0399793500
0.0429240200
0.0438427300
0.0431169800
0.0406052500
0.0368040200
0.0303866100
0.0191438500
0.0054322010
-0.0074450760
-0.0181070800
-0.0258909900
-0.0307311200
-0.0338174200
-0.0366989400
-0.0394015600
-0.0416546300
-0.0446301600
-0.0479914000
-0.0507344100
-0.0539802700
-0.0572510000
-0.0601876500
-0.0618897100
-0.0612258300
-0.0589949200
-0.0563293300
-0.0542351900
-0.0521206200
-0.0496376100
-0.0471775600
-0.0437846100
-0.0391658100
-0.0342457800
-0.0314935800
-0.0299702800
-0.0287160500
-0.0280984400
-0.0287890800
-0.0298196000
-0.0307355000
-0.0330534600
-0.0374573300
-0.0416287200
-0.0443923800
-0.0466943300
-0.0492417100
-0.0503492800
-0.0493505100
-0.0476886000
-0.0461608100
-0.0436648700
-0.0407289700
-0.0374019100
-0.0331209400
-0.0285480200
-0.0234380000
-0.0177746800
-0.0106028400
-0.0033551640
0.0022717500
0.0052276190
0.0062966510
0.0074270120
0.0087023070
0.0096284860
0.0119921800
0.0147971300
0.0172632900
0.0208143000
0.0246978000
0.0278493000
0.0304631500
0.0329242900
0.0351561400
0.0357808100
0.0353555500
0.0338538100
0.0303038900
0.0238346600
0.0173454600
0.0126143800
0.0074738370
0.0020764300
-0.0023028750
-0.0046227830
-0.0066016270
-0.0092889650
-0.0113508500
-0.0123698000
-0.0133888300
-0.0151170100
-0.0174070500
-0.0200807700
-0.0220141600
-0.0232663500
-0.0249871100
-0.0269218200
-0.0289971200
-0.0320373700
-0.0355300900
-0.0379448900
-0.0396435200
-0.0406372300
-0.0408624500
-0.0403212800
-0.0391769400
-0.0384040500
-0.0360174000
-0.0307947800
-0.0230658800
-0.0155067500
-0.0103577500
-0.0063879430
-0.0026842460
-0.0008193231
-0.0013779680
-0.0028776730
-0.0043876820
-0.0046323880
-0.0036748890
-0.0015812540
0.0022349160
0.0072259660
0.0117867600
0.0151412100
0.0187590300
0.0228767000
0.0264371700
0.0286534000
0.0309045600
0.0329463600
0.0328253300
0.0324662400
0.0325673200
0.0313268700
0.0277380100
0.0237214000
0.0208572600
0.0185496900
0.0161841700
0.0148040600
0.0138786900
0.0130102300
0.0129920000
0.0138783500
0.0149186200
0.0158268600
0.0170187600
0.0185894400
0.0199376400
0.0216230400
0.0238575700
0.0263556400
0.0286640700
0.0317868600
0.0348016400
0.0358556600
0.0372620100
0.0391009900
0.0405127900
0.0420002000
0.0434159100
0.0449237300
0.0462642800
0.0480271600
0.0500876300
0.0517503500
0.0532563100
0.0556563400
0.0579502400
0.0595965500
0.0609718900
0.0627037600
0.0632927700
0.0622845900
0.0613379200
0.0588816000
0.0549397500
0.0508166300
0.0473981300
0.0446840200
0.0414679700
0.0392263700
0.0382169800
0.0373088400
0.0361974400
0.0356519800
0.0359206500
0.0355646100
0.0352874900
0.0353122200
0.0352572000
0.0354261200
0.0363022600
0.0371193500
0.0374284800
0.0381646100
0.0392731700
0.0401034500
0.0402556900
0.0401950600
0.0401597000
0.0400973900
0.0404104700
0.0409616000
0.0401511200
0.0384139900
0.0370291700
0.0354925000
0.0332089100
0.0293003700
0.0249039600
0.0212658500
0.0168876900
0.0117111300
0.0063190390
0.0005275795
-0.0062257510
-0.0117182400
-0.0167212800
-0.0220765300
-0.0264171300
-0.0299416300
-0.0336003700
-0.0373466900
-0.0393922200
-0.0417284300
-0.0449363400
-0.0476790600
-0.0486364500
-0.0488895600
-0.0507513500
-0.0533971000
-0.0548230300
-0.0553297200
-0.0559313600
-0.0572655900
-0.0575766200
-0.0567086000
-0.0554550400
-0.0536616800
-0.0517728800
-0.0496529900
-0.0459368700
-0.0398610000
-0.0321424600
-0.0256408800
-0.0219602300
-0.0198821600
-0.0192508100
-0.0185788400
-0.0175370800
-0.0165396100
-0.0157982400
-0.0149831600
-0.0145112500
-0.0159399700
-0.0156995200
-0.0138220800
-0.0125556300
-0.0117604800
-0.0105983600
-0.0089263890
-0.0076793650
-0.0069854200
-0.0065436300
-0.0061787070
-0.0066342410
-0.0068965070
-0.0067195650
-0.0071027530
-0.0085617080
-0.0097459720
-0.0110540100
-0.0133066400
-0.0158215900
-0.0196614200
-0.0242082100
-0.0275122200
-0.0301235800
-0.0334948500
-0.0379768900
-0.0409000200
-0.0412951000
-0.0408494100
-0.0403032100
-0.0397012500
-0.0386582000
-0.0375848600
-0.0355493400
-0.0341022300
-0.0333779200
-0.0320453000
-0.0295243300
-0.0274611700
-0.0261774700
-0.0248127600
-0.0231203800
-0.0200888200
-0.0160475100
-0.0113707100
-0.0086722510
-0.0067592880
-0.0042366110
-0.0018140630
0.0006067681
0.0032143490
0.0064264250
0.0088239240
0.0106504900
0.0125788400
0.0145493600
0.0164785200
0.0184320500
0.0205400000
0.0221480900
0.0223912300
0.0224982100
0.0232021500
0.0232044400
0.0225514600
0.0222447400
0.0213680300
0.0191807400
0.0169681200
0.0160103800
0.0145656500
0.0138472800
0.0151069600
0.0166822200
0.0182839100
0.0195521100
0.0200624700
0.0196507400
0.0193418700
0.0181765900
0.0156557600
0.0134893400
0.0115903800
0.0083868400
0.0039772750
0.0007480824
-0.0011677620
-0.0032271130
-0.0057917330
-0.0082373780
-0.0108286500
-0.0127889600
-0.0141029800
-0.0155350600
-0.0170416800
-0.0195262800
-0.0228441600
-0.0265105100
-0.0293276300
-0.0317025300
-0.0353410300
-0.0390677900
-0.0414274300
-0.0431306500
-0.0441626500
-0.0441206300
-0.0432537200
-0.0422620100
-0.0410576800
-0.0395199500
-0.0382278900
-0.0363080200
-0.0334776900
-0.0306372800
-0.0274776400
-0.0226279000
-0.0169895700
-0.0130064200
-0.0107747100
-0.0092670870
-0.0088570240
-0.0093015520
-0.0098480800
-0.0089431460
-0.0074887440
-0.0068213340
-0.0051250860
-0.0024694930
-0.0000936493
0.0025775830
0.0055686650
0.0085598900
0.0112428100
0.0136285000
0.0162114700
0.0179957700
0.0196342500
0.0229671900
0.0259227100
0.0271380500
0.0280414000
0.0291078000
0.0283818400
0.0250037500
0.0204525900
0.0125020800
0.0038261840
-0.0016059690
-0.0038990510
-0.0046568180
-0.0058967520
-0.0062929630
-0.0052646060
-0.0031528000
-0.0005827945
0.0019477600
0.0050686390
0.0088170700
0.0141265500
0.0191466800
0.0220798100
0.0231726300
0.0229968100
0.0210552800
0.0174053800
0.0129284900
0.0088070450
0.0072270240
0.0073544380
0.0085884220
0.0112150300
0.0142378700
0.0171972200
0.0202474200
0.0227736900
0.0241629600
0.0260258900
0.0287107200
0.0310070200
0.0326451700
0.0338178700
0.0357242600
0.0387014800
0.0413877000
0.0426717600
0.0435064200
0.0444678200
0.0453968400
0.0465431800
0.0483660800
0.0501750400
0.0516140500
0.0529444500
0.0534644800
0.0541018800
0.0553700200
0.0569905100
0.0581124300
0.0593383200
0.0608511900
0.0609898700
0.0602649000
0.0600460600
0.0589154600
0.0553586800
0.0502100400
0.0445120600
0.0393764800
0.0358776500
0.0345599300
0.0335697200
0.0319252900
0.0305937600
0.0298410000
0.0298202100
0.0295882700
0.0280792400
0.0255123100
0.0222486600
0.0198798200
0.0179750900
0.0161145000
0.0151407400
0.0151597700
0.0148001000
0.0135394800
0.0128244000
0.0122981100
0.0121638500
0.0120610300
0.0113016500
0.0100100800
0.0084434640
0.0071581600
0.0052548930
0.0024426390
-0.0005101994
-0.0036566310
-0.0072363890
-0.0104267600
-0.0132656200
-0.0160421000
-0.0194379100
-0.0237128300
-0.0271368400
-0.0296886200
-0.0320670500
-0.0347449800
-0.0363169000
-0.0372908200
-0.0403762400
-0.0434395500
-0.0447678000
-0.0453634800
-0.0456337500
-0.0454716400
-0.0435812200
-0.0387443600
-0.0308231700
-0.0210925200
-0.0125226000
-0.0072256440
-0.0047593270
-0.0043385700
-0.0046269490
-0.0056213910
-0.0071391700
-0.0089717980
-0.0118339400
-0.0145627800
-0.0183998800
-0.0226947400
-0.0254368800
-0.0277068700
-0.0302727700
-0.0334650600
-0.0362510200
-0.0383943300
-0.0388555800
-0.0388979700
-0.0395386000
-0.0398148900
-0.0397966200
-0.0395473900
-0.0390590900
-0.0385113900
-0.0368927000
-0.0349640900
-0.0337397700
-0.0330365600
-0.0329302400
-0.0327121400
-0.0323476000
-0.0324742300
-0.0323256900
-0.0326970400
-0.0330750900
-0.0329302600
-0.0317788800
-0.0302589300
-0.0299965500
-0.0297514500
-0.0284204600
-0.0268263000
-0.0244076000
-0.0209265100
-0.0166912300
-0.0132522600
-0.0105015700
-0.0085451230
-0.0078630970
-0.0071374190
-0.0048572310
-0.0038325740
-0.0054975570
-0.0075176340
-0.0086596630
-0.0096717460
-0.0103200000
-0.0095981010
-0.0087235850
-0.0084971830
-0.0075940680
-0.0055449750
-0.0040600410
-0.0043390410
-0.0048165380
-0.0057168380
-0.0075534340
-0.0096688490
-0.0113981600
-0.0126229800
-0.0144928000
-0.0172567700
-0.0205115600
-0.0241528700
-0.0271263300
-0.0292284300
-0.0310262700
-0.0321392900
-0.0319022100
-0.0302676900
-0.0281819800
-0.0251123000
-0.0204088300
-0.0154780200
-0.0116802400
-0.0085217360
-0.0046489740
-0.0011304410
0.0003869205
0.0009654239
0.0012144310
0.0010891960
-0.0000574924
-0.0015963570
-0.0018541520
-0.0020146660
-0.0036222560
-0.0058141810
-0.0076906230
-0.0086501930
-0.0087623530
-0.0084858230
-0.0080736300
-0.0073534480
-0.0048443420
-0.0021214720
-0.0005893773
0.0009593931
0.0020556150
0.0019669100
0.0010611210
0.0004555532
-0.0006326513
-0.0032618810
-0.0039365810
-0.0029548280
-0.0028955050
-0.0037246310
-0.0038336780
-0.0029634750
-0.0018861560
-0.0007127885
-0.0002480213
-0.0017270910
-0.0038274100
-0.0058779220
-0.0087130700
-0.0126905600
-0.0174599100
-0.0224002900
-0.0274921600
-0.0319590500
-0.0342155200
-0.0351470800
-0.0361461700
-0.0370238200
-0.0369025800
-0.0365284200
-0.0367014000
-0.0352758900
-0.0322149700
-0.0282823300
-0.0234887600
-0.0173739800
-0.0100411800
-0.0026338120
0.0046448360
0.0109718500
0.0163159800
0.0208293300
0.0251702800
0.0283238900
0.0303778800
0.0321025300
0.0332957700
0.0339854900
0.0343899600
0.0350402700
0.0349692500
0.0344652100
0.0348778000
0.0352776900
0.0350625600
0.0340730200
0.0333519700
0.0340090700
0.0351306400
0.0361302800
0.0370692800
0.0379664400
0.0391060000
0.0409592600
0.0428293600
0.0440253600
0.0447019300
0.0450766800
0.0456059300
0.0460410300
0.0466541900
0.0469852600
0.0465517500
0.0451703600
0.0435431700
0.0413024600
0.0386418600
0.0352196800
0.0323729800
0.0297657900
0.0256217500
0.0213385700
0.0174116100
0.0136995400
0.0105364400
0.0078453890
0.0057144160
0.0036915800
0.0021473570
0.0015868340
0.0009681269
0.0008707161
0.0020202270
0.0034333630
0.0041298440
0.0056246510
0.0077463940
0.0095113330
0.0108623200
0.0124087700
0.0135553100
0.0146674500
0.0162540900
0.0178102300
0.0189143800
0.0188695700
0.0192389000
0.0192849800
0.0186032700
0.0183449900
0.0184027700
0.0184249400
0.0184682700
0.0183155400
0.0175632300
0.0162894600
0.0146929400
0.0133220600
0.0118713800
0.0101219700
0.0080971630
0.0076063260
0.0072617950
0.0061680470
0.0065521970
0.0073873790
0.0080801190
0.0100808200
0.0131432400
0.0167954200
0.0187285300
0.0203100300
0.0221736800
0.0234595900
0.0238502000
0.0237889200
0.0247905000
0.0253218800
0.0253678100
0.0249858200
0.0233029000
0.0214371800
0.0201353700
0.0184976600
0.0163007300
0.0135342700
0.0106540200
0.0072924670
0.0031804950
-0.0006293033
-0.0047362010
-0.0082722820
-0.0108843300
-0.0116457200
-0.0114702000
-0.0124229200
-0.0131986200
-0.0137390400
-0.0139137600
-0.0139453100
-0.0138421600
-0.0128341600
-0.0111831100
-0.0096621470
-0.0083553800
-0.0078852530
-0.0069794480
-0.0052977660
-0.0039915940
-0.0031862970
-0.0032610780
-0.0039369040
-0.0044357350
-0.0047134940
-0.0045687890
-0.0048553880
-0.0041912310
-0.0022793070
-0.0000912506
0.0015338400
0.0018203590
0.0016765450
0.0016942700
0.0017894260
0.0014948200
0.0009696347
0.0015008970
0.0028835630
0.0043294040
0.0049874780
0.0052617480
0.0048221770
0.0046135170
0.0045146170
0.0037571230
0.0025169940
-0.0007061640
-0.0025079660
-0.0048238040
-0.0062301540
-0.0076965580
-0.0100956100
-0.0115487300
-0.0125424100
-0.0149393200
-0.0182318600
-0.0198572800
-0.0208357900
-0.0226603300
-0.0248519500
-0.0267115500
-0.0278377600
-0.0287245900
-0.0299320000
-0.0314961400
-0.0328525800
-0.0346097900
-0.0363288100
-0.0375997600
-0.0390565200
-0.0405497100
-0.0412801700
-0.0406861600
-0.0412053400
-0.0418367400
-0.0422690800
-0.0423681100
-0.0418828600
-0.0409162800
-0.0408862400
-0.0422255900
-0.0430291500
-0.0430695400
-0.0432719400
-0.0434513400
-0.0437360700
-0.0436187300
-0.0432572700
-0.0429568400
-0.0423928500
-0.0415057500
-0.0408149300
-0.0394891300
-0.0376030900
-0.0360767400
-0.0337564600
-0.0298968700
-0.0261752800
-0.0233007000
-0.0201145000
-0.0176457500
-0.0154901000
-0.0128898400
-0.0102166000
-0.0081489800
-0.0080552180
-0.0082022620
-0.0078477620
-0.0077125900
-0.0082711300
-0.0088118540
-0.0086964240
-0.0084135860
-0.0079868150
-0.0070255510
-0.0059081100
-0.0045979140
-0.0029096130
-0.0016025760
-0.0008651222
-0.0001534625
0.0013515420
0.0021881240
0.0022952430
0.0033204820
0.0039062170
0.0040904380
0.0047513880
0.0063482130
0.0088265220
0.0106039100
0.0125174000
0.0143708000
0.0160013800
0.0174247700
0.0183658900
0.0189605500
0.0188955200
0.0182146400
0.0171943400
0.0156374400
0.0142927300
0.0140295700
0.0141276000
0.0141256300
0.0141050200
0.0140588000
0.0139387300
0.0142543400
0.0152124700
0.0155017500
0.0152744300
0.0152644300
0.0160017000
0.0170045600
0.0173894700
0.0174572600
0.0169725800
0.0168152700
0.0171377100
0.0173171400
0.0175678500
0.0176358500
0.0172467500
0.0160062300
0.0142148300
0.0125722000
0.0121404900
0.0121862800
0.0121244800
0.0120410500
0.0119102500
0.0116743100
0.0121474500
0.0136132700
0.0143005700
0.0148508700
0.0153345500
0.0160468900
0.0170823200
0.0171464300
0.0169353100
0.0169460400
0.0163729700
0.0152826300
0.0142074400
0.0136704800
0.0130447500
0.0122281800
0.0116151800
0.0110505700
0.0103120900
0.0102063000
0.0102930400
0.0105030000
0.0108492300
0.0112055400
0.0112302200
0.0108149700
0.0108675300
0.0110682900
0.0109949400
0.0109299900
0.0109762000
0.0112872300
0.0111702300
0.0107870700
0.0104927000
0.0101202500
0.0093095600
0.0083709610
0.0077330730
0.0068962310
0.0061470420
0.0054105110
0.0044742970
0.0039485590
0.0039956590
0.0039404770
0.0037162830
0.0034941410
0.0033938730
0.0034307380
0.0033933040
0.0033811110
0.0033069470
0.0033334890
0.0034249820
0.0037095510
0.0040384600
0.0037878790
0.0036421460
0.0036617770
0.0034020810
0.0027679260
0.0019877420
0.0014709950
0.0011342350
0.0007878305
0.0007819902
0.0009921601
0.0011110900
0.0012365320
0.0012731320
0.0011123390
0.0007304292
0.0003707494
-0.0000994739
-0.0006960259
-0.0011713470
-0.0015119100
-0.0017445300
-0.0019039370
-0.0018340280
-0.0016364700
-0.0017415560
-0.0019463040
-0.0020542290
-0.0021746260
-0.0022841600
-0.0024470640
-0.0026289900
-0.0028680160
-0.0032202860
-0.0035465550
-0.0039185760
-0.0043355500
-0.0046549090
-0.0049391560
-0.0052420600
-0.0054670780
-0.0056288750
-0.0058012780
-0.0059638240
-0.0060268030
-0.0060565990
-0.0060720670
-0.0060908360
-0.0060469250
-0.0059261700
-0.0058123160
-0.0057263000
-0.0056247270
-0.0055411510
-0.0054705230
-0.0053752040
-0.0052542150
-0.0051549180
-0.0050554370
-0.0049231030
-0.0047830120
-0.0046378340
-0.0044823010
-0.0043457580
-0.0042211020
-0.0041040460
-0.0039970500
-0.0038922140
-0.0037977920
-0.0036931760
-0.0035980880
-0.0034989010
-0.0033923780
-0.0032746760
-0.0031494200
-0.0030420600
-0.0029354140
-0.0028308750
-0.0027203280
-0.0026102920
-0.0024957040
-0.0023777820
-0.0022685320
-0.0021649530
-0.0020635510
-0.0019666410
-0.0018729100
-0.0017764610
-0.0016837020
-0.0015952480
-0.0015088820
-0.0014247580
-0.0013431150
-0.0012611620
-0.0011786590
-0.0011017720
-0.0010283120
-0.0009570093
-0.0008873818
-0.0008197242
-0.0007547154
-0.0006901213
-0.0006250722
-0.0005613704
-0.0004994458
-0.0004383052
-0.0003775350
-0.0003178076
-0.0002588522
-0.0002005933
-0.0001433920
-0.0000872874
-0.0000321344
0.0000220851
0.0000754078
0.0001278072
0.0001793212
0.0002299893
0.0002798700
0.0003290147
0.0003774408
0.0004251802
0.0004722614
0.0005187050
0.0005645273
0.0006097387
0.0006543425
