-0.0000140850
-0.0000140390
-0.0000140346
-0.0000140184
-0.0000140014
-0.0000139977
-0.0000139975
-0.0000139833
-0.0000139898
-0.0000139730
-0.0000139726
-0.0000139829
-0.0000139813
-0.0000139682
-0.0000139600
-0.0000139689
-0.0000139651
-0.0000139593
-0.0000139983
-0.0000139879
-0.0000139521
-0.0000139601
-0.0000140026
-0.0000139258
-0.0000139088
-0.0000140722
-0.0000139024
-0.0000138815
-0.0000141004
-0.0000139026
-0.0000139777
-0.0000141477
-0.0000138946
-0.0000141085
-0.0000140845
-0.0000140259
-0.0000142549
-0.0000141162
-0.0000142485
-0.0000143143
-0.0000141950
-0.0000141603
-0.0000142205
-0.0000141756
-0.0000140467
-0.0000143406
-0.0000141747
-0.0000138849
-0.0000141350
-0.0000140913
-0.0000140905
-0.0000138661
-0.0000137313
-0.0000143593
-0.0000142062
-0.0000138931
-0.0000144209
-0.0000142594
-0.0000139911
-0.0000142839
-0.0000144081
-0.0000142210
-0.0000140008
-0.0000139173
-0.0000145956
-0.0000148400
-0.0000145325
-0.0000147839
-0.0000144223
-0.0000144579
-0.0000151141
-0.0000143534
-0.0000146339
-0.0000147819
-0.0000144089
-0.0000152864
-0.0000144071
-0.0000150715
-0.0000160317
-0.0000141376
-0.0000151146
-0.0000158756
-0.0000152086
-0.0000150313
-0.0000143201
-0.0000141081
-0.0000137327
-0.0000141391
-0.0000145264
-0.0000139652
-0.0000145466
-0.0000141696
-0.0000148075
-0.0000148022
-0.0000137290
-0.0000148432
-0.0000139176
-0.0000141718
-0.0000161135
-0.0000152122
-0.0000154273
-0.0000154876
-0.0000152319
-0.0000146939
-0.0000144627
-0.0000149766
-0.0000147727
-0.0000155900
-0.0000147799
-0.0000153915
-0.0000166003
-0.0000154660
-0.0000157274
-0.0000154987
-0.0000154771
-0.0000155064
-0.0000162276
-0.0000165419
-0.0000152967
-0.0000159038
-0.0000149471
-0.0000156433
-0.0000148933
-0.0000135070
-0.0000152539
-0.0000138821
-0.0000153158
-0.0000165804
-0.0000149837
-0.0000142032
-0.0000153999
-0.0000150145
-0.0000150286
-0.0000149625
-0.0000151194
-0.0000175339
-0.0000151226
-0.0000167882
-0.0000163625
-0.0000151451
-0.0000181576
-0.0000151538
-0.0000164053
-0.0000169515
-0.0000160667
-0.0000164153
-0.0000146628
-0.0000164247
-0.0000150953
-0.0000170371
-0.0000170318
-0.0000151216
-0.0000169916
-0.0000135206
-0.0000138624
-0.0000139378
-0.0000133585
-0.0000149368
-0.0000161528
-0.0000177291
-0.0000161365
-0.0000172482
-0.0000172084
-0.0000149992
-0.0000178048
-0.0000167038
-0.0000149060
-0.0000166601
-0.0000173362
-0.0000172953
-0.0000148569
-0.0000135849
-0.0000154612
-0.0000141381
-0.0000129455
-0.0000159878
-0.0000148367
-0.0000146950
-0.0000147397
-0.0000153823
-0.0000153254
-0.0000140679
-0.0000152617
-0.0000139996
-0.0000159817
-0.0000173535
-0.0000160006
-0.0000180546
-0.0000173531
-0.0000159783
-0.0000172712
-0.0000159740
-0.0000165331
-0.0000151689
-0.0000143161
-0.0000128017
-0.0000143609
-0.0000156275
-0.0000105588
-0.0000140635
-0.0000149615
-0.0000133293
-0.0000140064
-0.0000164523
-0.0000169955
-0.0000116868
-0.0000170139
-0.0000170156
-0.0000123333
-0.0000152109
-0.0000122034
-0.0000169323
-0.0000175998
-0.0000120953
-0.0000208311
-0.0000176850
-0.0000117863
-0.0000157963
-0.0000142380
-0.0000140630
-0.0000140600
-0.0000114136
-0.0000096275
-0.0000086617
-0.0000103984
-0.0000128096
-0.0000102637
-0.0000100502
-0.0000109427
-0.0000117139
-0.0000098342
-0.0000098516
-0.0000141362
-0.0000096466
-0.0000077700
-0.0000139666
-0.0000149045
-0.0000138586
-0.0000157034
-0.0000155432
-0.0000128283
-0.0000163839
-0.0000153693
-0.0000107613
-0.0000152386
-0.0000142774
-0.0000114767
-0.0000130794
-0.0000103856
-0.0000139402
-0.0000109985
-0.0000063027
-0.0000155638
-0.0000156462
-0.0000117135
-0.0000124737
-0.0000106621
-0.0000093424
-0.0000065605
-0.0000101637
-0.0000111573
-0.0000090523
-0.0000109359
-0.0000127668
-0.0000117273
-0.0000126052
-0.0000114504
-0.0000074579
-0.0000122953
-0.0000120423
-0.0000072648
-0.0000147818
-0.0000099067
-0.0000057542
-0.0000125647
-0.0000085002
-0.0000033914
-0.0000092074
-0.0000101453
-0.0000070429
-0.0000088412
-0.0000108463
-0.0000126789
-0.0000095246
-0.0000074476
-0.0000102169
-0.0000092306
-0.0000089848
-0.0000068576
-0.0000078020
-0.0000115932
-0.0000075331
-0.0000083528
-0.0000101888
-0.0000050897
-0.0000048310
-0.0000068011
-0.0000076347
-0.0000085445
-0.0000094053
-0.0000082205
-0.0000071119
-0.0000058514
-0.0000006932
-0.0000025722
-0.0000043222
-0.0000034740
-0.0000069698
-0.0000021809
-0.0000057719
-0.0000037208
-0.0000005918
-0.0000052986
-0.0000034092
-0.0000071023
-0.0000080691
-0.0000069356
-0.0000086793
-0.0000087239
-0.0000114340
-0.0000083709
-0.0000061060
-0.0000059350
-0.0000027623
-0.0000015228
-0.0000045365
-0.0000031419
0.0000038886
-0.0000008331
0.0000023601
0.0000063951
-0.0000022812
0.0000026736
0.0000039872
-0.0000008727
0.0000000970
-0.0000005106
0.0000014858
-0.0000023210
-0.0000031597
0.0000009726
-0.0000027951
-0.0000047614
-0.0000045961
-0.0000033076
-0.0000012769
-0.0000039875
0.0000001713
0.0000023428
-0.0000003837
0.0000016199
0.0000009550
0.0000030591
0.0000032336
0.0000035223
0.0000096518
0.0000068897
0.0000060730
0.0000070676
0.0000034999
0.0000063261
0.0000048442
0.0000078215
0.0000050115
0.0000022439
0.0000103931
0.0000055652
-0.0000013199
0.0000016926
0.0000031938
0.0000040333
0.0000004731
0.0000065249
0.0000067422
0.0000030181
0.0000069563
0.0000054619
0.0000073697
0.0000046716
0.0000058711
0.0000078981
0.0000043328
0.0000082330
0.0000035538
0.0000047119
0.0000108628
0.0000072380
0.0000081608
0.0000085838
0.0000096184
0.0000088810
0.0000080196
0.0000061391
0.0000043661
0.0000085333
0.0000108702
0.0000078405
0.0000082806
0.0000153402
0.0000085733
0.0000077876
0.0000138397
0.0000082930
0.0000112157
0.0000126299
0.0000127946
0.0000128790
0.0000122840
0.0000142058
0.0000086033
0.0000116585
0.0000108169
0.0000082044
0.0000172234
0.0000136422
0.0000127039
0.0000148645
0.0000101589
0.0000132333
0.0000135291
0.0000106792
0.0000118447
0.0000100462
0.0000102614
0.0000155113
0.0000147002
0.0000118927
0.0000150764
0.0000153266
0.0000145165
0.0000166833
0.0000190407
0.0000211619
0.0000163184
0.0000176304
0.0000226739
0.0000170889
0.0000190351
0.0000193945
0.0000185744
0.0000196799
0.0000169999
0.0000180450
0.0000183769
0.0000195294
0.0000187253
0.0000169460
0.0000149451
0.0000154179
0.0000214249
0.0000157757
0.0000179155
0.0000262298
0.0000224870
0.0000205502
0.0000239101
0.0000229872
0.0000192486
0.0000265490
0.0000266478
0.0000189735
0.0000249984
0.0000233668
0.0000204847
0.0000257285
0.0000239621
0.0000231935
0.0000273820
0.0000246433
0.0000238231
0.0000249641
0.0000222693
0.0000244008
0.0000236304
0.0000229106
0.0000249876
0.0000233902
0.0000274964
0.0000257404
0.0000240097
0.0000291278
0.0000255055
0.0000235224
0.0000248517
0.0000281487
0.0000282434
0.0000256078
0.0000317457
0.0000310280
0.0000282417
0.0000334418
0.0000327098
0.0000309031
0.0000341000
0.0000333842
0.0000314937
0.0000317579
0.0000329518
0.0000311246
0.0000314323
0.0000303992
0.0000279053
0.0000348781
0.0000302579
0.0000304515
0.0000334937
0.0000259308
0.0000298442
0.0000302990
0.0000325418
0.0000345661
0.0000331674
0.0000399761
0.0000356554
0.0000375128
0.0000358809
0.0000351395
0.0000392277
0.0000335725
0.0000356676
0.0000390081
0.0000351471
0.0000353948
0.0000375831
0.0000337883
0.0000361039
0.0000402227
0.0000355707
0.0000376697
0.0000368990
0.0000341688
0.0000382778
0.0000356056
0.0000347299
0.0000379990
0.0000393000
0.0000394449
0.0000376906
0.0000389116
0.0000391006
0.0000353072
0.0000375464
0.0000397349
0.0000380623
0.0000411797
0.0000415321
0.0000427509
0.0000429226
0.0000391839
0.0000403192
0.0000406115
0.0000397816
0.0000420666
0.0000443191
0.0000425041
0.0000417322
0.0000449808
0.0000462611
0.0000444179
0.0000446864
0.0000468887
0.0000451527
0.0000432352
0.0000466656
0.0000487240
0.0000409796
0.0000452418
0.0000493708
0.0000417523
0.0000457257
0.0000471798
0.0000473481
0.0000464182
0.0000448831
0.0000519224
0.0000462201
0.0000454444
0.0000525513
0.0000480228
0.0000489352
0.0000493840
0.0000494942
0.0000487133
0.0000490097
0.0000521642
0.0000504639
0.0000526967
0.0000517881
0.0000471148
0.0000542928
0.0000535032
0.0000498343
0.0000558720
0.0000491790
0.0000494037
0.0000554946
0.0000499724
0.0000539611
0.0000522385
0.0000505713
0.0000566058
0.0000489795
0.0000479692
0.0000554437
0.0000555720
0.0000507645
0.0000560918
0.0000592265
0.0000514826
0.0000546113
0.0000568948
0.0000531575
0.0000552480
0.0000555861
0.0000578049
0.0000599988
0.0000593255
0.0000614256
0.0000607328
0.0000650605
0.0000640313
0.0000554359
0.0000613605
0.0000618811
0.0000598806
0.0000591427
0.0000573003
0.0000574694
0.0000619001
0.0000628656
0.0000562935
0.0000623141
0.0000626522
0.0000619614
0.0000659339
0.0000583501
0.0000582718
0.0000586248
0.0000588561
0.0000609350
0.0000593279
0.0000633988
0.0000637653
0.0000628900
0.0000620322
0.0000623997
0.0000633774
0.0000577106
0.0000649642
0.0000680699
0.0000594262
0.0000674454
0.0000698670
0.0000660379
0.0000660242
0.0000655349
0.0000715163
0.0000699574
0.0000700267
0.0000691662
0.0000675209
0.0000705080
0.0000648388
0.0000659463
0.0000681188
0.0000644237
0.0000685310
0.0000667468
0.0000660545
0.0000710506
0.0000675457
0.0000694384
0.0000688451
0.0000689455
0.0000681078
0.0000643224
0.0000685369
0.0000676503
0.0000629333
0.0000690212
0.0000693562
0.0000674893
0.0000696279
0.0000699312
0.0000751599
0.0000752845
0.0000705489
0.0000746217
0.0000728773
0.0000700441
0.0000741818
0.0000735022
0.0000704950
0.0000697648
0.0000750121
0.0000751197
0.0000714054
0.0000744054
0.0000727512
0.0000748950
0.0000749806
0.0000733995
0.0000782963
0.0000716815
0.0000727252
0.0000748707
0.0000701952
0.0000741406
0.0000745916
0.0000766575
0.0000758334
0.0000740806
0.0000771253
0.0000754606
0.0000775243
0.0000787748
0.0000758868
0.0000750360
0.0000772715
0.0000783991
0.0000776532
0.0000776890
0.0000759711
0.0000770197
0.0000752135
0.0000754161
0.0000785267
0.0000757517
0.0000768808
0.0000811306
0.0000792389
0.0000784609
0.0000825551
0.0000839340
0.0000849223
0.0000821771
0.0000843060
0.0000854683
0.0000806302
0.0000817146
0.0000839841
0.0000810296
0.0000771461
0.0000803966
0.0000803922
0.0000767442
0.0000847673
0.0000830416
0.0000801755
0.0000831603
0.0000774755
0.0000773816
0.0000797236
0.0000818228
0.0000829937
0.0000831913
0.0000821979
0.0000804487
0.0000835015
0.0000816893
0.0000828779
0.0000869407
0.0000831971
0.0000831598
0.0000833914
0.0000845478
0.0000866398
0.0000848320
0.0000859208
0.0000840008
0.0000843035
0.0000882035
0.0000836299
0.0000833708
0.0000817828
0.0000868368
0.0000848982
0.0000791499
0.0000871004
0.0000865069
0.0000844221
0.0000856598
0.0000868157
0.0000837591
0.0000831212
0.0000910741
0.0000884318
0.0000904524
0.0000925569
0.0000867573
0.0000876624
0.0000869490
0.0000859272
0.0000840337
0.0000852279
0.0000892992
0.0000854502
0.0000834542
0.0000866419
0.0000877499
0.0000879019
0.0000889759
0.0000881205
0.0000892507
0.0000882343
0.0000854694
0.0000894208
0.0000886828
0.0000907625
0.0000917683
0.0000901126
0.0000928971
0.0000861911
0.0000891730
0.0000912456
0.0000865058
0.0000902997
0.0000887439
0.0000895084
0.0000877905
0.0000898580
0.0000898151
0.0000850651
0.0000899500
0.0000892295
0.0000902586
0.0000912682
0.0000884774
0.0000934680
0.0000936595
0.0000906445
0.0000927742
0.0000928144
0.0000909582
0.0000929395
0.0000931485
0.0000931285
0.0000922483
0.0000912643
0.0000923931
0.0000934491
0.0000915197
0.0000905453
0.0000916551
0.0000896231
0.0000888018
0.0000938136
0.0000919284
0.0000920059
0.0000981192
0.0000941384
0.0000901665
0.0000952188
0.0000922510
0.0000903853
0.0000952805
0.0000925813
0.0000944318
0.0000925473
0.0000895866
0.0000925790
0.0000896499
0.0000917891
0.0000967370
0.0000919236
0.0000938363
0.0000949345
0.0000941113
0.0000928069
0.0000861332
0.0000919066
0.0000880607
0.0000850988
0.0000920123
0.0000893185
0.0000890351
0.0000893237
0.0000922123
0.0000913095
0.0000934482
0.0000952470
0.0000916159
0.0000972551
0.0000956966
0.0000984360
0.0000996368
0.0000975920
0.0000954861
0.0000946534
0.0000985068
0.0000977614
0.0001006377
0.0000987069
0.0000956781
0.0000965847
0.0000957439
0.0000955295
0.0000947826
0.0000975613
0.0000937212
0.0000936500
0.0000904264
0.0000898844
0.0000973398
0.0000848017
0.0000914652
0.0000945593
0.0000888173
0.0000953054
0.0000899023
0.0000954681
0.0000926629
0.0000917477
0.0000995079
0.0000928629
0.0000975488
0.0000997450
0.0000977802
0.0000985381
0.0000927108
0.0000934713
0.0000904924
0.0000926340
0.0001004679
0.0000936408
0.0000944308
0.0000954207
0.0000914897
0.0000952769
0.0000934245
0.0000953697
0.0000972810
0.0000923477
0.0000921065
0.0000881156
0.0000891129
0.0000929968
0.0000829256
0.0000766989
0.0000775618
0.0000859413
0.0001007919
0.0000980743
0.0000947084
0.0000916502
0.0000978515
0.0001159535
0.0001088495
0.0000997074
0.0001341707
0.0002024216
0.0003096434
0.0004398833
0.0004846919
0.0004042426
0.0002705066
0.0001183704
-0.0000404023
-0.0001989220
-0.0003926277
-0.0005433188
-0.0005470352
-0.0004230385
-0.0002411878
-0.0001114395
-0.0000053473
0.0001593258
0.0003740716
0.0005374429
0.0004482560
0.0000613102
-0.0004517408
-0.0007629717
-0.0007829764
-0.0007356283
-0.0006345675
-0.0004850284
-0.0002654131
-0.0000515869
-0.0001107806
-0.0003787398
-0.0008695245
-0.0013890520
-0.0014093180
-0.0009120197
-0.0001004060
0.0005030328
0.0005900859
0.0005225678
0.0004156587
0.0005238722
0.0008367970
0.0008595564
0.0005203667
-0.0001518393
-0.0007596644
-0.0009113279
-0.0006275016
-0.0000557165
0.0002781802
0.0003186136
0.0001577540
-0.0003324439
-0.0010654780
-0.0021251590
-0.0030003170
-0.0028007660
-0.0012835330
0.0008618685
0.0023196910
0.0029632230
0.0033420440
0.0032453910
0.0025504340
0.0012022860
-0.0006548435
-0.0021277070
-0.0025515620
-0.0024755410
-0.0028304370
-0.0034009810
-0.0031739550
-0.0016597000
0.0002662911
0.0011518520
0.0007846107
-0.0000865562
-0.0007131482
-0.0008009737
-0.0008498548
-0.0010220800
-0.0006760792
0.0005349673
0.0022482600
0.0030027950
0.0017544710
-0.0003866092
-0.0016789460
-0.0014817720
-0.0011716580
-0.0018056310
-0.0025179160
-0.0027153500
-0.0018532940
-0.0000520691
0.0013957290
0.0022507630
0.0028751900
0.0030630170
0.0028521760
0.0027436750
0.0025558820
0.0019177980
0.0011360490
0.0005089907
0.0002808404
-0.0000790717
-0.0011016280
-0.0022752350
-0.0034820460
-0.0041319200
-0.0034416240
-0.0021962810
-0.0015507530
-0.0022707630
-0.0035689520
-0.0034722400
-0.0013578980
0.0021103420
0.0042766190
0.0035289540
0.0017832800
-0.0004470796
-0.0024669300
-0.0020869970
0.0003085700
0.0026522430
0.0027284690
-0.0002049633
-0.0047071560
-0.0095223930
-0.0130928300
-0.0134072300
-0.0107601900
-0.0063920130
-0.0014492060
0.0020940250
0.0034135340
0.0028453640
0.0009038444
-0.0010157310
-0.0014585940
-0.0006728691
0.0007945484
0.0027462440
0.0041587290
0.0042620430
0.0027553570
-0.0002587565
-0.0044299180
-0.0087458860
-0.0101954500
-0.0067104910
-0.0003152472
0.0054066700
0.0071488950
0.0045262250
0.0017457630
0.0012659480
0.0030725360
0.0055323970
0.0055661670
0.0036428830
0.0010088280
-0.0025427120
-0.0054384350
-0.0050620730
-0.0018327790
0.0016646100
0.0046532500
0.0066384560
0.0068460920
0.0053742720
0.0024516890
-0.0012521070
-0.0039880290
-0.0051769450
-0.0055334580
-0.0047826420
-0.0038243020
-0.0036422150
-0.0033094740
-0.0032748330
-0.0052069040
-0.0084209220
-0.0103678700
-0.0096938770
-0.0064841090
-0.0022269180
0.0010565550
0.0024569480
0.0026118550
0.0025182870
0.0015789830
-0.0003714977
-0.0038688440
-0.0084804830
-0.0102311800
-0.0071462620
0.0004900866
0.0099507410
0.0175021600
0.0211078400
0.0172118300
0.0077303270
-0.0022933530
-0.0112490700
-0.0161122400
-0.0172401900
-0.0158957600
-0.0105435100
-0.0005649911
0.0114381100
0.0174086300
0.0162812600
0.0117896100
0.0047567260
0.0010460130
0.0029821430
0.0075684140
0.0134638700
0.0183078300
0.0195338700
0.0162826100
0.0099494690
0.0007194585
-0.0095975750
-0.0148092000
-0.0145162200
-0.0120275400
-0.0078225650
-0.0048176830
-0.0048436960
-0.0051314330
-0.0027351510
0.0021143920
0.0044566750
0.0027324980
-0.0013516850
-0.0075131300
-0.0110135400
-0.0094143600
-0.0067373790
-0.0039347450
0.0001943997
0.0050727230
0.0098938440
0.0123182000
0.0103284600
0.0045838870
-0.0048709340
-0.0157373000
-0.0233511600
-0.0256722100
-0.0206428800
-0.0100549900
-0.0019838580
0.0018621710
0.0054795040
0.0078788140
0.0065625140
0.0029295500
0.0018491630
0.0057962310
0.0134223300
0.0233509800
0.0316252300
0.0346399100
0.0321094000
0.0241159900
0.0119188900
-0.0009314310
-0.0107426200
-0.0149837500
-0.0134507700
-0.0103107200
-0.0080144950
-0.0045587310
0.0002278077
0.0034659990
0.0047404210
0.0066847790
0.0090398950
0.0112539800
0.0138142600
0.0169130200
0.0204036700
0.0207202800
0.0167059600
0.0110281800
0.0048219650
-0.0012735780
-0.0075720060
-0.0138445200
-0.0172381400
-0.0165172000
-0.0119122600
-0.0068196360
-0.0075659340
-0.0127310700
-0.0190756600
-0.0263442500
-0.0296413000
-0.0261629400
-0.0185062200
-0.0100785700
-0.0026428660
0.0045111440
0.0105945900
0.0130009900
0.0098993820
0.0013577150
-0.0091717360
-0.0170409500
-0.0203988000
-0.0195935200
-0.0168963800
-0.0135553200
-0.0080012490
-0.0017499330
0.0019301440
0.0002754919
-0.0064100030
-0.0118140700
-0.0113095800
-0.0042622170
0.0075287900
0.0194725000
0.0275319700
0.0295197400
0.0259738800
0.0193221800
0.0114649700
0.0046784220
-0.0000000461
-0.0021265410
-0.0008319703
0.0028455470
0.0085663180
0.0149301700
0.0189262300
0.0201271900
0.0187870900
0.0142493400
0.0077634200
0.0032981180
0.0022203230
0.0040742450
0.0092626250
0.0144785200
0.0147732600
0.0092429290
-0.0011847370
-0.0154566900
-0.0280606700
-0.0315760500
-0.0254923100
-0.0166817200
-0.0094577600
-0.0037141150
-0.0010796630
-0.0012275290
-0.0019290290
-0.0014158310
0.0017891220
0.0056309560
0.0084893590
0.0101488300
0.0087237190
0.0039611780
-0.0026860790
-0.0101764200
-0.0148870600
-0.0150418500
-0.0141016300
-0.0121127500
-0.0082553710
-0.0046971210
-0.0016096530
0.0027929820
0.0085223670
0.0122643100
0.0125634200
0.0110051300
0.0084799060
0.0062599750
0.0058371700
0.0058815040
0.0058284870
0.0062821120
0.0044396180
0.0003697316
-0.0034817410
-0.0078811310
-0.0120253000
-0.0156321100
-0.0192335000
-0.0191873500
-0.0150824600
-0.0101637600
-0.0068292710
-0.0062739720
-0.0049294800
-0.0016650330
0.0014095520
0.0031656220
0.0029308100
0.0032696150
0.0045593510
0.0055829730
0.0067570210
0.0083072440
0.0105554000
0.0118166100
0.0103002200
0.0070277270
0.0038804230
0.0017284770
0.0018496740
0.0033352370
0.0037784990
0.0051066140
0.0086902340
0.0113631300
0.0084340010
-0.0009701060
-0.0129699200
-0.0244289900
-0.0314892400
-0.0310236000
-0.0244428500
-0.0146865600
-0.0048816200
0.0024618810
0.0033188680
-0.0045260150
-0.0166172000
-0.0284877900
-0.0352018900
-0.0316669300
-0.0185942700
-0.0010261480
0.0140327100
0.0217940900
0.0225213500
0.0179448600
0.0076213750
-0.0044584460
-0.0111144800
-0.0132995700
-0.0123471400
-0.0067460930
0.0002863301
0.0060968360
0.0133052500
0.0229195200
0.0304072800
0.0337519700
0.0326906300
0.0258065700
0.0168545800
0.0112724400
0.0100049800
0.0118037200
0.0151783300
0.0173013100
0.0156023800
0.0102396000
0.0023380390
-0.0074168530
-0.0154962900
-0.0191460400
-0.0197305000
-0.0163872200
-0.0096553310
-0.0024796000
0.0045385290
0.0091745350
0.0109468900
0.0124527200
0.0125601700
0.0086003050
0.0019860220
-0.0040224910
-0.0099518820
-0.0151291600
-0.0162704400
-0.0165591900
-0.0195090600
-0.0243581000
-0.0311837700
-0.0385924000
-0.0451255500
-0.0499113400
-0.0517181900
-0.0493315100
-0.0412326500
-0.0303782700
-0.0209401800
-0.0125498400
-0.0053765330
-0.0044060930
-0.0111242700
-0.0175919000
-0.0194608100
-0.0178407100
-0.0103546800
0.0020397290
0.0142774700
0.0227340800
0.0250761900
0.0215136500
0.0144523900
0.0103340700
0.0131062900
0.0197894100
0.0311600300
0.0456829700
0.0556130600
0.0597039400
0.0594235300
0.0533755100
0.0441460000
0.0374174300
0.0341405800
0.0321335100
0.0313053100
0.0314217200
0.0298109100
0.0235230700
0.0140220100
0.0039159850
-0.0071501440
-0.0170136200
-0.0232443500
-0.0260302900
-0.0272964600
-0.0284936800
-0.0268840800
-0.0215572500
-0.0146822600
-0.0075520930
-0.0022154810
-0.0019680850
-0.0074134080
-0.0150523800
-0.0224269700
-0.0283686600
-0.0297137700
-0.0264888900
-0.0243128200
-0.0254010100
-0.0278576100
-0.0299178600
-0.0302886200
-0.0290018000
-0.0238590000
-0.0133640200
-0.0018915110
0.0047943830
0.0053283010
0.0037727030
0.0033234290
0.0043692190
0.0078056890
0.0127391600
0.0161645300
0.0170907700
0.0165694000
0.0143271300
0.0098040900
0.0032302790
-0.0044920350
-0.0086631490
-0.0066152000
-0.0019887310
0.0026925640
0.0067212530
0.0090782680
0.0095629170
0.0085273720
0.0064160310
0.0028146770
-0.0019620880
-0.0061277710
-0.0080377700
-0.0058232530
-0.0008028267
0.0047432840
0.0105465600
0.0124333800
0.0102745800
0.0069916490
-0.0014439520
-0.0138341100
-0.0238519300
-0.0287131400
-0.0242357300
-0.0095844430
0.0071928460
0.0197890200
0.0309627700
0.0414753200
0.0471821100
0.0503361100
0.0536255800
0.0558413600
0.0573841200
0.0582983700
0.0596193600
0.0603074800
0.0562262900
0.0466183100
0.0341182500
0.0232739600
0.0152595900
0.0091462800
0.0058856010
0.0015988850
-0.0053803240
-0.0141685800
-0.0260819200
-0.0347324900
-0.0397866900
-0.0473565500
-0.0509630300
-0.0460025000
-0.0394518400
-0.0366545400
-0.0390999600
-0.0436890100
-0.0413603000
-0.0313469000
-0.0197884500
-0.0092610150
-0.0006188339
0.0067364660
0.0126785700
0.0181626700
0.0237394000
0.0272646600
0.0281666100
0.0286905500
0.0317892000
0.0345195400
0.0351565500
0.0393357100
0.0481584800
0.0566786900
0.0608598900
0.0588092800
0.0499321700
0.0369574900
0.0238102400
0.0109411300
-0.0003421148
-0.0063457320
-0.0066861280
-0.0045285410
-0.0007993343
0.0036335410
0.0087647230
0.0153680000
0.0150384300
0.0045054480
-0.0086803300
-0.0237973900
-0.0405883100
-0.0549455300
-0.0659629600
-0.0712407100
-0.0679539400
-0.0591891200
-0.0480853300
-0.0345943700
-0.0201110600
-0.0075950040
-0.0003273009
0.0036976790
0.0073797610
0.0102142300
0.0155325800
0.0208055100
0.0218062300
0.0218153500
0.0203872800
0.0158833100
0.0096994210
0.0040470910
-0.0008399654
-0.0036820050
-0.0018919780
0.0003349540
0.0030009560
0.0076478070
0.0080319610
0.0061183910
0.0028001780
-0.0097611970
-0.0298070100
-0.0514851100
-0.0683785900
-0.0721308800
-0.0626370500
-0.0444252200
-0.0242894100
-0.0062702980
0.0109468800
0.0221388600
0.0275347600
0.0331439200
0.0344559900
0.0327664000
0.0340934800
0.0352195600
0.0387527600
0.0488926500
0.0586300700
0.0656554000
0.0686760500
0.0642532000
0.0574834600
0.0508983400
0.0384055800
0.0207961600
0.0087358950
-0.0008305702
-0.0124482800
-0.0226955700
-0.0210443500
-0.0192029700
-0.0394393300
-0.0405460300
-0.0280700200
-0.0411693000
-0.0493877400
-0.0546535500
-0.0666618100
-0.0712380900
-0.0712289900
-0.0691008300
-0.0660647600
-0.0555350200
-0.0417750600
-0.0323238600
-0.0232284600
-0.0199204000
-0.0195980900
-0.0162908700
-0.0125248500
-0.0031903890
0.0105056800
0.0245010400
0.0414215400
0.0552714700
0.0564056800
0.0451889800
0.0284631700
0.0099149390
-0.0078913680
-0.0228689300
-0.0331125300
-0.0401183500
-0.0462149700
-0.0452823000
-0.0373912600
-0.0273450500
-0.0160776000
-0.0072414120
-0.0022237860
0.0015097300
0.0017320520
-0.0035472280
-0.0065915900
-0.0078379880
-0.0095678300
-0.0111678900
-0.0192073000
-0.0254374500
-0.0213678800
-0.0089599780
0.0099801450
0.0288643200
0.0457230700
0.0615573800
0.0722559000
0.0752230300
0.0721050600
0.0658544900
0.0623258200
0.0627210000
0.0658322700
0.0721163700
0.0767714000
0.0758998300
0.0675009000
0.0556625000
0.0468436100
0.0395128700
0.0329490800
0.0299000000
0.0271009500
0.0183244000
0.0065283950
-0.0050006740
-0.0185574700
-0.0362504500
-0.0544038100
-0.0694854800
-0.0836367100
-0.0891231600
-0.0880561600
-0.0924906400
-0.0973688400
-0.0974998300
-0.0936885000
-0.0868832400
-0.0777750900
-0.0703339600
-0.0674698700
-0.0638311900
-0.0590404300
-0.0550953900
-0.0507222300
-0.0432767900
-0.0303116400
-0.0158573200
-0.0046879310
0.0026402940
0.0079929170
0.0137290200
0.0199180400
0.0267674600
0.0366030800
0.0490495300
0.0611941200
0.0671094100
0.0614515300
0.0512861200
0.0420283900
0.0311955400
0.0223287300
0.0174060600
0.0142765500
0.0109094400
0.0064745660
0.0010713810
-0.0073575560
-0.0180503000
-0.0313417600
-0.0449111500
-0.0552335600
-0.0600799900
-0.0489222900
-0.0298708500
-0.0199619300
-0.0137762500
-0.0082569470
-0.0081830460
-0.0092425940
-0.0071545230
-0.0038528720
0.0041527540
0.0192754800
0.0379452800
0.0568537900
0.0691083200
0.0723208900
0.0688290100
0.0595894300
0.0471127100
0.0334121900
0.0215192300
0.0140561800
0.0121619300
0.0159122700
0.0220942700
0.0279606900
0.0308616300
0.0295084400
0.0258405600
0.0203843400
0.0133571100
0.0064583090
0.0002393286
-0.0054476680
-0.0094785680
-0.0121480900
-0.0140445100
-0.0158874600
-0.0197132400
-0.0232981500
-0.0268309600
-0.0327595000
-0.0347350900
-0.0303766100
-0.0253036600
-0.0206915500
-0.0172239000
-0.0162108700
-0.0179564400
-0.0235371500
-0.0303985800
-0.0356313900
-0.0391267600
-0.0380988800
-0.0300143800
-0.0197479400
-0.0137520600
-0.0147568700
-0.0217894700
-0.0301026800
-0.0389846600
-0.0478022000
-0.0509898000
-0.0482160200
-0.0426004400
-0.0356420900
-0.0274621900
-0.0208917800
-0.0185863600
-0.0147648300
-0.0082707560
-0.0015329060
0.0072559740
0.0201704200
0.0351966800
0.0432246900
0.0461663600
0.0456967400
0.0366892400
0.0265513200
0.0178416700
0.0089342010
0.0036852480
0.0030008380
0.0058525960
0.0105284600
0.0154908100
0.0191778400
0.0215049200
0.0242788400
0.0293881200
0.0363997200
0.0445681200
0.0544914200
0.0632981300
0.0697571700
0.0726010000
0.0672131600
0.0570402600
0.0476449900
0.0371612900
0.0272403900
0.0235373400
0.0232209300
0.0222270700
0.0236434200
0.0252603500
0.0236370200
0.0209396800
0.0183229300
0.0147695500
0.0078606580
0.0033409620
0.0038400110
0.0044729590
0.0067166170
0.0090974290
0.0091860270
0.0050346190
-0.0022957090
-0.0109377100
-0.0227040900
-0.0313354000
-0.0364466100
-0.0442608200
-0.0537103800
-0.0634010500
-0.0769139100
-0.0934497800
-0.1112365000
-0.1297322000
-0.1327320000
-0.1217892000
-0.1145949000
-0.1043446000
-0.0896960000
-0.0773521700
-0.0648395000
-0.0527459900
-0.0415297100
-0.0313368700
-0.0212572300
-0.0104506300
0.0009870544
0.0149261900
0.0293910800
0.0484617700
0.0700640400
0.0870765100
0.1089342000
0.1254724000
0.1266884000
0.1251612000
0.1174003000
0.1068105000
0.1016323000
0.0979163300
0.0985797700
0.1030687000
0.1083178000
0.1148904000
0.1206839000
0.1232306000
0.1230892000
0.1202009000
0.1107472000
0.0981035900
0.0846212500
0.0719885500
0.0620369900
0.0525401300
0.0499407500
0.0407180100
0.0318703000
0.0197442800
-0.0211011600
-0.0592405400
-0.0949469100
-0.0954370900
-0.0649606000
-0.0727992500
-0.0675699000
-0.0553836500
-0.0734955900
-0.0874654600
-0.0969121900
-0.1054275000
-0.1036250000
-0.1006744000
-0.1072294000
-0.1041228000
-0.0953233800
-0.0876360800
-0.0753387600
-0.0667909600
-0.0586736500
-0.0580789000
-0.0619709500
-0.0645248800
-0.0681501300
-0.0652725300
-0.0603137700
-0.0544975300
-0.0462618100
-0.0381940000
-0.0282659700
-0.0172297900
-0.0069749410
0.0020253340
0.0090156050
0.0113989000
0.0098832430
0.0090359640
0.0100561400
0.0112328900
0.0112687300
0.0108371600
0.0121469000
0.0146689400
0.0146415500
0.0140617800
0.0166263900
0.0211111300
0.0277066300
0.0361906500
0.0452213900
0.0534481800
0.0598716600
0.0641232800
0.0658305300
0.0657095400
0.0641254900
0.0644166700
0.0644655400
0.0611868600
0.0623793600
0.0678707900
0.0720992200
0.0748537300
0.0757176300
0.0742120300
0.0703394400
0.0703678700
0.0765303200
0.0825716200
0.0876952900
0.0891696300
0.0917482100
0.1007070000
0.0996136300
0.0893258000
0.0751994000
0.0449037900
0.0080784280
-0.0241404000
-0.0551582600
-0.0833219300
-0.1042008000
-0.1208432000
-0.1332611000
-0.1385114000
-0.1456409000
-0.1562026000
-0.1771599000
-0.1981015000
-0.1979708000
-0.2009124000
-0.2081290000
-0.2069600000
-0.2086863000
-0.2075152000
-0.2036970000
-0.2003923000
-0.1903031000
-0.1744693000
-0.1584845000
-0.1438974000
-0.1286235000
-0.1140840000
-0.1008697000
-0.0858035500
-0.0683049800
-0.0480807100
-0.0256824400
-0.0050844670
0.0139870700
0.0327412700
0.0496367100
0.0663708000
0.0835059100
0.1018929000
0.1184218000
0.1309758000
0.1443549000
0.1526783000
0.1549384000
0.1563926000
0.1576842000
0.1621397000
0.1644107000
0.1645498000
0.1696355000
0.1747418000
0.1753278000
0.1732789000
0.1708367000
0.1719341000
0.1762941000
0.1771627000
0.1727212000
0.1618099000
0.1434681000
0.1234803000
0.1067364000
0.0932524500
0.0794534600
0.0653900400
0.0534423600
0.0422065700
0.0312665800
0.0203605400
0.0066383880
-0.0102009600
-0.0303705600
-0.0572532600
-0.0852081300
-0.1110688000
-0.1432510000
-0.1737184000
-0.1883506000
-0.2013461000
-0.2238714000
-0.2390385000
-0.2454044000
-0.2558877000
-0.2667583000
-0.2711642000
-0.2750591000
-0.2810704000
-0.2782325000
-0.2693649000
-0.2608223000
-0.2453576000
-0.2239164000
-0.2024236000
-0.1801858000
-0.1568336000
-0.1361203000
-0.1168549000
-0.0981217000
-0.0818348300
-0.0658192600
-0.0471562100
-0.0239045300
0.0065261710
0.0446857200
0.0800715500
0.1165558000
0.1596809000
0.1980880000
0.2347739000
0.2618992000
0.2715821000
0.2735100000
0.2683245000
0.2589667000
0.2487409000
0.2419458000
0.2417860000
0.2415399000
0.2397729000
0.2368233000
0.2291792000
0.2140050000
0.1913803000
0.1678586000
0.1477881000
0.1323865000
0.1223177000
0.1155616000
0.1096746000
0.1001890000
0.0889578700
0.0746543900
0.0556027900
0.0325377000
0.0045919110
-0.0243832100
-0.0624612900
-0.1016872000
-0.1615671000
-0.2273993000
-0.2267895000
-0.2233184000
-0.2459541000
-0.2329646000
-0.2120824000
-0.1986521000
-0.1785608000
-0.1539568000
-0.1291255000
-0.1039547000
-0.0811790800
-0.0738014400
-0.0688691000
-0.0617098700
-0.0637793200
-0.0589121300
-0.0498826000
-0.0437576500
-0.0155930700
0.0387636600
0.1109129000
0.1514334000
0.1457841000
0.1658201000
0.1862278000
0.1663802000
0.1471295000
0.1433318000
0.1433992000
0.1432267000
0.1505059000
0.1518929000
0.1438117000
0.1421983000
0.1378801000
0.1306341000
0.1238203000
0.1183155000
0.1203409000
0.1236848000
0.1242127000
0.1190168000
0.1100822000
0.0957364100
0.0701034900
0.0458663900
0.0235776300
-0.0029787640
-0.0254299300
-0.0429566100
-0.0591183400
-0.0708266400
-0.0771586900
-0.0839257700
-0.0882149700
-0.0852474600
-0.0791415300
-0.0725302000
-0.0691291700
-0.0704387600
-0.0782138300
-0.0926633300
-0.1080743000
-0.1225797000
-0.1358147000
-0.1498416000
-0.1620610000
-0.1651672000
-0.1594110000
-0.1454233000
-0.1253758000
-0.1096353000
-0.1024476000
-0.1040225000
-0.1187273000
-0.1361102000
-0.1482932000
-0.1556111000
-0.1509776000
-0.1373832000
-0.1178109000
-0.0948723500
-0.0723813700
-0.0477727000
-0.0246880700
-0.0037755660
0.0180717000
0.0420766000
0.0698402800
0.1003550000
0.1395472000
0.1856716000
0.2146339000
0.2308405000
0.2523494000
0.2596507000
0.2502024000
0.2389088000
0.2233543000
0.2050453000
0.1871106000
0.1694239000
0.1525104000
0.1396830000
0.1294143000
0.1196684000
0.1092661000
0.1005136000
0.0989438000
0.0927377000
0.0868355300
0.0851133400
0.0753563700
0.0651804500
0.0490324500
0.0221577500
-0.0137100000
-0.0566941100
-0.0994325300
-0.1458343000
-0.1862866000
-0.2291897000
-0.2773336000
-0.3103207000
-0.3251608000
-0.3175802000
-0.3102129000
-0.2981314000
-0.2696655000
-0.2522892000
-0.2337174000
-0.2169407000
-0.2076390000
-0.1901472000
-0.1716713000
-0.1556479000
-0.1409802000
-0.1207204000
-0.0961670300
-0.0751665800
-0.0534959400
-0.0297381800
-0.0069988910
0.0128155600
0.0279736200
0.0381064700
0.0433000400
0.0442637800
0.0486600800
0.0576551000
0.0671238000
0.0756385900
0.0824372000
0.0930464700
0.1039035000
0.1144331000
0.1295109000
0.1440729000
0.1626450000
0.1808387000
0.1906542000
0.1986340000
0.2010728000
0.1980251000
0.1919983000
0.1801541000
0.1682856000
0.1592646000
0.1506481000
0.1410026000
0.1307242000
0.1200032000
0.1063043000
0.0904889200
0.0736832300
0.0556022000
0.0396486100
0.0251844000
0.0156597400
0.0105157700
0.0007060423
-0.0052929990
-0.0078442430
-0.0118786400
-0.0115597900
-0.0149827700
-0.0202926200
-0.0237659000
-0.0307244600
-0.0389513000
-0.0451755200
-0.0487212800
-0.0560986000
-0.0621446800
-0.0706593000
-0.0915742600
-0.1204052000
-0.1554705000
-0.1758509000
-0.1902643000
-0.2183111000
-0.2353520000
-0.2374596000
-0.2397613000
-0.2337112000
-0.2116712000
-0.1946694000
-0.1801788000
-0.1586641000
-0.1429694000
-0.1301056000
-0.1209793000
-0.1110062000
-0.1013205000
-0.0937789500
-0.0778156300
-0.0572260800
-0.0285509500
-0.0023985960
0.0183096100
0.0526358900
0.0879304300
0.1265114000
0.1742235000
0.1954388000
0.2261002000
0.2782203000
0.2689716000
0.2454594000
0.2474329000
0.2310144000
0.2260814000
0.2319018000
0.2319124000
0.2398593000
0.2538328000
0.2640891000
0.2599088000
0.2436084000
0.2195651000
0.1942447000
0.1742313000
0.1559916000
0.1355234000
0.1231265000
0.1213330000
0.1136651000
0.1008208000
0.0859654600
0.0652882800
0.0360331400
-0.0070819830
-0.0564089300
-0.1059879000
-0.1552344000
-0.1989200000
-0.2279947000
-0.2536641000
-0.2847130000
-0.2837953000
-0.2596551000
-0.2487364000
-0.2390998000
-0.2305243000
-0.2273844000
-0.2263301000
-0.2257808000
-0.2217414000
-0.2189056000
-0.2149266000
-0.2057770000
-0.1942527000
-0.1851433000
-0.1752711000
-0.1582177000
-0.1432022000
-0.1336257000
-0.1211837000
-0.1052535000
-0.0931169200
-0.0867101900
-0.0811571400
-0.0661323200
-0.0397398800
-0.0206092000
-0.0045311190
0.0127311200
0.0330452600
0.0639263900
0.0812341700
0.0959458300
0.1091069000
0.1181828000
0.1468294000
0.1535964000
0.1462131000
0.1585378000
0.1629197000
0.1645676000
0.1702768000
0.1748018000
0.1836836000
0.1904198000
0.1933188000
0.1923743000
0.1883268000
0.1846564000
0.1789050000
0.1699325000
0.1600873000
0.1517752000
0.1427788000
0.1338265000
0.1259949000
0.1176536000
0.1109790000
0.1052550000
0.1001177000
0.0938973400
0.0867709600
0.0802726200
0.0689163800
0.0532140800
0.0351512200
0.0146361300
-0.0063338970
-0.0290542700
-0.0531185600
-0.0815767100
-0.1084341000
-0.1299922000
-0.1538842000
-0.1691976000
-0.1792412000
-0.1937984000
-0.2045360000
-0.2102306000
-0.2152380000
-0.2213300000
-0.2194078000
-0.2131422000
-0.2115876000
-0.2059750000
-0.1969402000
-0.1880974000
-0.1775143000
-0.1653905000
-0.1533703000
-0.1446092000
-0.1357141000
-0.1249416000
-0.1135971000
-0.0996297400
-0.0857917300
-0.0719184200
-0.0552704800
-0.0386231900
-0.0197584300
0.0021550750
0.0215573300
0.0392375900
0.0550971000
0.0689430400
0.0837139800
0.0954898700
0.1058865000
0.1170808000
0.1262676000
0.1344010000
0.1393281000
0.1456216000
0.1510902000
0.1478209000
0.1470809000
0.1500374000
0.1520683000
0.1562153000
0.1588718000
0.1607884000
0.1623265000
0.1629097000
0.1624563000
0.1578703000
0.1500120000
0.1400936000
0.1284987000
0.1148049000
0.1007518000
0.0868152200
0.0719667500
0.0582696900
0.0435372700
0.0278838200
0.0134401100
-0.0011095820
-0.0160051200
-0.0310297400
-0.0469728800
-0.0631543600
-0.0766854800
-0.0884812400
-0.0971507000
-0.1023283000
-0.1073508000
-0.1101653000
-0.1108385000
-0.1119492000
-0.1153111000
-0.1197906000
-0.1217254000
-0.1212885000
-0.1217347000
-0.1223689000
-0.1204501000
-0.1184074000
-0.1151523000
-0.1097750000
-0.1041477000
-0.0961478100
-0.0859387700
-0.0742981600
-0.0612421100
-0.0470862300
-0.0334039300
-0.0223837000
-0.0129448500
-0.0034309520
0.0079587970
0.0190271300
0.0250334900
0.0281910500
0.0318892000
0.0343492000
0.0339547200
0.0315355000
0.0291212100
0.0277188400
0.0257025100
0.0231150700
0.0208920200
0.0181529300
0.0153813900
0.0131591500
0.0116019500
0.0104392300
0.0088708010
0.0074580370
0.0061902160
0.0050392000
0.0026336500
-0.0006013433
-0.0017890410
-0.0027390700
-0.0031467200
-0.0020374360
-0.0011081240
0.0012165700
0.0051469970
0.0093590060
0.0136493000
0.0182244600
0.0232776500
0.0280913400
0.0334344100
0.0393880900
0.0444401600
0.0488869000
0.0525559200
0.0552750900
0.0575323300
0.0581776200
0.0571318400
0.0548502100
0.0514249200
0.0479484900
0.0436309700
0.0391930400
0.0355177900
0.0309839200
0.0264310400
0.0198430500
0.0141761100
0.0077191140
-0.0018711720
-0.0076058050
-0.0195113400
-0.0296110800
-0.0505972900
-0.0872888600
-0.0850112100
-0.0835108700
-0.1093145000
-0.1068149000
-0.0987023900
-0.1039903000
-0.1030088000
-0.0952464600
-0.0867370700
-0.0797282900
-0.0686131900
-0.0606353500
-0.0546519200
-0.0461875500
-0.0425362300
-0.0351626000
-0.0223170300
-0.0145478800
-0.0083204120
0.0027195990
0.0110127600
0.0168907600
0.0273398600
0.0368102600
0.0494080100
0.0628054200
0.0685799900
0.0752099500
0.0805237300
0.0805368400
0.0806931300
0.0800056900
0.0774003700
0.0730520300
0.0649122100
0.0532502000
0.0445006900
0.0404795200
0.0361964900
0.0339959300
0.0334832200
0.0321960400
0.0324800200
0.0319672300
0.0306604800
0.0300308600
0.0283428000
0.0263956900
0.0255296600
0.0225122700
0.0156144000
0.0092975830
0.0040896460
-0.0006772809
-0.0037295990
-0.0086739100
-0.0152372300
-0.0200561700
-0.0265939800
-0.0338305100
-0.0380111800
-0.0422035400
-0.0465570000
-0.0505795900
-0.0549589600
-0.0582745100
-0.0624705200
-0.0676495600
-0.0715207900
-0.0728074400
-0.0699575000
-0.0649019400
-0.0583309400
-0.0497991800
-0.0411426200
-0.0325440000
-0.0252979000
-0.0194262800
-0.0143467400
-0.0121617300
-0.0112272400
-0.0094979090
-0.0077308140
-0.0037642700
0.0029186220
0.0067271510
0.0080586390
0.0134074500
0.0197005700
0.0241982000
0.0301889500
0.0351399600
0.0400744300
0.0464017300
0.0497601500
0.0514576000
0.0531121000
0.0536297500
0.0524842000
0.0488124400
0.0443429800
0.0386089700
0.0327480200
0.0299066000
0.0255239000
0.0210584100
0.0183575100
0.0166434500
0.0176947900
0.0171232300
0.0213435500
0.0268576200
0.0239927200
0.0237468100
0.0244945200
0.0229841400
0.0232757500
0.0230949500
0.0230030100
0.0193611400
0.0132710600
0.0076349050
-0.0002566032
-0.0060677490
-0.0089752720
-0.0110949300
-0.0112521500
-0.0109176800
-0.0101192800
-0.0092702100
-0.0093537000
-0.0094083070
-0.0094864040
-0.0100333400
-0.0106994600
-0.0116987500
-0.0141636800
-0.0175635400
-0.0218432900
-0.0283233500
-0.0356064100
-0.0407949600
-0.0451555800
-0.0502825700
-0.0527630100
-0.0532997100
-0.0551502800
-0.0565878200
-0.0563680700
-0.0553007000
-0.0528245600
-0.0489824000
-0.0457797400
-0.0411032300
-0.0332485400
-0.0257171700
-0.0190692000
-0.0129249100
-0.0083329760
-0.0046929020
-0.0010313140
0.0027944620
0.0072705250
0.0129154200
0.0182088200
0.0234150700
0.0291061600
0.0348530600
0.0412144800
0.0471743700
0.0526852700
0.0560863300
0.0563551100
0.0568226400
0.0575318300
0.0574759900
0.0557837500
0.0526525400
0.0490358000
0.0431928600
0.0381430900
0.0346290400
0.0305531400
0.0288309100
0.0281954300
0.0270649900
0.0253557000
0.0212949600
0.0156261200
0.0077775920
-0.0020401890
-0.0126298000
-0.0249246900
-0.0397235800
-0.0556309500
-0.0684629300
-0.0787674800
-0.0891732200
-0.0995853800
-0.1058330000
-0.1039480000
-0.1004543000
-0.0964927300
-0.0872717600
-0.0767140600
-0.0683858700
-0.0605865800
-0.0532316500
-0.0498353400
-0.0470734700
-0.0417571100
-0.0375271700
-0.0317827400
-0.0243391200
-0.0179997200
-0.0107693600
-0.0031407800
0.0066572800
0.0204098600
0.0336563400
0.0438507500
0.0525817200
0.0611250300
0.0684169700
0.0736270300
0.0773904500
0.0799161100
0.0809118900
0.0791129100
0.0743686800
0.0688272200
0.0636389500
0.0591993900
0.0564523500
0.0550483400
0.0542205100
0.0542955100
0.0547560500
0.0547339700
0.0540357300
0.0527182100
0.0511371200
0.0488844600
0.0451809000
0.0403812900
0.0354366500
0.0303118500
0.0248244700
0.0192953600
0.0143137800
0.0106226100
0.0078018590
0.0057649680
0.0050548230
0.0051309980
0.0046897350
0.0030944580
0.0010148540
-0.0010385090
-0.0034262510
-0.0063269210
-0.0090661240
-0.0122007400
-0.0162226700
-0.0201773100
-0.0244123200
-0.0292205700
-0.0337954100
-0.0379993900
-0.0418930900
-0.0450077500
-0.0473983500
-0.0493960600
-0.0511564700
-0.0526786300
-0.0539957500
-0.0551068900
-0.0557813700
-0.0564715400
-0.0570075100
-0.0569748800
-0.0563397900
-0.0547942000
-0.0526096400
-0.0500971900
-0.0473411800
-0.0434505200
-0.0382415600
-0.0322273000
-0.0253148500
-0.0185660400
-0.0111304200
-0.0028479160
0.0052466170
0.0140968800
0.0227901700
0.0320225600
0.0421189600
0.0518506500
0.0624291200
0.0717669900
0.0792977900
0.0873793200
0.0941912800
0.0994653000
0.1039286000
0.1065466000
0.1083805000
0.1093613000
0.1086518000
0.1067890000
0.1029009000
0.0972326400
0.0917610400
0.0864357700
0.0803908300
0.0736870700
0.0667074100
0.0594309300
0.0510967700
0.0414335200
0.0313085700
0.0223102200
0.0131979500
0.0034198990
-0.0067854800
-0.0196842800
-0.0341899900
-0.0522739900
-0.0736425800
-0.1011563000
-0.1325583000
-0.1422375000
-0.1421148000
-0.1574243000
-0.1693242000
-0.1726630000
-0.1770803000
-0.1811094000
-0.1828485000
-0.1823624000
-0.1827902000
-0.1803561000
-0.1716366000
-0.1580238000
-0.1412260000
-0.1268297000
-0.1157814000
-0.1053343000
-0.0951111400
-0.0856508300
-0.0776333000
-0.0694066100
-0.0609940600
-0.0526624700
-0.0418369400
-0.0277282100
-0.0112721900
0.0054864360
0.0239319400
0.0439140500
0.0644104000
0.0885998400
0.1100383000
0.1261836000
0.1456554000
0.1636277000
0.1711860000
0.1765739000
0.1833903000
0.1842566000
0.1821972000
0.1797302000
0.1771810000
0.1751904000
0.1716087000
0.1683080000
0.1643161000
0.1592252000
0.1522622000
0.1424431000
0.1335265000
0.1240395000
0.1123486000
0.1021337000
0.0939073000
0.0832777600
0.0711360500
0.0595828500
0.0458793300
0.0304245800
0.0117764300
-0.0110113000
-0.0372433100
-0.0641595300
-0.0937440500
-0.1264883000
-0.1407013000
-0.1460075000
-0.1597846000
-0.1602174000
-0.1558116000
-0.1578050000
-0.1529286000
-0.1457661000
-0.1398065000
-0.1306578000
-0.1186134000
-0.1097050000
-0.1035761000
-0.0953201200
-0.0875453600
-0.0780014500
-0.0668925300
-0.0564870600
-0.0433811500
-0.0314645800
-0.0212151900
-0.0090454880
0.0025067630
0.0147465400
0.0290246600
0.0442706000
0.0605179500
0.0758686600
0.0917807800
0.1086040000
0.1191597000
0.1238618000
0.1279236000
0.1282920000
0.1244149000
0.1169520000
0.1068213000
0.0991791300
0.0923367200
0.0858296000
0.0826579500
0.0797254500
0.0758127700
0.0710970600
0.0654681400
0.0594396700
0.0517742200
0.0439823300
0.0367261400
0.0283812200
0.0193545800
0.0104228200
0.0003957008
-0.0124139400
-0.0265615100
-0.0417377500
-0.0590601600
-0.0745152200
-0.0837040600
-0.0929225200
-0.1035707000
-0.1066894000
-0.1089181000
-0.1142297000
-0.1159336000
-0.1162578000
-0.1145169000
-0.1095018000
-0.1027196000
-0.0942695700
-0.0860687000
-0.0781870900
-0.0703871400
-0.0630762600
-0.0564054000
-0.0498927000
-0.0428379600
-0.0376206700
-0.0342115400
-0.0307440700
-0.0280605200
-0.0241676400
-0.0192300000
-0.0142656200
-0.0079097500
-0.0021667980
0.0030912370
0.0097047670
0.0170399200
0.0227841800
0.0283047200
0.0356299700
0.0417662600
0.0473067700
0.0520621600
0.0541348700
0.0559433300
0.0578526200
0.0596920200
0.0614625200
0.0614155200
0.0599714900
0.0572761300
0.0534852100
0.0512840400
0.0498765500
0.0478479300
0.0472492000
0.0465704200
0.0451849400
0.0453512200
0.0445566000
0.0407741800
0.0358433100
0.0303345700
0.0226902000
0.0135985000
0.0048983870
-0.0053929220
-0.0172380300
-0.0287558900
-0.0417856000
-0.0548859900
-0.0647626100
-0.0735711300
-0.0823975200
-0.0891666300
-0.0947104300
-0.0994130300
-0.1021863000
-0.1041151000
-0.1043556000
-0.1027909000
-0.1010580000
-0.0973753600
-0.0914497800
-0.0854460500
-0.0797637500
-0.0742738500
-0.0690183500
-0.0638600900
-0.0585825400
-0.0533077700
-0.0485479500
-0.0436375600
-0.0371700800
-0.0281973400
-0.0187825100
-0.0089801770
0.0037321010
0.0165923600
0.0308955000
0.0469887800
0.0618315400
0.0787257300
0.0956477100
0.1092583000
0.1217334000
0.1338779000
0.1442792000
0.1517926000
0.1569860000
0.1608835000
0.1640518000
0.1647403000
0.1637299000
0.1635869000
0.1618399000
0.1560656000
0.1481783000
0.1397698000
0.1295546000
0.1190899000
0.1101335000
0.1010151000
0.0921291800
0.0839957900
0.0763287100
0.0688101900
0.0605995800
0.0512482300
0.0405013500
0.0287370900
0.0145068400
-0.0016604320
-0.0184081300
-0.0369216200
-0.0565881700
-0.0768473000
-0.0936212500
-0.1097207000
-0.1333033000
-0.1527167000
-0.1616395000
-0.1724962000
-0.1824367000
-0.1824535000
-0.1793990000
-0.1780946000
-0.1743466000
-0.1695706000
-0.1665704000
-0.1615177000
-0.1533256000
-0.1446983000
-0.1356288000
-0.1261480000
-0.1168370000
-0.1069698000
-0.0969396400
-0.0865805200
-0.0744405700
-0.0633970300
-0.0544618600
-0.0440781600
-0.0340357800
-0.0257731900
-0.0165059700
-0.0073947790
0.0002933140
0.0087615660
0.0176984900
0.0252559400
0.0322700900
0.0397090900
0.0463220200
0.0525743100
0.0593758400
0.0651451800
0.0720189900
0.0808000600
0.0883460500
0.0965710000
0.1065038000
0.1151949000
0.1220288000
0.1283210000
0.1338115000
0.1368818000
0.1386279000
0.1400584000
0.1398215000
0.1373754000
0.1332151000
0.1277830000
0.1216153000
0.1151786000
0.1080225000
0.1002627000
0.0922465400
0.0840750200
0.0761667800
0.0685589600
0.0607240100
0.0522137600
0.0434568100
0.0339706700
0.0235839100
0.0132078300
0.0016452460
-0.0112079400
-0.0246555300
-0.0402443300
-0.0565239600
-0.0733112400
-0.0912266300
-0.1062178000
-0.1184303000
-0.1297646000
-0.1394802000
-0.1455664000
-0.1484784000
-0.1514427000
-0.1518992000
-0.1504093000
-0.1491989000
-0.1449705000
-0.1388796000
-0.1327925000
-0.1253154000
-0.1163263000
-0.1076015000
-0.0998633300
-0.0915087600
-0.0829394900
-0.0748596100
-0.0656343100
-0.0554335500
-0.0452490900
-0.0344049000
-0.0236416800
-0.0130962500
-0.0022763840
0.0080554560
0.0192103900
0.0305561300
0.0411837000
0.0519770200
0.0618187800
0.0712654200
0.0801627700
0.0876698100
0.0939931000
0.0987358000
0.1026107000
0.1047011000
0.1047120000
0.1040519000
0.1021618000
0.0987997500
0.0946922600
0.0899096700
0.0841452600
0.0781544800
0.0727712000
0.0673476400
0.0616602300
0.0558314000
0.0496811100
0.0429554600
0.0353325000
0.0274225000
0.0191569900
0.0100637500
0.0000697679
-0.0106071700
-0.0210392700
-0.0315151400
-0.0421755600
-0.0521813800
-0.0614417500
-0.0698854600
-0.0768916700
-0.0819400400
-0.0845893700
-0.0849739400
-0.0844120500
-0.0827314200
-0.0791000100
-0.0728445500
-0.0646739600
-0.0579924500
-0.0521535100
-0.0457295700
-0.0400109200
-0.0341931500
-0.0279286200
-0.0214705800
-0.0147514700
-0.0079478120
-0.0007581772
0.0061225100
0.0125520500
0.0193695400
0.0259839200
0.0325400300
0.0393308600
0.0452669000
0.0510357600
0.0567499200
0.0611271100
0.0645432000
0.0670036600
0.0680611100
0.0676828000
0.0654732900
0.0618410200
0.0572894700
0.0521509000
0.0473821900
0.0430240600
0.0385754900
0.0340491400
0.0294388900
0.0245309900
0.0192387600
0.0136705100
0.0078640850
0.0023010590
-0.0028911050
-0.0082270590
-0.0133759100
-0.0186863500
-0.0243955700
-0.0295777100
-0.0344363200
-0.0387817400
-0.0425092400
-0.0454357300
-0.0469057000
-0.0473292000
-0.0463993400
-0.0442872500
-0.0412395300
-0.0375161200
-0.0337880800
-0.0294496700
-0.0249363000
-0.0205320800
-0.0156884400
-0.0108403500
-0.0061452910
-0.0015275530
0.0029067660
0.0069178230
0.0102394300
0.0130421300
0.0157146400
0.0183799600
0.0210960200
0.0238367900
0.0263993300
0.0287463100
0.0307503400
0.0324817300
0.0335853400
0.0336612100
0.0330986100
0.0313308800
0.0281140700
0.0242723200
0.0200897100
0.0159148900
0.0120887600
0.0087328230
0.0056585470
0.0025064950
-0.0005312658
-0.0034821890
-0.0064919670
-0.0094857730
-0.0126729800
-0.0158365200
-0.0184989800
-0.0205985000
-0.0218134700
-0.0219467200
-0.0216355100
-0.0215194300
-0.0214783200
-0.0212853000
-0.0211407800
-0.0208586700
-0.0202553300
-0.0196148800
-0.0186035000
-0.0169354200
-0.0150445100
-0.0129409400
-0.0108295200
-0.0090342870
-0.0075161160
-0.0067027700
-0.0057381490
-0.0045705890
-0.0044298640
-0.0039588450
-0.0027351290
-0.0019060110
-0.0013333320
-0.0011079190
-0.0016151420
-0.0023833650
-0.0026065150
-0.0020739310
-0.0009170947
0.0002731524
0.0008140797
0.0005358686
-0.0008712792
-0.0031913360
-0.0051972480
-0.0063139630
-0.0069105510
-0.0069884730
-0.0063620210
-0.0052418470
-0.0036445370
-0.0016546180
-0.0000637153
0.0007760579
0.0008965221
0.0003284943
-0.0003639412
-0.0010089070
-0.0017194490
-0.0021318570
-0.0019309310
-0.0011781660
-0.0001337934
0.0008368520
0.0014620210
0.0018002030
0.0019393840
0.0017028850
0.0010860460
0.0003054808
-0.0003793054
-0.0005050153
0.0000214099
0.0009815680
0.0022821330
0.0037878290
0.0053981600
0.0068697920
0.0080872380
0.0091199010
0.0100423500
0.0110386400
0.0120965800
0.0132285800
0.0146093800
0.0162991900
0.0181211800
0.0197853900
0.0209443800
0.0213958500
0.0214063500
0.0211858000
0.0209354900
0.0208971900
0.0209375900
0.0207385400
0.0198880200
0.0181976200
0.0156500700
0.0125333700
0.0093778380
0.0063176870
0.0034579470
0.0007381454
-0.0018467090
-0.0043098100
-0.0071653990
-0.0104738300
-0.0141459500
-0.0180893200
-0.0219307600
-0.0255788500
-0.0289610300
-0.0318039700
-0.0339995100
-0.0356676600
-0.0369714400
-0.0382333500
-0.0398750800
-0.0418275900
-0.0437063900
-0.0452936100
-0.0461217200
-0.0458467200
-0.0441667100
-0.0404969900
-0.0360025500
-0.0322206800
-0.0289837300
-0.0264228000
-0.0247355400
-0.0233699900
-0.0217549400
-0.0195326700
-0.0166025400
-0.0128374300
-0.0083058810
-0.0032308960
0.0021062140
0.0073578790
0.0124668400
0.0174944900
0.0223017000
0.0266450800
0.0307629400
0.0349251900
0.0392985300
0.0437791900
0.0478159900
0.0517829200
0.0554626600
0.0582775200
0.0605402000
0.0617794400
0.0620729400
0.0616265100
0.0599788400
0.0571819200
0.0533119700
0.0489029200
0.0442594200
0.0395227100
0.0353406000
0.0315224900
0.0274705000
0.0233644800
0.0194005000
0.0148623600
0.0095470610
0.0040215920
-0.0016424110
-0.0078312610
-0.0147628500
-0.0220006500
-0.0292534700
-0.0366312200
-0.0428683300
-0.0472453300
-0.0523136200
-0.0579879500
-0.0622448600
-0.0658093100
-0.0685526900
-0.0700870500
-0.0701063400
-0.0687686600
-0.0660339900
-0.0605793300
-0.0536099500
-0.0461539900
-0.0389547200
-0.0337190500
-0.0299025600
-0.0264374000
-0.0227564100
-0.0190074000
-0.0152778800
-0.0106100600
-0.0049815350
0.0012000240
0.0073888900
0.0137207700
0.0206414600
0.0270611000
0.0331660300
0.0392564600
0.0450875200
0.0515511100
0.0579051800
0.0635661200
0.0689332100
0.0731304900
0.0758937100
0.0777931200
0.0786082800
0.0783144000
0.0765911300
0.0721954300
0.0673124000
0.0643446700
0.0612234200
0.0574341700
0.0537096200
0.0499100000
0.0464599700
0.0425789800
0.0380009400
0.0328499000
0.0271138100
0.0214996800
0.0154907000
0.0090187830
0.0022345810
-0.0053856030
-0.0132696500
-0.0212837900
-0.0293350800
-0.0371347900
-0.0448459700
-0.0518655700
-0.0579234200
-0.0630405400
-0.0674620300
-0.0708398800
-0.0722954300
-0.0724351000
-0.0716060000
-0.0696393500
-0.0658106600
-0.0605085500
-0.0556671500
-0.0512826500
-0.0470400400
-0.0435877400
-0.0407966500
-0.0374486300
-0.0332839900
-0.0287405500
-0.0236792600
-0.0184990900
-0.0133738100
-0.0081283830
-0.0028353300
0.0025239320
0.0079205340
0.0129001400
0.0172695800
0.0216974800
0.0261225500
0.0298794800
0.0329642800
0.0352540800
0.0363957200
0.0365453000
0.0359659300
0.0347408700
0.0333711100
0.0323148800
0.0313125500
0.0300081000
0.0282943900
0.0260276800
0.0232150600
0.0200271300
0.0166862900
0.0134971600
0.0104653800
0.0074595220
0.0041998960
0.0005797206
-0.0032084420
-0.0072403180
-0.0113352500
-0.0152534600
-0.0188719800
-0.0221444100
-0.0250891700
-0.0274331300
-0.0290651000
-0.0299356100
-0.0300247900
-0.0293844500
-0.0281483700
-0.0267812000
-0.0254482700
-0.0242864300
-0.0235720400
-0.0230771600
-0.0228060000
-0.0227050600
-0.0224538300
-0.0224048700
-0.0223956500
-0.0219790700
-0.0213371400
-0.0203157600
-0.0188461000
-0.0170449600
-0.0147744100
-0.0123499800
-0.0101067000
-0.0080493760
-0.0062159630
-0.0043618290
-0.0024038030
-0.0003795926
0.0017132730
0.0037038240
0.0057374650
0.0078289350
0.0099257290
0.0121183800
0.0143204200
0.0166197800
0.0188800200
0.0209466500
0.0228600300
0.0245796200
0.0260225000
0.0268909000
0.0276062800
0.0283401300
0.0285984500
0.0290860400
0.0299469700
0.0306703900
0.0315405300
0.0322151900
0.0322161700
0.0313277900
0.0291089000
0.0258671700
0.0225150100
0.0193269700
0.0160146200
0.0128291700
0.0100259100
0.0073197710
0.0048046600
0.0026056460
0.0004477943
-0.0016612990
-0.0037365070
-0.0059307390
-0.0080394980
-0.0101176500
-0.0122058500
-0.0140373200
-0.0156934800
-0.0172073500
-0.0185690000
-0.0198484300
-0.0208446000
-0.0213950600
-0.0214009500
-0.0206821300
-0.0189751500
-0.0163638900
-0.0135774400
-0.0108673500
-0.0082183570
-0.0058894740
-0.0037247970
-0.0017647320
-0.0000761276
0.0016360020
0.0034726800
0.0055372670
0.0078152170
0.0101092200
0.0124179300
0.0147700800
0.0169498000
0.0190113000
0.0210972700
0.0231542900
0.0253114300
0.0276115600
0.0298545300
0.0319245200
0.0338083400
0.0352021500
0.0361868900
0.0369049800
0.0370423100
0.0364164700
0.0344526300
0.0317481800
0.0293049100
0.0264780900
0.0234011100
0.0206893100
0.0180397300
0.0153046900
0.0125510000
0.0096175810
0.0063860190
0.0029746880
-0.0003643569
-0.0036549800
-0.0070269360
-0.0102343000
-0.0136382800
-0.0174031200
-0.0211385400
-0.0251888400
-0.0294611700
-0.0335947800
-0.0377871400
-0.0425452000
-0.0477054900
-0.0522484700
-0.0561928000
-0.0597124400
-0.0624708400
-0.0642979100
-0.0653914000
-0.0662341700
-0.0663377200
-0.0654407000
-0.0633524900
-0.0593357100
-0.0546593800
-0.0506257000
-0.0466048700
-0.0426980600
-0.0395495400
-0.0367630600
-0.0338423200
-0.0308124300
-0.0275033500
-0.0234932100
-0.0186897300
-0.0135684100
-0.0086295720
-0.0039176630
0.0005598814
0.0050270250
0.0094929170
0.0136639300
0.0175639300
0.0212917900
0.0252257700
0.0292727000
0.0331556700
0.0369171500
0.0404043000
0.0436264800
0.0464705800
0.0485956100
0.0497010600
0.0499803200
0.0493189300
0.0478164100
0.0465455600
0.0453214200
0.0439719000
0.0429129400
0.0417165500
0.0399499900
0.0375145700
0.0344930400
0.0307688500
0.0269007000
0.0233458500
0.0197823800
0.0163032000
0.0127337400
0.0090336640
0.0053668050
0.0017955910
-0.0015618090
-0.0047196500
-0.0074995570
-0.0100590500
-0.0123853500
-0.0142456600
-0.0158215600
-0.0171286700
-0.0180442000
-0.0185602100
-0.0187983100
-0.0188456300
-0.0186382700
-0.0181680400
-0.0174825000
-0.0167361700
-0.0160049100
-0.0150805500
-0.0139671900
-0.0126819000
-0.0111075900
-0.0092934730
-0.0070230510
-0.0046518440
-0.0026557290
-0.0005733400
0.0014732550
0.0030902110
0.0043034630
0.0051221600
0.0057184540
0.0062205360
0.0067696530
0.0074147940
0.0080903970
0.0088307140
0.0093983880
0.0096432890
0.0097021360
0.0095875530
0.0093949460
0.0092085660
0.0090118320
0.0088433490
0.0086680400
0.0084256730
0.0079867690
0.0075019380
0.0072173540
0.0070270320
0.0069963360
0.0071216370
0.0072618940
0.0074643180
0.0077374580
0.0081889830
0.0088299590
0.0094943340
0.0100699900
0.0104831900
0.0107635200
0.0109898200
0.0112010100
0.0113791900
0.0114529400
0.0113058200
0.0108021000
0.0099774370
0.0089613760
0.0078019390
0.0066542420
0.0056735440
0.0047919190
0.0039352880
0.0030213370
0.0019284100
0.0006128807
-0.0009464581
-0.0027225220
-0.0045941660
-0.0064048680
-0.0079917780
-0.0093258690
-0.0104634000
-0.0114847300
-0.0125511200
-0.0137076400
-0.0148955500
-0.0161194100
-0.0174401400
-0.0187878900
-0.0199989700
-0.0209650500
-0.0216144200
-0.0219738300
-0.0220916700
-0.0220387400
-0.0218131000
-0.0214758500
-0.0211837200
-0.0208795900
-0.0205307800
-0.0201000800
-0.0194756100
-0.0185900600
-0.0173616000
-0.0158503500
-0.0142923500
-0.0129043600
-0.0117492600
-0.0107775500
-0.0098624920
-0.0089587990
-0.0081157730
-0.0072629400
-0.0063050980
-0.0051305320
-0.0036979290
-0.0021111480
-0.0005381195
0.0009205942
0.0022720870
0.0035317170
0.0048177360
0.0062048820
0.0076892150
0.0093590650
0.0111793500
0.0129504700
0.0144597800
0.0155357000
0.0160497000
0.0161013400
0.0158762400
0.0153199100
0.0147563900
0.0144905700
0.0143268400
0.0142379400
0.0140303100
0.0135366300
0.0127450400
0.0114229900
0.0096260140
0.0074498220
0.0049767110
0.0024951970
0.0001155526
-0.0019525370
-0.0035860590
-0.0049231560
-0.0058947320
-0.0066165200
-0.0072365290
-0.0077897200
-0.0084601350
-0.0090465220
-0.0094974560
-0.0101212900
-0.0108566400
-0.0113276500
-0.0112261400
-0.0105489900
-0.0093991150
-0.0080956870
-0.0068511530
-0.0055884410
-0.0043716170
-0.0032447640
-0.0022248510
-0.0011820890
0.0000225846
0.0014858270
0.0033351580
0.0052489390
0.0070248170
0.0086727940
0.0098323020
0.0102858700
0.0100172800
0.0090450300
0.0075919640
0.0061482510
0.0052162920
0.0047593090
0.0045686630
0.0045118610
0.0043891670
0.0040953380
0.0033876130
0.0023126890
0.0012968310
0.0005912680
0.0002150357
0.0000337927
0.0001288331
0.0006110325
0.0011814140
0.0015409630
0.0017809910
0.0018077600
0.0014680230
0.0011664170
0.0011808240
0.0016320370
0.0026661640
0.0038961480
0.0050182890
0.0061824280
0.0070789280
0.0074640900
0.0077369220
0.0077470380
0.0073373110
0.0070481460
0.0070392030
0.0071382490
0.0073595940
0.0077109150
0.0080754170
0.0083533380
0.0084350320
0.0082172320
0.0075277120
0.0063432150
0.0050286590
0.0038401860
0.0028621970
0.0020499190
0.0013462460
0.0007658847
0.0002577047
-0.0001276251
-0.0004834827
-0.0009690088
-0.0014208180
-0.0018102890
-0.0022894890
-0.0028050540
-0.0033703900
-0.0039769640
-0.0045659300
-0.0052214930
-0.0058499780
-0.0064236240
-0.0070253620
-0.0076820290
-0.0085358700
-0.0096753830
-0.0110692300
-0.0125415900
-0.0139074500
-0.0150978300
-0.0161379000
-0.0170855100
-0.0178373400
-0.0183568700
-0.0186589500
-0.0187110700
-0.0185856800
-0.0183140600
-0.0179398600
-0.0174171500
-0.0166944900
-0.0158210200
-0.0148274000
-0.0138793700
-0.0129449000
-0.0120072800
-0.0111560500
-0.0103101300
-0.0095837040
-0.0090133120
-0.0084777650
-0.0079235160
-0.0072212280
-0.0062881800
-0.0051798040
-0.0039868020
-0.0027153600
-0.0012620040
0.0004230870
0.0022312810
0.0040495930
0.0057271990
0.0072088620
0.0086652470
0.0101296700
0.0115748900
0.0130021000
0.0143635200
0.0157291400
0.0171674600
0.0185930400
0.0200090100
0.0213917200
0.0225264600
0.0233245400
0.0237710300
0.0238899400
0.0236827800
0.0231119300
0.0223015700
0.0212745400
0.0200986600
0.0189511800
0.0179002800
0.0169354900
0.0157976000
0.0143779700
0.0127369100
0.0108403600
0.0088085320
0.0067209050
0.0046669400
0.0027927590
0.0010873840
-0.0004739896
-0.0019917090
-0.0035677350
-0.0051516470
-0.0067507690
-0.0084298220
-0.0102149100
-0.0120155200
-0.0134427300
-0.0141626800
-0.0141566700
-0.0134769600
-0.0123314400
-0.0108769800
-0.0092216000
-0.0077063700
-0.0064215040
-0.0052897110
-0.0041908970
-0.0029433100
-0.0016291890
-0.0002128293
0.0014376860
0.0032673760
0.0051219000
0.0067935570
0.0080340390
0.0086199360
0.0084989220
0.0077929800
0.0067390750
0.0054816440
0.0041914950
0.0029930090
0.0018378740
0.0007724815
-0.0002685860
-0.0014040560
-0.0027247740
-0.0042517570
-0.0059141290
-0.0078475880
-0.0098857770
-0.0116878800
-0.0134030700
-0.0150427400
-0.0163166000
-0.0172194500
-0.0178292000
-0.0182114700
-0.0183567900
-0.0181691200
-0.0176698400
-0.0167887800
-0.0156887100
-0.0145759200
-0.0135714800
-0.0128118600
-0.0121036800
-0.0112616300
-0.0101380300
-0.0086898660
-0.0068997590
-0.0047927070
-0.0027022460
-0.0007896172
0.0009244437
0.0023511320
0.0034237220
0.0041510150
0.0046054200
0.0048862610
0.0051213480
0.0053918410
0.0057437260
0.0060826590
0.0062843690
0.0063389550
0.0061030270
0.0054820670
0.0044896730
0.0030503640
0.0013643550
-0.0002954585
-0.0017372370
-0.0027075410
-0.0033795120
-0.0038909770
-0.0042532840
-0.0046478100
-0.0050173330
-0.0053820660
-0.0057435860
-0.0060334100
-0.0062194110
-0.0062283380
-0.0060905160
-0.0056888400
-0.0050905270
-0.0044493140
-0.0036718030
-0.0028271490
-0.0018311970
-0.0005148793
0.0009962619
0.0026157620
0.0044151500
0.0064881890
0.0086428690
0.0107042300
0.0127599400
0.0146187000
0.0161349900
0.0174270800
0.0184785900
0.0193660800
0.0202664300
0.0211120800
0.0218678600
0.0226582100
0.0233047400
0.0236186500
0.0235745600
0.0231331300
0.0223973600
0.0213837900
0.0200523600
0.0184091500
0.0164414700
0.0142346100
0.0119484000
0.0097440350
0.0076460650
0.0055425700
0.0034340810
0.0013337560
-0.0008231831
-0.0030059470
-0.0051891230
-0.0072799860
-0.0091982820
-0.0109039600
-0.0122144000
-0.0130592000
-0.0133996800
-0.0132336000
-0.0124620100
-0.0109257800
-0.0089319890
-0.0067469620
-0.0044082060
-0.0020051100
0.0003979327
0.0026325710
0.0047717670
0.0068654990
0.0087322230
0.0104629900
0.0120809200
0.0135430500
0.0149026200
0.0160399400
0.0168596600
0.0174168200
0.0176946700
0.0175750100
0.0170707400
0.0162316400
0.0151101600
0.0137441400
0.0121576600
0.0103215000
0.0081275940
0.0056789020
0.0028966580
-0.0002165607
-0.0034706970
-0.0070153980
-0.0105819700
-0.0139501800
-0.0172506000
-0.0202984200
-0.0230047400
-0.0253776500
-0.0275689900
-0.0297616500
-0.0320062200
-0.0343344500
-0.0364957800
-0.0384673100
-0.0401564900
-0.0410479900
-0.0409644800
-0.0398567400
-0.0379448300
-0.0358008900
-0.0336592000
-0.0316053500
-0.0298959500
-0.0284736100
-0.0270661800
-0.0254682400
-0.0234527900
-0.0211512200
-0.0186400900
-0.0160333400
-0.0136348500
-0.0111890000
-0.0085501370
-0.0059094640
-0.0032877580
-0.0007788740
0.0017943860
0.0046662490
0.0076847230
0.0109400500
0.0140583400
0.0168418200
0.0196668900
0.0220946800
0.0241062900
0.0258734500
0.0272517600
0.0284693400
0.0295388100
0.0304621800
0.0311481700
0.0313732400
0.0310921800
0.0304455400
0.0296750100
0.0287664500
0.0275613700
0.0259962400
0.0239888600
0.0215097600
0.0186897900
0.0155977900
0.0123868400
0.0092076510
0.0060288410
0.0029455290
-0.0001499407
-0.0033460400
-0.0065857410
-0.0100590900
-0.0138730100
-0.0179925100
-0.0219825500
-0.0253761200
-0.0281407100
-0.0302699800
-0.0318814800
-0.0328814300
-0.0330484100
-0.0325293700
-0.0314117400
-0.0298891400
-0.0283161000
-0.0266887900
-0.0248616000
-0.0228958600
-0.0208641100
-0.0186525000
-0.0161717300
-0.0134383900
-0.0105126700
-0.0074463790
-0.0042593640
-0.0011771500
0.0017343880
0.0046270560
0.0074135690
0.0100638800
0.0126170000
0.0149554100
0.0169499300
0.0185744700
0.0198573700
0.0207523100
0.0212289500
0.0214054700
0.0213048600
0.0209000300
0.0203018500
0.0195218400
0.0185894800
0.0175217300
0.0162441300
0.0148680400
0.0134748800
0.0121288000
0.0108865200
0.0096876150
0.0085632190
0.0074186060
0.0062575210
0.0052087940
0.0041144600
0.0029214150
0.0017031680
0.0005357207
-0.0005044837
-0.0015062830
-0.0024217990
-0.0031495530
-0.0036780410
-0.0039638750
-0.0041374530
-0.0043511820
-0.0045411150
-0.0046419010
-0.0047175180
-0.0048754230
-0.0051273880
-0.0053933800
-0.0055954630
-0.0056862420
-0.0055817810
-0.0052816920
-0.0048774240
-0.0042907900
-0.0035197740
-0.0026858260
-0.0017181510
-0.0006646569
0.0003706219
0.0014976380
0.0026672230
0.0038467370
0.0051734240
0.0067183130
0.0084602820
0.0101705800
0.0116679700
0.0128703200
0.0137198700
0.0142544700
0.0143952900
0.0141837900
0.0138119200
0.0133629100
0.0129127200
0.0125092700
0.0121817400
0.0119299600
0.0117120500
0.0113971600
0.0109160600
0.0103492800
0.0096099500
0.0087146020
0.0077721980
0.0066992510
0.0055662510
0.0044962230
0.0035066640
0.0026015880
0.0017435000
0.0009273799
0.0001332028
-0.0006437909
-0.0013833660
-0.0020434350
-0.0026276510
-0.0031817680
-0.0035422510
-0.0036591490
-0.0035236730
-0.0028808100
-0.0020285240
-0.0014259320
-0.0009703549
-0.0006744804
-0.0005985839
-0.0005612174
-0.0004263243
-0.0001952255
0.0001277039
0.0006060413
0.0013411320
0.0024809500
0.0038874240
0.0053561910
0.0068590770
0.0081933980
0.0092307570
0.0099316350
0.0102190200
0.0101735900
0.0099709710
0.0098364680
0.0098748240
0.0100518000
0.0103512000
0.0107235100
0.0111502400
0.0115603200
0.0118375700
0.0120248500
0.0120836100
0.0119767300
0.0117234200
0.0112574600
0.0107201600
0.0101551200
0.0095439540
0.0090817180
0.0087610120
0.0085503910
0.0083893340
0.0081048360
0.0076770770
0.0070632430
0.0062406680
0.0052920100
0.0042847210
0.0033161400
0.0024338000
0.0015795160
0.0007190164
-0.0001890473
-0.0011365760
-0.0020029870
-0.0027419960
-0.0032811440
-0.0036252920
-0.0039490990
-0.0043379130
-0.0047892410
-0.0053668360
-0.0061955420
-0.0072508140
-0.0084320970
-0.0096205290
-0.0106140000
-0.0113309800
-0.0118098800
-0.0121465900
-0.0124883900
-0.0127681200
-0.0127839700
-0.0125831000
-0.0122418500
-0.0117787200
-0.0113141500
-0.0108686400
-0.0104466500
-0.0101026400
-0.0098613250
-0.0097293940
-0.0096480450
-0.0095368980
-0.0092959730
-0.0089250510
-0.0086119040
-0.0085084960
-0.0086998300
-0.0092008890
-0.0098057360
-0.0103667200
-0.0109039400
-0.0114138300
-0.0118673700
-0.0123073300
-0.0127860600
-0.0132898900
-0.0139429400
-0.0148345400
-0.0158056600
-0.0167570400
-0.0176664700
-0.0184677900
-0.0192095800
-0.0200005100
-0.0207336500
-0.0212732500
-0.0216852300
-0.0220786600
-0.0224753300
-0.0228712600
-0.0231940900
-0.0233054900
-0.0231904700
-0.0228534500
-0.0223034800
-0.0216789800
-0.0209751500
-0.0200812500
-0.0189512000
-0.0174633000
-0.0155270100
-0.0132642900
-0.0108760100
-0.0084979680
-0.0062506770
-0.0042151190
-0.0023602180
-0.0006381416
0.0010059710
0.0026752080
0.0043687400
0.0060465580
0.0077482630
0.0094461800
0.0110430800
0.0124901500
0.0137943100
0.0149732700
0.0160448900
0.0170179900
0.0178670000
0.0185772400
0.0192317900
0.0198596800
0.0204833900
0.0211691300
0.0218732500
0.0225460700
0.0231118800
0.0235101000
0.0237165300
0.0236723300
0.0233711000
0.0228196700
0.0221183600
0.0213645100
0.0205090600
0.0195344800
0.0184788800
0.0172921300
0.0158920500
0.0142380900
0.0123580100
0.0102835600
0.0079956370
0.0055349510
0.0030172220
0.0006263036
-0.0014981200
-0.0033711220
-0.0050087360
-0.0064150980
-0.0076029990
-0.0085236360
-0.0092039790
-0.0098495530
-0.0105996800
-0.0114241500
-0.0122559700
-0.0129827500
-0.0135626200
-0.0140009800
-0.0142815700
-0.0144938700
-0.0146171900
-0.0146814500
-0.0147082600
-0.0145968100
-0.0144283700
-0.0141663900
-0.0138340300
-0.0134751400
-0.0130152400
-0.0125602200
-0.0120136600
-0.0113577700
-0.0107785500
-0.0102662100
-0.0097970080
-0.0093563500
-0.0089116730
-0.0085297600
-0.0082312100
-0.0078993420
-0.0074925500
-0.0068981370
-0.0060612830
-0.0051496400
-0.0041381810
-0.0030222770
-0.0018670020
-0.0005654741
0.0009053105
0.0024857660
0.0041244560
0.0057970690
0.0074790610
0.0091806260
0.0109538000
0.0126275100
0.0140654300
0.0153761900
0.0164792100
0.0173277500
0.0180425400
0.0185335100
0.0187502800
0.0186562600
0.0181548900
0.0173180500
0.0160648000
0.0142963000
0.0121222900
0.0097567760
0.0074330750
0.0051050050
0.0027474660
0.0004239136
-0.0018910770
-0.0041569620
-0.0065290590
-0.0089361460
-0.0111099400
-0.0131298900
-0.0149552200
-0.0165016500
-0.0178521700
-0.0190303500
-0.0200099700
-0.0206916000
-0.0208767200
-0.0204108000
-0.0194486500
-0.0181562300
-0.0163796700
-0.0141248400
-0.0117115700
-0.0092846650
-0.0068562210
-0.0043816700
-0.0016829190
0.0013140480
0.0046080840
0.0081603500
0.0118041100
0.0153742700
0.0187326000
0.0218774300
0.0248677200
0.0274592400
0.0296085300
0.0315935300
0.0333425600
0.0348511100
0.0361986700
0.0371610200
0.0376938500
0.0377161500
0.0369707800
0.0355807900
0.0337623400
0.0315428700
0.0290088900
0.0262932900
0.0234708600
0.0205616700
0.0175137900
0.0142352400
0.0106894200
0.0068205960
0.0026129950
-0.0016680200
-0.0060135640
-0.0104908800
-0.0147258100
-0.0188152400
-0.0227772100
-0.0263541500
-0.0296259800
-0.0325148700
-0.0351663300
-0.0375001100
-0.0392964400
-0.0406742300
-0.0413298000
-0.0412580400
-0.0407285500
-0.0397338100
-0.0385180500
-0.0371311600
-0.0354092300
-0.0334854000
-0.0313629400
-0.0289890700
-0.0265062100
-0.0239368900
-0.0212469100
-0.0183903100
-0.0153583000
-0.0122413100
-0.0091062680
-0.0059999540
-0.0028456980
0.0004035694
0.0036622730
0.0068901530
0.0100395000
0.0130618600
0.0158667300
0.0184669700
0.0209713700
0.0233635000
0.0256534300
0.0277784300
0.0296646700
0.0312961200
0.0326720800
0.0338695100
0.0347659800
0.0352808400
0.0353687200
0.0349253800
0.0340114400
0.0325129600
0.0307074300
0.0290702400
0.0273729900
0.0254822500
0.0235144900
0.0215429300
0.0195482700
0.0174337100
0.0153303000
0.0132171800
0.0111529400
0.0091758840
0.0072185450
0.0053672530
0.0035806070
0.0019962540
0.0006546517
-0.0004293870
-0.0012354990
-0.0019938660
-0.0026937980
-0.0033471580
-0.0038989370
-0.0042851140
-0.0045644250
-0.0046774720
-0.0046906920
-0.0045325000
-0.0042102350
-0.0038887820
-0.0035561860
-0.0032489600
-0.0029560940
-0.0025913220
-0.0021433380
-0.0015991970
-0.0008968651
-0.0000544657
0.0007355262
0.0013433700
0.0015952930
0.0014419170
0.0011010850
0.0005937373
-0.0000144349
-0.0005979642
-0.0011173160
-0.0015368610
-0.0020520320
-0.0027482710
-0.0036486650
-0.0047799600
-0.0060297760
-0.0073497940
-0.0086110530
-0.0097817510
-0.0107766100
-0.0115856700
-0.0123549600
-0.0129897900
-0.0136556100
-0.0144179000
-0.0151724900
-0.0160578200
-0.0170133600
-0.0178909500
-0.0185309400
-0.0189175600
-0.0191290700
-0.0191283200
-0.0190453900
-0.0188682900
-0.0185246700
-0.0181611200
-0.0177489200
-0.0172224000
-0.0166721300
-0.0160768500
-0.0153998500
-0.0146602900
-0.0138753600
-0.0130828000
-0.0122847500
-0.0113928900
-0.0102973000
-0.0090120960
-0.0075488050
-0.0059449940
-0.0042744830
-0.0025257190
-0.0006872104
0.0011922240
0.0030657380
0.0048710740
0.0065851260
0.0082659460
0.0098619050
0.0114117700
0.0129347700
0.0143130000
0.0155917500
0.0167340700
0.0177778400
0.0188528800
0.0199263500
0.0209578300
0.0219099800
0.0226759900
0.0230824900
0.0231018600
0.0227464400
0.0220981100
0.0212822100
0.0201999100
0.0188797500
0.0174207200
0.0158126000
0.0140917000
0.0122116900
0.0101336600
0.0078430500
0.0053198340
0.0026129850
-0.0002040603
-0.0030041520
-0.0057466740
-0.0083930230
-0.0108112800
-0.0130414000
-0.0151445800
-0.0171081300
-0.0189840100
-0.0207398300
-0.0223168500
-0.0236672100
-0.0246885900
-0.0253490300
-0.0255631300
-0.0252445400
-0.0244072400
-0.0231980600
-0.0218685600
-0.0203999800
-0.0188153000
-0.0172713900
-0.0156831200
-0.0140242800
-0.0123452100
-0.0105968200
-0.0087896900
-0.0069581860
-0.0051238870
-0.0033013960
-0.0014528200
0.0004501919
0.0024069060
0.0044097630
0.0064779200
0.0085782130
0.0106426800
0.0126703900
0.0146786900
0.0166988800
0.0186416500
0.0204684000
0.0222720900
0.0239285900
0.0254049300
0.0266463700
0.0274357300
0.0277308700
0.0274839100
0.0268652300
0.0260443600
0.0250568000
0.0240235000
0.0229375500
0.0217838400
0.0204563700
0.0188005000
0.0167587200
0.0144070000
0.0118601000
0.0090901190
0.0061103400
0.0029858770
-0.0002255181
-0.0035846410
-0.0071379780
-0.0106496000
-0.0140521800
-0.0174589100
-0.0208619500
-0.0241242200
-0.0272051500
-0.0301455900
-0.0327596700
-0.0350401400
-0.0370787100
-0.0387926000
-0.0401594300
-0.0411807900
-0.0417770700
-0.0417258500
-0.0409031900
-0.0394510400
-0.0375818300
-0.0355076100
-0.0334849400
-0.0316181900
-0.0297741000
-0.0278648900
-0.0258292800
-0.0236304900
-0.0212381300
-0.0186082400
-0.0158730200
-0.0130650900
-0.0102519600
-0.0076289270
-0.0051096400
-0.0026217200
-0.0001991383
0.0021688630
0.0044935890
0.0068825170
0.0093471320
0.0118213500
0.0142623200
0.0165761900
0.0187106300
0.0206594500
0.0223354500
0.0237088900
0.0248912300
0.0258857000
0.0266405200
0.0270613800
0.0270241100
0.0265466600
0.0257323100
0.0246552700
0.0233452300
0.0219074900
0.0204329700
0.0188973200
0.0172772800
0.0155641100
0.0136906300
0.0116807800
0.0095862350
0.0073282320
0.0049976580
0.0026040740
0.0000716718
-0.0023906300
-0.0047433180
-0.0070083590
-0.0089932670
-0.0106000600
-0.0118227600
-0.0126525300
-0.0131179100
-0.0132003900
-0.0127030000
-0.0116804800
-0.0105376700
-0.0093277390
-0.0080031600
-0.0067522180
-0.0055314660
-0.0041922090
-0.0026730800
-0.0008764654
0.0011052810
0.0031469020
0.0052477720
0.0072229360
0.0090003770
0.0106632600
0.0121694300
0.0136001300
0.0149514500
0.0161878600
0.0173979000
0.0184815500
0.0194326000
0.0202202800
0.0207770400
0.0213051100
0.0217988200
0.0222404800
0.0226457000
0.0228667100
0.0229066100
0.0226570200
0.0220081000
0.0209712600
0.0196020100
0.0180439900
0.0163058400
0.0144411900
0.0125203900
0.0105307800
0.0085582060
0.0066668200
0.0049205170
0.0033299960
0.0018382490
0.0004507078
-0.0009032905
-0.0021760400
-0.0033175260
-0.0044059050
-0.0054093090
-0.0064757150
-0.0076923770
-0.0090109940
-0.0104283200
-0.0117644300
-0.0129190500
-0.0139043000
-0.0147268500
-0.0155178000
-0.0163301200
-0.0171750900
-0.0180880900
-0.0189436900
-0.0196457300
-0.0201474400
-0.0204258700
-0.0206096300
-0.0206758200
-0.0205642500
-0.0202717100
-0.0197145600
-0.0188902700
-0.0178001200
-0.0164910600
-0.0151189500
-0.0138235600
-0.0126103000
-0.0113013700
-0.0098299610
-0.0082242020
-0.0065681470
-0.0049998600
-0.0034736290
-0.0019736380
-0.0005302912
0.0008766984
0.0022249050
0.0035365150
0.0048671960
0.0061846650
0.0074546330
0.0086504950
0.0096755070
0.0105120200
0.0111898300
0.0116837000
0.0120306500
0.0122435800
0.0122479400
0.0120176300
0.0115148300
0.0106534900
0.0094521280
0.0080921420
0.0067922140
0.0056330190
0.0043080530
0.0029422470
0.0015827050
0.0002605661
-0.0010029250
-0.0022928890
-0.0036381300
-0.0050116950
-0.0063935190
-0.0076664180
-0.0087621390
-0.0096864160
-0.0104064900
-0.0109447300
-0.0112804200
-0.0114159000
-0.0114888700
-0.0115032100
-0.0114567000
-0.0113370000
-0.0109726500
-0.0103805200
-0.0096147350
-0.0087498270
-0.0079814610
-0.0072349470
-0.0064082450
-0.0055007670
-0.0044548700
-0.0033407720
-0.0022198970
-0.0010955470
-0.0000470303
0.0008655056
0.0016057960
0.0021962610
0.0027180740
0.0032973360
0.0040379760
0.0048511740
0.0056843210
0.0065091870
0.0072251140
0.0078263930
0.0083033170
0.0086216440
0.0088403590
0.0090797140
0.0093703630
0.0097013790
0.0100846700
0.0104405000
0.0107429300
0.0109745400
0.0109972400
0.0107873200
0.0103994900
0.0099075590
0.0094351100
0.0090248730
0.0086923340
0.0083795580
0.0080096940
0.0075909200
0.0070608160
0.0063513530
0.0054381620
0.0043619140
0.0033323580
0.0025535500
0.0020340580
0.0016284450
0.0011812520
0.0006021757
-0.0001022192
-0.0008724558
-0.0017529250
-0.0027105590
-0.0034733490
-0.0038733520
-0.0039555250
-0.0038160960
-0.0035924710
-0.0033360670
-0.0030194890
-0.0027092150
-0.0024757220
-0.0023515430
-0.0022613410
-0.0020485920
-0.0017091470
-0.0012665730
-0.0007659514
-0.0002795921
0.0002179854
0.0006639008
0.0010536730
0.0014452500
0.0018432140
0.0023585520
0.0030268930
0.0038464260
0.0047846760
0.0057331830
0.0066567030
0.0075133690
0.0082730320
0.0089399530
0.0094950720
0.0099553480
0.0103967500
0.0108057400
0.0111107800
0.0112802200
0.0112614300
0.0111094900
0.0108414600
0.0104230000
0.0098922970
0.0092699390
0.0085993110
0.0078050330
0.0068241960
0.0057350470
0.0045808660
0.0034350350
0.0023447370
0.0012986950
0.0003631613
-0.0004380203
-0.0011720620
-0.0018426550
-0.0024856660
-0.0031455730
-0.0037567690
-0.0042439040
-0.0046103810
-0.0049290460
-0.0052329290
-0.0054875370
-0.0056133650
-0.0054974150
-0.0051691240
-0.0047212280
-0.0041606710
-0.0035265730
-0.0028383620
-0.0021071730
-0.0014569550
-0.0009057441
-0.0003730604
0.0001749262
0.0007773191
0.0014209770
0.0021118800
0.0028587840
0.0036223070
0.0043955170
0.0051177550
0.0057278700
0.0062291910
0.0066466770
0.0070152280
0.0072892960
0.0074574510
0.0075003160
0.0073452050
0.0069793510
0.0063919300
0.0056133080
0.0046944550
0.0036916600
0.0026967900
0.0017580880
0.0008538425
-0.0000952274
-0.0011159420
-0.0022578570
-0.0035428800
-0.0048902280
-0.0063489640
-0.0079199000
-0.0094848530
-0.0110143200
-0.0124755600
-0.0138019400
-0.0150044200
-0.0161074700
-0.0170823800
-0.0179207000
-0.0185867000
-0.0190041800
-0.0191625300
-0.0190590200
-0.0185679300
-0.0175813700
-0.0162302900
-0.0148495000
-0.0136108400
-0.0123021700
-0.0108387600
-0.0092892950
-0.0075936050
-0.0058551760
-0.0041838530
-0.0025236290
-0.0009723904
0.0003927065
0.0015986180
0.0025987840
0.0034434060
0.0041864100
0.0048278130
0.0054127690
0.0059818450
0.0065628050
0.0071207210
0.0075860170
0.0078833500
0.0079476130
0.0077423950
0.0071973620
0.0063183490
0.0053025130
0.0043331310
0.0034452630
0.0026087970
0.0018094170
0.0010490600
0.0002461133
-0.0006101809
-0.0014788200
-0.0024015970
-0.0033701370
-0.0043443310
-0.0052819830
-0.0061350610
-0.0068280220
-0.0073522390
-0.0077820640
-0.0080759370
-0.0082520970
-0.0083491460
-0.0083390420
-0.0082698020
-0.0080923600
-0.0077862690
-0.0073680350
-0.0067878010
-0.0060894120
-0.0052962600
-0.0044966400
-0.0037373990
-0.0029565020
-0.0022277340
-0.0015634560
-0.0009958609
-0.0005945838
-0.0002801879
-0.0000503540
0.0001070194
0.0002735480
0.0004467802
0.0006435200
0.0008778280
0.0011203990
0.0013314490
0.0014975540
0.0016125600
0.0016855800
0.0017891960
0.0019579080
0.0022037300
0.0025382380
0.0029175470
0.0033015340
0.0036454310
0.0039413540
0.0042507970
0.0045952400
0.0049706810
0.0053954470
0.0058626570
0.0063741310
0.0069316770
0.0074896100
0.0080082620
0.0084850620
0.0088914400
0.0091906780
0.0093864690
0.0094384660
0.0093368250
0.0090622900
0.0085661020
0.0079488730
0.0072652220
0.0065271860
0.0057774280
0.0049999380
0.0042234970
0.0034520250
0.0026886310
0.0019276640
0.0011529770
0.0003987551
-0.0003843320
-0.0011842410
-0.0019445610
-0.0026844360
-0.0033107730
-0.0037647200
-0.0041031270
-0.0043252140
-0.0044522800
-0.0045376530
-0.0045787580
-0.0045973090
-0.0046492110
-0.0047161130
-0.0047592900
-0.0047654050
-0.0046949170
-0.0045583200
-0.0043962890
-0.0042029630
-0.0039890590
-0.0037910610
-0.0036261710
-0.0035075140
-0.0034373690
-0.0033771680
-0.0032903570
-0.0031457350
-0.0029112700
-0.0026262180
-0.0023496780
-0.0021204500
-0.0019758500
-0.0019005540
-0.0018672740
-0.0018542190
-0.0018114080
-0.0017284950
-0.0015983460
-0.0013960650
-0.0011391870
-0.0008614929
-0.0005842755
-0.0003226762
-0.0000974116
0.0001078661
0.0002967471
0.0004459145
0.0005690678
0.0006685406
0.0007605852
0.0008667461
0.0009863182
0.0011372300
0.0013145390
0.0014924340
0.0016587070
0.0018216570
0.0019855290
0.0021207630
0.0022085990
0.0022496540
0.0022428030
0.0021898810
0.0020962030
0.0019601550
0.0017826370
0.0016072480
0.0014560440
0.0013169600
0.0011943890
0.0010600590
0.0008894167
0.0006835111
0.0004459191
0.0002045722
-0.0000151053
-0.0001935764
-0.0003348027
-0.0004517016
-0.0005497008
-0.0006473743
-0.0007457049
-0.0008411544
-0.0009354196
-0.0010153040
-0.0010705340
-0.0010977240
-0.0010964630
-0.0010726460
-0.0010355830
-0.0009943556
-0.0009559315
-0.0009352922
-0.0009368926
-0.0009512199
-0.0009681785
-0.0009734050
-0.0009560815
-0.0009181133
-0.0008624959
-0.0007822272
-0.0006920394
-0.0006118840
-0.0005373946
-0.0004753703
-0.0004223921
-0.0003560857
-0.0002817294
-0.0001975390
-0.0000868276
0.0000316817
0.0001477899
0.0002695618
0.0003959133
0.0005272283
0.0006608569
0.0007853701
0.0008900567
0.0009815725
0.0010674210
0.0011458930
0.0012188510
0.0012835950
0.0013395300
0.0013865620
0.0014138040
0.0014210760
0.0014099260
0.0013726430
0.0013189010
0.0012570110
0.0011931110
0.0011398030
0.0010882410
0.0010237600
0.0009405030
0.0008382064
0.0007245363
0.0006082125
0.0004938378
0.0003862546
0.0002896140
0.0002041991
0.0001284110
0.0000609464
0.0000011963
-0.0000524722
-0.0001023350
-0.0001486312
-0.0001928892
-0.0002360616
-0.0002740851
-0.0003053822
-0.0003295201
-0.0003449386
-0.0003508217
-0.0003473890
-0.0003390975
-0.0003278004
-0.0003157230
-0.0003049685
-0.0002916841
-0.0002728588
-0.0002529191
-0.0002377201
-0.0002239814
-0.0002114901
-0.0002023230
-0.0001926872
-0.0001833796
-0.0001755741
-0.0001679314
-0.0001609611
-0.0001551726
-0.0001483299
-0.0001391124
-0.0001277319
-0.0001097944
-0.0000842498
-0.0000546746
-0.0000234742
0.0000044933
0.0000272409
0.0000469677
0.0000631509
0.0000752694
0.0000857949
0.0000964537
0.0001072899
0.0001183910
0.0001300143
0.0001412122
0.0001508421
0.0001590726
0.0001655402
0.0001703160
0.0001738939
0.0001757342
0.0001761699
0.0001751391
0.0001723850
0.0001678969
0.0001619720
0.0001549686
0.0001457980
0.0001354436
0.0001252225
0.0001149406
0.0001061520
0.0000991456
0.0000926678
0.0000865386
0.0000804695
0.0000743632
0.0000687746
0.0000638070
0.0000597348
0.0000572126
0.0000558611
0.0000552061
0.0000552769
0.0000555278
0.0000555549
0.0000553654
0.0000548749
0.0000542062
0.0000536290
0.0000533123
0.0000531070
0.0000528137
0.0000523962
0.0000517817
0.0000509857
0.0000500825
0.0000490524
0.0000479953
0.0000470307
0.0000461057
0.0000451627
0.0000441592
0.0000430376
0.0000418074
0.0000405168
0.0000391744
0.0000378276
0.0000365966
0.0000355378
0.0000346570
0.0000339566
0.0000333584
0.0000328156
0.0000323096
0.0000317624
0.0000311244
0.0000304072
0.0000296254
0.0000287974
0.0000279404
0.0000270589
0.0000261445
0.0000251872
0.0000241978
0.0000231867
0.0000221534
0.0000211005
0.0000200289
0.0000189457
0.0000178587
0.0000167739
0.0000156979
0.0000146363
0.0000135923
0.0000125671
0.0000115627
0.0000105819
0.0000096264
0.0000086968
0.0000077924
0.0000069122
0.0000060546
0.0000052179
0.0000044002
0.0000035992
0.0000028131
0.0000020398
0.0000012778
0.0000005260
-0.0000002168
-0.0000009512
-0.0000016776
-0.0000023964
-0.0000031075
