0.0000042796
0.0000042097
0.0000041461
0.0000040948
0.0000040302
0.0000039726
0.0000039217
0.0000038546
0.0000038008
0.0000037530
0.0000036962
0.0000036442
0.0000035734
0.0000035136
0.0000034666
0.0000033911
0.0000033298
0.0000033113
0.0000032127
0.0000031944
0.0000031197
0.0000030036
0.0000029798
0.0000028612
0.0000028091
0.0000027087
0.0000026681
0.0000027511
0.0000025347
0.0000024254
0.0000024532
0.0000023171
0.0000021484
0.0000021391
0.0000021278
0.0000020227
0.0000022587
0.0000021154
0.0000017696
0.0000018191
0.0000016657
0.0000017329
0.0000017176
0.0000015034
0.0000017037
0.0000016512
0.0000014648
0.0000014040
0.0000014762
0.0000013477
0.0000011467
0.0000009295
0.0000007127
0.0000008725
0.0000006292
0.0000004812
0.0000006608
0.0000001443
0.0000004285
0.0000006388
0.0000002888
0.0000007107
0.0000006815
0.0000006038
0.0000005496
0.0000007546
0.0000007945
-0.0000002040
-0.0000000634
-0.0000003681
-0.0000009871
-0.0000006712
0.0000005604
0.0000009030
-0.0000007161
-0.0000005375
-0.0000007458
-0.0000012865
-0.0000009093
-0.0000014479
-0.0000012183
-0.0000012928
-0.0000015211
-0.0000005421
-0.0000005577
-0.0000006492
-0.0000008845
-0.0000009557
-0.0000008241
-0.0000012776
-0.0000013709
-0.0000016341
-0.0000014953
-0.0000013303
-0.0000016193
-0.0000016961
-0.0000017469
-0.0000015851
-0.0000024250
-0.0000029646
-0.0000018184
-0.0000031577
-0.0000029704
-0.0000023030
-0.0000036630
-0.0000024484
-0.0000035780
-0.0000042956
-0.0000028834
-0.0000026825
-0.0000020842
-0.0000000292
-0.0000012528
-0.0000016403
-0.0000010556
-0.0000020310
-0.0000014646
-0.0000025002
-0.0000035930
-0.0000037104
-0.0000062358
-0.0000045204
-0.0000013671
-0.0000042891
-0.0000036614
-0.0000026163
-0.0000044928
-0.0000023101
-0.0000034975
-0.0000047355
-0.0000032878
-0.0000052914
-0.0000025125
-0.0000004445
-0.0000034031
-0.0000039785
-0.0000039726
-0.0000022491
-0.0000023501
-0.0000045578
-0.0000024428
-0.0000047433
-0.0000062153
-0.0000030141
-0.0000039679
-0.0000055099
-0.0000050824
-0.0000066684
-0.0000072013
-0.0000053609
-0.0000052902
-0.0000044533
-0.0000054643
-0.0000045077
-0.0000051447
-0.0000078131
-0.0000052737
-0.0000064036
-0.0000069596
-0.0000049687
-0.0000064676
-0.0000039448
-0.0000067019
-0.0000050587
-0.0000034930
-0.0000080239
-0.0000029808
-0.0000053026
-0.0000071195
-0.0000037566
-0.0000077926
-0.0000044058
-0.0000055518
-0.0000075001
-0.0000057861
-0.0000095563
-0.0000084540
-0.0000071890
-0.0000071962
-0.0000053553
-0.0000073298
-0.0000074098
-0.0000075397
-0.0000102488
-0.0000090231
-0.0000111753
-0.0000118892
-0.0000050084
-0.0000064493
-0.0000092698
-0.0000044680
-0.0000058251
-0.0000014302
-0.0000002532
-0.0000109395
-0.0000069753
-0.0000082763
-0.0000083446
-0.0000048186
-0.0000091095
-0.0000056602
-0.0000070232
-0.0000079281
-0.0000072674
-0.0000087232
-0.0000074390
-0.0000104482
-0.0000090845
-0.0000098965
-0.0000123242
-0.0000117464
-0.0000124340
-0.0000094365
-0.0000093499
-0.0000052953
-0.0000037652
-0.0000077882
-0.0000055404
-0.0000096847
-0.0000097144
-0.0000030748
-0.0000098553
-0.0000150987
-0.0000100726
-0.0000056474
-0.0000005501
-0.0000014195
-0.0000058096
-0.0000068303
-0.0000085628
-0.0000086409
-0.0000141917
-0.0000149080
0.0000010044
-0.0000043548
-0.0000188083
-0.0000108763
-0.0000090237
-0.0000135583
-0.0000110958
-0.0000146232
-0.0000119961
-0.0000112149
-0.0000166559
-0.0000113217
-0.0000150641
-0.0000197070
-0.0000124851
-0.0000151332
-0.0000153366
-0.0000106071
-0.0000125741
-0.0000125872
-0.0000049654
-0.0000079854
-0.0000165074
-0.0000070526
-0.0000031748
-0.0000109280
-0.0000110465
-0.0000120695
-0.0000169801
-0.0000130933
-0.0000123405
-0.0000150108
-0.0000055492
-0.0000113668
-0.0000122228
-0.0000018226
-0.0000102819
-0.0000036565
-0.0000057908
-0.0000223872
-0.0000149556
-0.0000166954
-0.0000177687
-0.0000089910
-0.0000138315
-0.0000129948
-0.0000060160
-0.0000059664
-0.0000050695
-0.0000061081
-0.0000091239
-0.0000113282
-0.0000173163
-0.0000195161
-0.0000184541
-0.0000175544
-0.0000185949
-0.0000176232
-0.0000146725
-0.0000136094
-0.0000137858
-0.0000147056
-0.0000128232
-0.0000179940
-0.0000147188
-0.0000040076
-0.0000158149
-0.0000161072
-0.0000142080
-0.0000179255
-0.0000093540
-0.0000129266
-0.0000123580
-0.0000121726
-0.0000143294
-0.0000164575
-0.0000163111
-0.0000166945
-0.0000213931
-0.0000137091
-0.0000144805
-0.0000135888
-0.0000086286
-0.0000104880
-0.0000108091
-0.0000146998
-0.0000107512
-0.0000109069
-0.0000167657
-0.0000110448
-0.0000148992
-0.0000191244
-0.0000171427
-0.0000191715
-0.0000202598
-0.0000182643
-0.0000172871
-0.0000162887
-0.0000132835
-0.0000143796
-0.0000163650
-0.0000144907
-0.0000195507
-0.0000226335
-0.0000197304
-0.0000206350
-0.0000198303
-0.0000166472
-0.0000117398
-0.0000137468
-0.0000137362
-0.0000140121
-0.0000177278
-0.0000120989
-0.0000158490
-0.0000171449
-0.0000181516
-0.0000201044
-0.0000193869
-0.0000221577
-0.0000143051
-0.0000142669
-0.0000162086
-0.0000114635
-0.0000173164
-0.0000144804
-0.0000114437
-0.0000205964
-0.0000217160
-0.0000166593
-0.0000207520
-0.0000249024
-0.0000115772
0.0000003901
-0.0000105990
-0.0000148780
-0.0000108229
-0.0000138754
-0.0000149192
-0.0000160762
-0.0000210451
-0.0000202236
-0.0000211800
-0.0000243346
-0.0000212420
-0.0000173374
-0.0000192340
-0.0000173958
-0.0000142277
-0.0000133935
-0.0000132821
-0.0000082972
-0.0000103918
-0.0000164521
-0.0000114647
-0.0000146404
-0.0000215151
-0.0000179370
-0.0000215731
-0.0000178822
-0.0000208328
-0.0000258706
-0.0000220705
-0.0000269579
-0.0000271075
-0.0000282338
-0.0000321086
-0.0000263479
-0.0000250721
-0.0000212253
-0.0000201753
-0.0000232242
-0.0000192788
-0.0000120851
-0.0000102092
-0.0000131970
-0.0000040655
-0.0000001964
-0.0000080138
-0.0000096000
-0.0000162628
-0.0000136047
-0.0000197285
-0.0000153059
0.0000043690
-0.0000133380
-0.0000229487
-0.0000230135
-0.0000257511
-0.0000181385
-0.0000269103
-0.0000302496
-0.0000261564
-0.0000281546
-0.0000293337
-0.0000261444
-0.0000223240
-0.0000241308
-0.0000182356
-0.0000172083
-0.0000181277
-0.0000133221
-0.0000171266
-0.0000194754
-0.0000203223
-0.0000142941
-0.0000144371
-0.0000223388
-0.0000206921
-0.0000234602
-0.0000237143
-0.0000205358
-0.0000165990
-0.0000155653
-0.0000135072
-0.0000157425
-0.0000226199
-0.0000199048
-0.0000237721
-0.0000249153
-0.0000219655
-0.0000207906
-0.0000159670
-0.0000177979
-0.0000200505
-0.0000230469
-0.0000199799
-0.0000161126
-0.0000199629
-0.0000171790
-0.0000201297
-0.0000252715
-0.0000243401
-0.0000263833
-0.0000253617
-0.0000193724
-0.0000203458
-0.0000203679
-0.0000184915
-0.0000192957
-0.0000196631
-0.0000234470
-0.0000103625
-0.0000095685
-0.0000243651
-0.0000210133
-0.0000255173
-0.0000208058
-0.0000198124
-0.0000215609
-0.0000119290
-0.0000196234
-0.0000209513
-0.0000230775
-0.0000247816
-0.0000141420
-0.0000207844
-0.0000211626
-0.0000200305
-0.0000261984
-0.0000251967
-0.0000211691
-0.0000253271
-0.0000241129
-0.0000163613
-0.0000210507
-0.0000173416
-0.0000161898
-0.0000171897
-0.0000163920
-0.0000222721
-0.0000225591
-0.0000213403
-0.0000195097
-0.0000224595
-0.0000225155
-0.0000195331
-0.0000214970
-0.0000236398
-0.0000256288
-0.0000236237
-0.0000258401
-0.0000286689
-0.0000177138
-0.0000227932
-0.0000317841
-0.0000219617
-0.0000227271
-0.0000228495
-0.0000198809
-0.0000248805
-0.0000219002
-0.0000179104
-0.0000219031
-0.0000199471
-0.0000200210
-0.0000260094
-0.0000262234
-0.0000281430
-0.0000261347
-0.0000263298
-0.0000290791
-0.0000223568
-0.0000261811
-0.0000221448
-0.0000173306
-0.0000261057
-0.0000183608
-0.0000171971
-0.0000242980
-0.0000235059
-0.0000232794
-0.0000204600
-0.0000234222
-0.0000244847
-0.0000204823
-0.0000224788
-0.0000256369
-0.0000225029
-0.0000196262
-0.0000245612
-0.0000236924
-0.0000237200
-0.0000225524
-0.0000167282
-0.0000236405
-0.0000237622
-0.0000187570
-0.0000227034
-0.0000207822
-0.0000188213
-0.0000155541
-0.0000097741
-0.0000228017
-0.0000269372
-0.0000220695
-0.0000278762
-0.0000240927
-0.0000260604
-0.0000300208
-0.0000252323
-0.0000290364
-0.0000282092
-0.0000271855
-0.0000301627
-0.0000293402
-0.0000281148
-0.0000232250
-0.0000251996
-0.0000251458
-0.0000223051
-0.0000281966
-0.0000263798
-0.0000232240
-0.0000232677
-0.0000212652
-0.0000181645
-0.0000193111
-0.0000253221
-0.0000213061
-0.0000193853
-0.0000252784
-0.0000235626
-0.0000222476
-0.0000215196
-0.0000264473
-0.0000255289
-0.0000214901
-0.0000255288
-0.0000286568
-0.0000265573
-0.0000287521
-0.0000347222
-0.0000256615
-0.0000206210
-0.0000286338
-0.0000247017
-0.0000196293
-0.0000226206
-0.0000196793
-0.0000176043
-0.0000227672
-0.0000237214
-0.0000187702
-0.0000217116
-0.0000248813
-0.0000228093
-0.0000197745
-0.0000218977
-0.0000227520
-0.0000210235
-0.0000278463
-0.0000240045
-0.0000198970
-0.0000197803
-0.0000169784
-0.0000218185
-0.0000241237
-0.0000239301
-0.0000241128
-0.0000301609
-0.0000280757
-0.0000211563
-0.0000239193
-0.0000201040
-0.0000200075
-0.0000209367
-0.0000191657
-0.0000218567
-0.0000202482
-0.0000260247
-0.0000221171
-0.0000222480
-0.0000310869
-0.0000264253
-0.0000281219
-0.0000273049
-0.0000252326
-0.0000261772
-0.0000243009
-0.0000241383
-0.0000222660
-0.0000252489
-0.0000262584
-0.0000264303
-0.0000312815
-0.0000295190
-0.0000293163
-0.0000263911
-0.0000243742
-0.0000242649
-0.0000224265
-0.0000284202
-0.0000263987
-0.0000204254
-0.0000263640
-0.0000306075
-0.0000356731
-0.0000366527
-0.0000255213
-0.0000235123
-0.0000284647
-0.0000256797
-0.0000233808
-0.0000195196
-0.0000235220
-0.0000265672
-0.0000215551
-0.0000256314
-0.0000275361
-0.0000227238
-0.0000275144
-0.0000257186
-0.0000225484
-0.0000225900
-0.0000215725
-0.0000246626
-0.0000276586
-0.0000267501
-0.0000276507
-0.0000277186
-0.0000308298
-0.0000286498
-0.0000144831
-0.0000196632
-0.0000295534
-0.0000156503
-0.0000184957
-0.0000296896
-0.0000268331
-0.0000255670
-0.0000247672
-0.0000266545
-0.0000236609
-0.0000206131
-0.0000266989
-0.0000318186
-0.0000308129
-0.0000297839
-0.0000277131
-0.0000268029
-0.0000276139
-0.0000258562
-0.0000286355
-0.0000247485
-0.0000257645
-0.0000296663
-0.0000269225
-0.0000317530
-0.0000277971
-0.0000248438
-0.0000317612
-0.0000289532
-0.0000277822
-0.0000288506
-0.0000289467
-0.0000277495
-0.0000238845
-0.0000298649
-0.0000299062
-0.0000207683
-0.0000238325
-0.0000319162
-0.0000289334
-0.0000279153
-0.0000298687
-0.0000259425
-0.0000247844
-0.0000259586
-0.0000247666
-0.0000219179
-0.0000278655
-0.0000279012
-0.0000270244
-0.0000338965
-0.0000321158
-0.0000329906
-0.0000298765
-0.0000250301
-0.0000287205
-0.0000239680
-0.0000268357
-0.0000278125
-0.0000239644
-0.0000307920
-0.0000310654
-0.0000298764
-0.0000299311
-0.0000299521
-0.0000288601
-0.0000248690
-0.0000247648
-0.0000248150
-0.0000258293
-0.0000247221
-0.0000207690
-0.0000226748
-0.0000258642
-0.0000288100
-0.0000278650
-0.0000247552
-0.0000237380
-0.0000288889
-0.0000297795
-0.0000176634
-0.0000156013
-0.0000205398
-0.0000228764
-0.0000317211
-0.0000299147
-0.0000298610
-0.0000317716
-0.0000258484
-0.0000318586
-0.0000348233
-0.0000289655
-0.0000337873
-0.0000298450
-0.0000237632
-0.0000276989
-0.0000268307
-0.0000257144
-0.0000247094
-0.0000237327
-0.0000267362
-0.0000267398
-0.0000278381
-0.0000307380
-0.0000247411
-0.0000247384
-0.0000266392
-0.0000196871
-0.0000246773
-0.0000297364
-0.0000206353
-0.0000206123
-0.0000276361
-0.0000247104
-0.0000256645
-0.0000276139
-0.0000247391
-0.0000265492
-0.0000247041
-0.0000214606
-0.0000195371
-0.0000245913
-0.0000244845
-0.0000164892
-0.0000224552
-0.0000296212
-0.0000286660
-0.0000274822
-0.0000287289
-0.0000314817
-0.0000276729
-0.0000305799
-0.0000233416
-0.0000114014
-0.0000191628
-0.0000194421
-0.0000213847
-0.0000284447
-0.0000244733
-0.0000213110
-0.0000264761
-0.0000304732
-0.0000243837
-0.0000223626
-0.0000304702
-0.0000283502
-0.0000234705
-0.0000292802
-0.0000233776
-0.0000202644
-0.0000241751
-0.0000223937
-0.0000251816
-0.0000253507
-0.0000304364
-0.0000312370
-0.0000244655
-0.0000301646
-0.0000253220
-0.0000222358
-0.0000240374
-0.0000193030
-0.0000229674
-0.0000233096
-0.0000250952
-0.0000231355
-0.0000242143
-0.0000290500
-0.0000263160
-0.0000300515
-0.0000292598
-0.0000281430
-0.0000260200
-0.0000241841
-0.0000279520
-0.0000241594
-0.0000249473
-0.0000250180
-0.0000250546
-0.0000289825
-0.0000260402
-0.0000259697
-0.0000289848
-0.0000300952
-0.0000299046
-0.0000280656
-0.0000308738
-0.0000300225
-0.0000309262
-0.0000309226
-0.0000278933
-0.0000288790
-0.0000226537
-0.0000178108
-0.0000286736
-0.0000278817
-0.0000237136
-0.0000246532
-0.0000216684
-0.0000236412
-0.0000256415
-0.0000215920
-0.0000236203
-0.0000265594
-0.0000226256
-0.0000255453
-0.0000286178
-0.0000265577
-0.0000296527
-0.0000284623
-0.0000153459
-0.0000162933
-0.0000243428
-0.0000193581
-0.0000182712
-0.0000191763
-0.0000193795
-0.0000293360
-0.0000274214
-0.0000161096
-0.0000192594
-0.0000282611
-0.0000191888
-0.0000141001
-0.0000231049
-0.0000263772
-0.0000241360
-0.0000140034
-0.0000151167
-0.0000270530
-0.0000284299
-0.0000321673
-0.0000282463
-0.0000241626
-0.0000250185
-0.0000211196
-0.0000250271
-0.0000281216
-0.0000260936
-0.0000280413
-0.0000321879
-0.0000330786
-0.0000300938
-0.0000351079
-0.0000442289
-0.0000555014
-0.0000757878
-0.0000931215
-0.0001033386
-0.0001063086
-0.0000919752
-0.0000687241
-0.0000194206
0.0000803940
0.0001260632
0.0000602257
-0.0000132232
-0.0000952542
-0.0001986246
-0.0001650838
-0.0000014281
0.0001686507
0.0003689713
0.0005812315
0.0007559866
0.0007981899
0.0006019836
0.0002918014
0.0000388172
-0.0000965706
-0.0001375067
-0.0001741021
-0.0002222416
-0.0001481790
0.0001202276
0.0004663030
0.0008625650
0.0011641610
0.0011448000
0.0010417090
0.0010770380
0.0010458700
0.0007404000
0.0003393411
0.0002282085
0.0003465488
0.0004536736
0.0006983839
0.0010207460
0.0010717960
0.0008813589
0.0007736912
0.0009608700
0.0010694860
0.0006068364
-0.0001414102
-0.0008400997
-0.0014695930
-0.0016178860
-0.0009937237
-0.0000645781
0.0006946657
0.0012111350
0.0014783860
0.0015299270
0.0013223460
0.0007237229
0.0000617678
-0.0000869577
0.0002673992
0.0005478881
0.0000853910
-0.0011334570
-0.0021525420
-0.0020347580
-0.0009297740
0.0000710413
0.0003770599
0.0004493456
0.0006358818
0.0008636964
0.0011314030
0.0012824490
0.0013872100
0.0018274190
0.0022739350
0.0018564380
0.0002984086
-0.0011782360
-0.0011324460
0.0001433406
0.0015780090
0.0020426730
0.0012023680
0.0004090718
-0.0000504159
-0.0011725250
-0.0025176150
-0.0029662360
-0.0019527250
0.0002645642
0.0024183500
0.0034367140
0.0029828830
0.0014046920
0.0003293453
0.0008821075
0.0018437690
0.0016938170
0.0002610312
-0.0014310470
-0.0021086100
-0.0018706770
-0.0014485200
-0.0010587900
-0.0007782726
-0.0004828875
-0.0000659864
0.0002520314
-0.0000895296
-0.0013518860
-0.0023031450
-0.0011097520
0.0017371410
0.0035941790
0.0036338450
0.0029847300
0.0028077960
0.0035616490
0.0039040930
0.0028749090
0.0009470171
-0.0012978950
-0.0029303450
-0.0034665830
-0.0026570960
-0.0002138977
0.0024833270
0.0032550830
0.0017629110
-0.0003596865
-0.0009168210
0.0015126490
0.0061186790
0.0104554400
0.0122333900
0.0104684000
0.0066441920
0.0036381620
0.0026002610
0.0025785540
0.0029360740
0.0032184430
0.0027773580
0.0016977760
-0.0002204662
-0.0031552220
-0.0062679480
-0.0073411720
-0.0046045040
-0.0000666533
0.0031899120
0.0043577960
0.0036998170
0.0025641080
0.0023640840
0.0020365080
0.0001743459
-0.0024844010
-0.0037564590
-0.0022688450
-0.0000369425
0.0000015972
-0.0028535880
-0.0061460760
-0.0066909540
-0.0050839750
-0.0026985990
-0.0004700526
0.0008791118
0.0011035570
-0.0019099590
-0.0063939840
-0.0076991810
-0.0059754500
-0.0041909900
-0.0037078960
-0.0031751620
-0.0015304150
0.0006142335
0.0018915730
0.0024523790
0.0044173780
0.0070582220
0.0082636550
0.0082045540
0.0072923020
0.0055029420
0.0031661240
0.0013575850
0.0011936540
0.0026801080
0.0055433620
0.0085632110
0.0096495410
0.0080668990
0.0047597550
0.0024737170
0.0029116360
0.0047578780
0.0066917710
0.0077709120
0.0070190290
0.0036116750
-0.0032271440
-0.0108060400
-0.0137641400
-0.0109966800
-0.0047946910
0.0033334410
0.0117379400
0.0176039200
0.0182410500
0.0153368700
0.0112825100
0.0037901270
-0.0078925870
-0.0196088500
-0.0258452400
-0.0242681800
-0.0172187800
-0.0100822900
-0.0074048470
-0.0099426790
-0.0147572700
-0.0161897600
-0.0122792400
-0.0048174550
0.0023086100
0.0041595860
0.0013872700
-0.0032579290
-0.0071760410
-0.0080645740
-0.0063960140
-0.0034356370
-0.0003860275
0.0027750710
0.0043604570
0.0003835502
-0.0078142370
-0.0137612900
-0.0138437400
-0.0083129330
0.0002399786
0.0077033920
0.0127196100
0.0138402900
0.0096188660
0.0052138260
0.0042271240
0.0044895220
0.0044183100
0.0041414010
0.0056991660
0.0096631720
0.0156199700
0.0192765700
0.0151297000
0.0083571370
0.0029135760
-0.0012981090
-0.0005687851
0.0030474220
0.0037760750
0.0007525948
-0.0039267760
-0.0092816400
-0.0149205800
-0.0187920000
-0.0192668400
-0.0169047200
-0.0130794000
-0.0082545510
-0.0028272360
0.0021441740
0.0069327300
0.0112266400
0.0122245100
0.0094732990
0.0060535740
0.0033631380
0.0006772408
-0.0034952700
-0.0098161330
-0.0147313200
-0.0162718400
-0.0160017300
-0.0148247500
-0.0141799600
-0.0133473600
-0.0112954500
-0.0092012690
-0.0072363670
-0.0055951250
-0.0055328980
-0.0078425610
-0.0102496000
-0.0082447350
-0.0004472526
0.0076236450
0.0110545200
0.0116976500
0.0114476400
0.0120822400
0.0137953100
0.0124647400
0.0068312070
-0.0019362090
-0.0106847000
-0.0141559900
-0.0121374400
-0.0077353460
-0.0026460110
0.0030211670
0.0084774210
0.0137092100
0.0211323000
0.0280351400
0.0319796300
0.0348702400
0.0354743800
0.0329154900
0.0267711900
0.0183591700
0.0126381200
0.0110998400
0.0115656700
0.0109029900
0.0072438230
0.0005762963
-0.0094213030
-0.0212483600
-0.0304406200
-0.0341669700
-0.0336137800
-0.0301985500
-0.0252069800
-0.0193991500
-0.0123245300
-0.0062216180
-0.0032029710
-0.0020255100
-0.0012778160
-0.0012564260
-0.0021737140
-0.0033939210
-0.0046262080
-0.0052396380
-0.0043670440
-0.0019785070
-0.0004384042
-0.0032979640
-0.0112241900
-0.0201058700
-0.0238812100
-0.0184365000
-0.0030772440
0.0149821400
0.0243425100
0.0199783700
0.0061921190
-0.0068279390
-0.0110117700
-0.0062478720
0.0006033915
0.0043053360
0.0037657170
-0.0017985230
-0.0102969000
-0.0163559600
-0.0155323700
-0.0088447160
-0.0000638280
0.0071894600
0.0093239680
0.0087116500
0.0081424820
0.0051046680
0.0001545266
-0.0030171640
-0.0025925480
-0.0002811023
0.0013324100
0.0008735715
-0.0025909610
-0.0057552590
-0.0055375140
-0.0029372060
0.0014209980
0.0062500660
0.0096476530
0.0121844400
0.0161758100
0.0210334600
0.0242678800
0.0245268600
0.0215472300
0.0187533800
0.0187316300
0.0201681500
0.0216473000
0.0197082200
0.0121843300
0.0021696580
-0.0071717000
-0.0133077600
-0.0152316500
-0.0156628500
-0.0151431400
-0.0104576500
-0.0021589560
0.0050202310
0.0086142970
0.0080690320
0.0036843060
-0.0030220960
-0.0103475000
-0.0157004100
-0.0173447600
-0.0149855200
-0.0103961000
-0.0080016030
-0.0097227520
-0.0136054300
-0.0179044100
-0.0216821600
-0.0242079400
-0.0253259800
-0.0223152700
-0.0128622300
-0.0003501547
0.0113212900
0.0186551300
0.0208780900
0.0209319000
0.0173280700
0.0101094000
0.0041670220
0.0019351980
0.0021390760
0.0042677730
0.0082533360
0.0082344710
0.0021626680
-0.0082428490
-0.0208724300
-0.0256307700
-0.0190475700
-0.0068198660
0.0057327100
0.0148937400
0.0215571800
0.0248438800
0.0247110500
0.0257496000
0.0291781200
0.0323516000
0.0319139200
0.0265068600
0.0171679800
0.0069549370
-0.0001958176
-0.0033699700
-0.0010928230
0.0050831410
0.0076892260
0.0043873620
-0.0016758910
-0.0065178780
-0.0068954510
-0.0040006520
-0.0034956840
-0.0074941180
-0.0119570400
-0.0147062900
-0.0147056000
-0.0120481500
-0.0102853200
-0.0113269000
-0.0151985200
-0.0218022600
-0.0301339900
-0.0367398100
-0.0365391900
-0.0291892200
-0.0182874300
-0.0048496210
0.0084622110
0.0160491400
0.0160848800
0.0108845800
0.0053348460
0.0030190040
0.0038190440
0.0063347860
0.0083560570
0.0087087820
0.0078867770
0.0056860510
0.0023455520
-0.0016209630
-0.0073533440
-0.0136158000
-0.0167800200
-0.0154771600
-0.0085078250
0.0038477520
0.0161628900
0.0236830300
0.0258800000
0.0248351400
0.0231091900
0.0213756700
0.0216655400
0.0253951000
0.0285319900
0.0266336200
0.0193830100
0.0088128540
-0.0024444250
-0.0117752100
-0.0184631800
-0.0230723800
-0.0254604900
-0.0256867000
-0.0254380300
-0.0260978400
-0.0288455800
-0.0343064800
-0.0373494300
-0.0330568000
-0.0236718600
-0.0144685000
-0.0064692790
0.0040212340
0.0141612500
0.0181835500
0.0180795800
0.0191006600
0.0241371800
0.0305596200
0.0349138000
0.0381621500
0.0376123200
0.0282023900
0.0139915100
0.0033757310
0.0007236245
0.0071561590
0.0187001200
0.0273780200
0.0286170800
0.0231937200
0.0136529000
0.0028993890
-0.0043311070
-0.0045806870
-0.0009338191
0.0001839342
-0.0039616350
-0.0122268200
-0.0236821800
-0.0360200400
-0.0446723700
-0.0475304800
-0.0455859800
-0.0414506000
-0.0385350500
-0.0382839500
-0.0377793900
-0.0346896700
-0.0287635800
-0.0211943100
-0.0162520600
-0.0125800500
-0.0097659230
-0.0095005480
-0.0067648990
-0.0005342216
0.0091757350
0.0221915400
0.0348536200
0.0438576700
0.0466620400
0.0470602200
0.0483107300
0.0510968200
0.0577489000
0.0649205200
0.0678979100
0.0641330300
0.0539694500
0.0427764700
0.0310487400
0.0185879300
0.0087782230
0.0023890860
-0.0009821507
-0.0042787860
-0.0100412900
-0.0220949200
-0.0405194300
-0.0559831800
-0.0650730800
-0.0673132600
-0.0633919200
-0.0596695900
-0.0565342300
-0.0522262200
-0.0452856200
-0.0332280500
-0.0197302800
-0.0068167630
0.0056627520
0.0165422000
0.0265058500
0.0339275900
0.0368667000
0.0317663700
0.0186487800
0.0000889752
-0.0226594200
-0.0364018700
-0.0332864700
-0.0196343400
-0.0054892610
-0.0039095540
-0.0174863100
-0.0370323000
-0.0546964000
-0.0687514900
-0.0746280000
-0.0701840400
-0.0628895000
-0.0557878000
-0.0497638200
-0.0472061700
-0.0463809000
-0.0426961900
-0.0335899600
-0.0201465800
-0.0052827510
0.0089323660
0.0238289500
0.0371525800
0.0521108500
0.0692372100
0.0760999100
0.0776453200
0.0778458000
0.0737577200
0.0730920700
0.0706814900
0.0611385100
0.0495983700
0.0401783200
0.0326507000
0.0230424700
0.0113848400
-0.0011077890
-0.0128911000
-0.0226590200
-0.0302187400
-0.0316939300
-0.0285257700
-0.0330750700
-0.0452095800
-0.0511946900
-0.0487993100
-0.0399011200
-0.0245766000
-0.0100077700
-0.0005444456
0.0063228280
0.0095405720
0.0071642450
0.0004802671
-0.0094114680
-0.0208765800
-0.0318876400
-0.0408148200
-0.0467138200
-0.0497746000
-0.0508756600
-0.0461107900
-0.0323103400
-0.0158948400
-0.0022723350
0.0043817800
0.0020029350
-0.0042898910
-0.0117175600
-0.0171494400
-0.0158203300
-0.0113102800
-0.0060176360
0.0053620480
0.0165592800
0.0196026300
0.0206020900
0.0182974000
0.0118892800
0.0111718300
0.0153692200
0.0210769300
0.0307375700
0.0380604000
0.0362957400
0.0288974800
0.0171831700
-0.0005453714
-0.0205087200
-0.0348772100
-0.0342487100
-0.0173626600
0.0060876210
0.0278494800
0.0455274800
0.0580553800
0.0610838500
0.0527162600
0.0357044800
0.0167121700
0.0049688230
0.0041900830
0.0163036400
0.0355310300
0.0529674600
0.0664980700
0.0754018500
0.0814808000
0.0738322000
0.0414179900
0.0050101450
-0.0090620730
-0.0124987900
-0.0212541400
-0.0227463800
-0.0175319100
-0.0179096200
-0.0255555300
-0.0353608900
-0.0401023800
-0.0384377600
-0.0339742400
-0.0333838600
-0.0373153700
-0.0401669700
-0.0369790100
-0.0265466500
-0.0132210100
0.0004122245
0.0138451300
0.0256348400
0.0326048400
0.0315080300
0.0262007500
0.0229858600
0.0224034800
0.0243903600
0.0300156400
0.0360841900
0.0380593500
0.0362372200
0.0285993900
0.0135276900
-0.0013952340
-0.0135834900
-0.0245277300
-0.0297043900
-0.0310212700
-0.0320750800
-0.0331720000
-0.0366893100
-0.0346303900
-0.0262738600
-0.0252085100
-0.0334058200
-0.0430770700
-0.0439604700
-0.0360431100
-0.0281323700
-0.0211029800
-0.0172963900
-0.0199729400
-0.0261000300
-0.0331541000
-0.0380314400
-0.0359023000
-0.0230224000
-0.0027476460
0.0169125700
0.0334131300
0.0453547000
0.0517109400
0.0522312300
0.0468033400
0.0387229500
0.0313144800
0.0265816900
0.0252356100
0.0260884100
0.0264450800
0.0257504400
0.0251313600
0.0251752600
0.0280383800
0.0315043600
0.0293277400
0.0202553500
0.0055984940
-0.0086967740
-0.0121853700
-0.0077673350
-0.0047764040
-0.0032086960
-0.0017257260
-0.0007617143
-0.0010600030
-0.0026064250
-0.0042537970
-0.0048593630
-0.0040168460
-0.0034393360
-0.0023050800
-0.0006068658
-0.0026124150
-0.0078331170
-0.0115025600
-0.0097810520
-0.0013588400
0.0123510900
0.0295724500
0.0468979700
0.0586353600
0.0616777200
0.0587520100
0.0507445000
0.0400172600
0.0324454700
0.0288123100
0.0323908600
0.0417912700
0.0500900400
0.0539946700
0.0490810200
0.0360185400
0.0190091000
0.0035793120
-0.0080833880
-0.0192118100
-0.0286258700
-0.0344085400
-0.0356462400
-0.0326892800
-0.0268873300
-0.0239868000
-0.0286971200
-0.0312402400
-0.0281610200
-0.0286833800
-0.0335417000
-0.0400479000
-0.0460244900
-0.0465452900
-0.0433068400
-0.0415050700
-0.0436516200
-0.0485399300
-0.0509868600
-0.0501330300
-0.0471512200
-0.0418946900
-0.0362544100
-0.0308057500
-0.0256732400
-0.0222244000
-0.0207683800
-0.0217539000
-0.0262877900
-0.0333951300
-0.0410843400
-0.0477271000
-0.0515196100
-0.0505786900
-0.0432693700
-0.0336769600
-0.0253882000
-0.0175082000
-0.0128778300
-0.0102038600
-0.0061944860
-0.0022511570
0.0039392420
0.0159995800
0.0316160300
0.0462749700
0.0590807900
0.0689106500
0.0755164400
0.0801846400
0.0820002300
0.0829120100
0.0826068100
0.0794563600
0.0780725000
0.0794302800
0.0789545100
0.0735783400
0.0640486200
0.0529211600
0.0433419100
0.0393595000
0.0421338800
0.0499327800
0.0582313700
0.0623331700
0.0626916800
0.0622359600
0.0614576600
0.0587665600
0.0557695300
0.0552275200
0.0546519500
0.0498445100
0.0399958700
0.0264935600
0.0102813700
-0.0103912400
-0.0356526400
-0.0586833700
-0.0734755400
-0.0811094800
-0.0860062000
-0.0918791300
-0.0992531200
-0.1058650000
-0.1104879000
-0.1128092000
-0.1108039000
-0.1051571000
-0.1015198000
-0.1023970000
-0.1030310000
-0.1015845000
-0.1022717000
-0.1051735000
-0.1070119000
-0.1074123000
-0.1061810000
-0.1015078000
-0.0936111200
-0.0813961700
-0.0660993100
-0.0527941600
-0.0415850000
-0.0363040900
-0.0336554100
-0.0252153800
-0.0149300800
0.0014452380
0.0245699700
0.0450682500
0.0620306100
0.0773799900
0.0937180500
0.1019999000
0.0993810600
0.1018399000
0.1080997000
0.1118459000
0.1160396000
0.1176903000
0.1185361000
0.1186173000
0.1121656000
0.1035313000
0.0977852600
0.0933223700
0.0863444100
0.0765579100
0.0664834100
0.0566869800
0.0474696900
0.0393410100
0.0406375400
0.0483542700
0.0471646600
0.0414323500
0.0353698000
0.0259017600
0.0162140800
0.0067161480
-0.0018238500
-0.0081588180
-0.0126991900
-0.0167212100
-0.0205077400
-0.0241731100
-0.0290379300
-0.0360031900
-0.0494483700
-0.0633595200
-0.0739339300
-0.0887445200
-0.1031552000
-0.1145998000
-0.1203574000
-0.1147570000
-0.1036415000
-0.0937005200
-0.0903642000
-0.0961129600
-0.1097478000
-0.1291531000
-0.1512577000
-0.1673586000
-0.1728383000
-0.1708500000
-0.1573397000
-0.1345314000
-0.1060631000
-0.0831892600
-0.0632532700
-0.0481554200
-0.0584551500
-0.0587915200
-0.0490328200
-0.0209176900
0.0237433800
0.0611691500
0.1585257000
0.2090037000
0.1677884000
0.1638344000
0.1471345000
0.1252794000
0.1390446000
0.1457733000
0.1633236000
0.1714006000
0.1576509000
0.1465715000
0.1259639000
0.1120019000
0.1075609000
0.1004185000
0.0983214700
0.0936790100
0.0867439900
0.0759717500
0.0626772800
0.0517878500
0.0375955100
0.0233664300
0.0128435100
0.0029792880
-0.0091397960
-0.0261408900
-0.0429474000
-0.0564353000
-0.0751653600
-0.0914056700
-0.0978985600
-0.1011258000
-0.1001875000
-0.0980114100
-0.0954022300
-0.0876665700
-0.0729767200
-0.0559823400
-0.0471209600
-0.0453117200
-0.0453296800
-0.0458523800
-0.0470096000
-0.0534409300
-0.0618716200
-0.0661321500
-0.0653074900
-0.0625974700
-0.0643581900
-0.0654375700
-0.0615918700
-0.0583939600
-0.0537621000
-0.0466720200
-0.0418390200
-0.0379658400
-0.0332724200
-0.0303209200
-0.0301223500
-0.0283629200
-0.0218170000
-0.0124619600
-0.0019511720
0.0071754410
0.0141137700
0.0203580900
0.0277397600
0.0393973100
0.0479082400
0.0502837700
0.0585374200
0.0717543200
0.0874561900
0.1094961000
0.1266726000
0.1319557000
0.1341032000
0.1361313000
0.1342474000
0.1293017000
0.1218605000
0.1078456000
0.0884424000
0.0699205300
0.0518878300
0.0358463200
0.0200201200
-0.0023436580
-0.0203325700
-0.0299678700
-0.0384197400
-0.0417298400
-0.0391433600
-0.0340806200
-0.0300264200
-0.0291151500
-0.0285313000
-0.0256120800
-0.0208049700
-0.0154337700
-0.0099897460
-0.0036235280
0.0044777510
0.0126914100
0.0206695000
0.0254475700
0.0249506300
0.0189557900
0.0123755300
0.0188734000
0.0292761100
0.0359737700
0.0441516200
0.0359322800
0.0161110600
0.0079860530
0.0059834850
0.0026146390
-0.0018434090
-0.0065270930
-0.0104422000
-0.0169771000
-0.0232233300
-0.0313010700
-0.0473486500
-0.0607565600
-0.0678008500
-0.0783057000
-0.0908782700
-0.0973407300
-0.0959689800
-0.0887484800
-0.0759841200
-0.0604621100
-0.0466170200
-0.0370280200
-0.0325517500
-0.0304357900
-0.0312577200
-0.0327698000
-0.0293843100
-0.0240337300
-0.0170748300
-0.0062415280
0.0082290200
0.0289562300
0.0513750700
0.0658399800
0.0835454300
0.1003538000
0.0949218200
0.0911656100
0.0943045400
0.0858215500
0.0786387600
0.0713748800
0.0595998600
0.0512481800
0.0463003600
0.0387567600
0.0290578600
0.0219598900
0.0141081800
0.0052726480
-0.0043467830
-0.0139250900
-0.0225112800
-0.0325247100
-0.0409691600
-0.0453647500
-0.0476709900
-0.0467996100
-0.0421526700
-0.0354213500
-0.0274038400
-0.0285447500
-0.0333483900
-0.0308443800
-0.0315227600
-0.0302114500
-0.0260449900
-0.0175858300
0.0011308620
0.0093072390
0.0096450990
0.0123465600
0.0111987000
0.0124019300
0.0128026100
0.0070072220
-0.0000527041
-0.0059499280
-0.0132574800
-0.0244547500
-0.0340098400
-0.0394503900
-0.0400736800
-0.0370062200
-0.0342198100
-0.0319313500
-0.0384180800
-0.0508427800
-0.0572458600
-0.0614288200
-0.0626733200
-0.0594829000
-0.0557459100
-0.0498302500
-0.0437442100
-0.0311147700
-0.0116678500
0.0161416400
0.0686476900
0.1195633000
0.1510947000
0.1773468000
0.1957840000
0.2064742000
0.2020988000
0.1942305000
0.1924697000
0.1713210000
0.1345977000
0.1013004000
0.0795471100
0.0677183300
0.0586189400
0.0581307100
0.0630092800
0.0730196700
0.0636132900
0.0265811000
-0.0183468100
-0.1037608000
-0.1687126000
-0.1811081000
-0.2164646000
-0.2331243000
-0.2143958000
-0.1980152000
-0.1847687000
-0.1802178000
-0.1823278000
-0.1895832000
-0.1788092000
-0.1544196000
-0.1432772000
-0.1375773000
-0.1310750000
-0.1254614000
-0.1271889000
-0.1375109000
-0.1473543000
-0.1512491000
-0.1474758000
-0.1327934000
-0.1047919000
-0.0690855800
-0.0380339900
-0.0194805000
-0.0058066540
0.0095549130
0.0223045200
0.0302578900
0.0359278000
0.0457373600
0.0597461300
0.0684334500
0.0710168900
0.0713331800
0.0706027400
0.0748104700
0.0832544500
0.0955068800
0.1152854000
0.1344611000
0.1521618000
0.1665711000
0.1747725000
0.1855382000
0.1914829000
0.1893440000
0.1770359000
0.1485795000
0.1187191000
0.0972414600
0.0893335300
0.0940135000
0.1011800000
0.1072636000
0.1081071000
0.1035928000
0.0960174800
0.0873028700
0.0796889800
0.0707603900
0.0618064700
0.0513843200
0.0364451200
0.0208120400
0.0075270870
-0.0010774230
-0.0108805300
-0.0241645600
-0.0447895600
-0.0828165700
-0.1183076000
-0.1384303000
-0.1500497000
-0.1489282000
-0.1422708000
-0.1393817000
-0.1420224000
-0.1498267000
-0.1571914000
-0.1627307000
-0.1662621000
-0.1679350000
-0.1671898000
-0.1596353000
-0.1477957000
-0.1397799000
-0.1375117000
-0.1408208000
-0.1492892000
-0.1571750000
-0.1573157000
-0.1520237000
-0.1414945000
-0.1179319000
-0.0905790600
-0.0506189400
0.0030818020
0.0298822200
0.0465875700
0.0890174100
0.1346072000
0.1612340000
0.1811544000
0.2093161000
0.2404189000
0.2669187000
0.2789472000
0.2748155000
0.2667960000
0.2604018000
0.2520541000
0.2439792000
0.2457463000
0.2483280000
0.2451368000
0.2390517000
0.2240019000
0.2038605000
0.1821786000
0.1584646000
0.1349227000
0.1102085000
0.0850113100
0.0620480200
0.0477744200
0.0377259100
0.0221940800
0.0035070940
-0.0165224200
-0.0326694700
-0.0459167500
-0.0586501300
-0.0745468400
-0.1002571000
-0.1258133000
-0.1587402000
-0.1989212000
-0.2248687000
-0.2413968000
-0.2518811000
-0.2507728000
-0.2411763000
-0.2278307000
-0.2178110000
-0.2129296000
-0.2089555000
-0.2050048000
-0.2013682000
-0.1996235000
-0.1995359000
-0.1959281000
-0.1891663000
-0.1817608000
-0.1725010000
-0.1617076000
-0.1495515000
-0.1356736000
-0.1229103000
-0.1123659000
-0.1017229000
-0.0862513400
-0.0648779600
-0.0491493000
-0.0419541600
-0.0353250700
-0.0282617100
-0.0180977200
-0.0037478840
0.0165815700
0.0410117900
0.0669903900
0.1025544000
0.1423073000
0.1837713000
0.2229703000
0.2470126000
0.2592054000
0.2691982000
0.2764485000
0.2683613000
0.2621446000
0.2565770000
0.2401001000
0.2409528000
0.2349452000
0.2074589000
0.1888860000
0.1780736000
0.1659428000
0.1544446000
0.1509676000
0.1465775000
0.1348263000
0.1200219000
0.0961613900
0.0630683800
0.0349913600
0.0168795300
-0.0010693880
-0.0268191700
-0.0791139300
-0.1174700000
-0.1400253000
-0.2173272000
-0.2573796000
-0.2206349000
-0.2010118000
-0.1915321000
-0.1857746000
-0.1902114000
-0.2023744000
-0.2285301000
-0.2492673000
-0.2681335000
-0.2747957000
-0.2519991000
-0.2250760000
-0.2029873000
-0.1817745000
-0.1656310000
-0.1529628000
-0.1594779000
-0.1763423000
-0.1758078000
-0.1660207000
-0.1509577000
-0.1335215000
-0.1114628000
-0.0762168600
-0.0380842000
0.0126921900
0.0719904100
0.1207078000
0.1613890000
0.2029743000
0.2603934000
0.3078248000
0.3134194000
0.3039399000
0.3104679000
0.3293667000
0.3469708000
0.3564154000
0.3542502000
0.3467264000
0.3333483000
0.3103149000
0.2849115000
0.2593147000
0.2366736000
0.2155831000
0.1925645000
0.1707144000
0.1459317000
0.1166322000
0.0887662100
0.0689034400
0.0572144800
0.0464265200
0.0256726300
-0.0057064230
-0.0325841200
-0.0571615300
-0.0879880500
-0.1276281000
-0.1711920000
-0.1978789000
-0.2085123000
-0.2171946000
-0.2383164000
-0.2620441000
-0.2608896000
-0.2552575000
-0.2590583000
-0.2608268000
-0.2582277000
-0.2496169000
-0.2441177000
-0.2430194000
-0.2402097000
-0.2305731000
-0.2122413000
-0.1909106000
-0.1673499000
-0.1452864000
-0.1269450000
-0.1099179000
-0.0948394400
-0.0810581000
-0.0681545200
-0.0572195900
-0.0480672900
-0.0410509800
-0.0351464200
-0.0260420600
-0.0161036800
-0.0082740460
0.0001735277
0.0097153680
0.0225359700
0.0385938300
0.0538604000
0.0689490700
0.0810847000
0.0906061800
0.1031798000
0.1120681000
0.1210567000
0.1357701000
0.1415698000
0.1431739000
0.1489318000
0.1518892000
0.1564137000
0.1624233000
0.1655270000
0.1691937000
0.1727148000
0.1754885000
0.1777529000
0.1742162000
0.1642858000
0.1508243000
0.1358719000
0.1237953000
0.1137374000
0.1057192000
0.0987669800
0.0899788000
0.0805933000
0.0664730600
0.0484571600
0.0287696100
0.0056342540
-0.0200635000
-0.0465828800
-0.0691438300
-0.0903167500
-0.1078478000
-0.1163503000
-0.1226890000
-0.1285630000
-0.1318204000
-0.1315333000
-0.1292218000
-0.1273516000
-0.1250616000
-0.1238525000
-0.1220394000
-0.1175801000
-0.1128258000
-0.1088227000
-0.1053279000
-0.1012971000
-0.0953752200
-0.0876494600
-0.0795906700
-0.0711057600
-0.0615049800
-0.0517067900
-0.0430348600
-0.0354634300
-0.0281017600
-0.0204047700
-0.0110736800
-0.0009696105
0.0087851810
0.0180146800
0.0260538400
0.0341848800
0.0423313200
0.0492452400
0.0549746200
0.0616923500
0.0701355200
0.0783302600
0.0867896600
0.0941656300
0.0986144100
0.1009711000
0.1017581000
0.1044557000
0.1079718000
0.1072160000
0.1066975000
0.1070716000
0.1035406000
0.0999744400
0.0968215400
0.0914030800
0.0850471600
0.0767954100
0.0656886300
0.0521277700
0.0372618600
0.0221562300
0.0058699520
-0.0111867000
-0.0283185800
-0.0459307200
-0.0621604500
-0.0745775100
-0.0829338300
-0.0920214500
-0.1045979000
-0.1144817000
-0.1201778000
-0.1236076000
-0.1245831000
-0.1241894000
-0.1197678000
-0.1120400000
-0.1050484000
-0.0988856100
-0.0931299200
-0.0867576500
-0.0791812500
-0.0709171600
-0.0626518500
-0.0541942900
-0.0446060100
-0.0351834700
-0.0268737400
-0.0193614100
-0.0118150700
-0.0020930430
0.0099596060
0.0244798300
0.0409246700
0.0562019300
0.0698595700
0.0813100000
0.0897580900
0.0970119800
0.1035273000
0.1086759000
0.1122877000
0.1142923000
0.1144067000
0.1126264000
0.1100600000
0.1069486000
0.1030233000
0.0987704200
0.0936529400
0.0873114300
0.0801069900
0.0718395900
0.0621029500
0.0505340400
0.0380630100
0.0261239500
0.0148680400
0.0043518220
-0.0050509670
-0.0133631800
-0.0205900500
-0.0270611800
-0.0323956500
-0.0380725200
-0.0469612600
-0.0582005200
-0.0720591400
-0.0864559000
-0.1058286000
-0.1309349000
-0.1331316000
-0.1229121000
-0.1338673000
-0.1388907000
-0.1290805000
-0.1268700000
-0.1254414000
-0.1164237000
-0.1046424000
-0.0957166900
-0.0850592000
-0.0755960200
-0.0724875300
-0.0701424600
-0.0677821200
-0.0596383400
-0.0451637900
-0.0318280000
-0.0170275100
0.0009324033
0.0185388500
0.0362779200
0.0537365000
0.0728422400
0.0958831100
0.1154726000
0.1267020000
0.1287585000
0.1271823000
0.1279604000
0.1289986000
0.1325384000
0.1410561000
0.1521468000
0.1599876000
0.1606946000
0.1546405000
0.1440107000
0.1304510000
0.1138452000
0.0977947300
0.0835377500
0.0703542000
0.0575547000
0.0443350100
0.0324308100
0.0196244600
0.0059216190
-0.0059475210
-0.0170324300
-0.0267542100
-0.0360597500
-0.0479264800
-0.0621043600
-0.0767897400
-0.0897520100
-0.1028765000
-0.1153619000
-0.1236860000
-0.1317319000
-0.1383127000
-0.1415884000
-0.1436538000
-0.1413398000
-0.1353885000
-0.1273445000
-0.1145305000
-0.0986037000
-0.0848871800
-0.0744829900
-0.0658665200
-0.0601803100
-0.0569109200
-0.0547127600
-0.0515737400
-0.0446611200
-0.0348592100
-0.0222314200
-0.0067591440
0.0105670900
0.0306810400
0.0540801500
0.0793166100
0.1030381000
0.1262020000
0.1458678000
0.1565130000
0.1665606000
0.1740821000
0.1727787000
0.1712967000
0.1686319000
0.1619936000
0.1543442000
0.1435486000
0.1293059000
0.1174374000
0.1091478000
0.1004056000
0.0925146900
0.0841949600
0.0725887300
0.0602096400
0.0492313400
0.0398659300
0.0311250400
0.0193270000
0.0030323060
-0.0165633100
-0.0413311100
-0.0668035900
-0.0881192800
-0.1052625000
-0.1161760000
-0.1245714000
-0.1339214000
-0.1441367000
-0.1507656000
-0.1492666000
-0.1456058000
-0.1407511000
-0.1318104000
-0.1214240000
-0.1122177000
-0.1073672000
-0.1069298000
-0.1075204000
-0.1074989000
-0.1070326000
-0.1058659000
-0.1025304000
-0.0976648800
-0.0940063000
-0.0911231200
-0.0866024100
-0.0812790100
-0.0757746300
-0.0681467100
-0.0567323400
-0.0424246900
-0.0301447200
-0.0195148500
-0.0072106280
0.0044004130
0.0147266300
0.0232326100
0.0296883600
0.0369839700
0.0463587700
0.0555081400
0.0618874400
0.0692387400
0.0777236600
0.0809505200
0.0776505400
0.0709174000
0.0651639000
0.0620432000
0.0602573100
0.0587681300
0.0565611300
0.0533882100
0.0492188300
0.0446066400
0.0388337600
0.0319136300
0.0249372500
0.0171501400
0.0075118100
-0.0056509290
-0.0203365800
-0.0331163000
-0.0433768600
-0.0509862400
-0.0563341600
-0.0593837800
-0.0601093500
-0.0596500000
-0.0586494400
-0.0520386800
-0.0409989700
-0.0359024900
-0.0357662800
-0.0360440800
-0.0377101400
-0.0385876900
-0.0372045200
-0.0340893000
-0.0269517900
-0.0172622100
-0.0060910390
0.0065196210
0.0164057700
0.0281487900
0.0417159900
0.0535609600
0.0634270000
0.0695129300
0.0797567600
0.0885292700
0.0906724200
0.0943005100
0.0916914900
0.0793717900
0.0664208700
0.0558154100
0.0459338400
0.0388289400
0.0352816300
0.0328705700
0.0313047600
0.0289527500
0.0243774100
0.0172846000
0.0081012980
-0.0006823592
-0.0088719610
-0.0206947800
-0.0349294600
-0.0474588500
-0.0591903300
-0.0678024700
-0.0742885800
-0.0807314300
-0.0844126300
-0.0867980800
-0.0879242200
-0.0868532600
-0.0813555600
-0.0698637600
-0.0581228900
-0.0487786800
-0.0404964700
-0.0336391700
-0.0289272600
-0.0260763600
-0.0237123800
-0.0212591100
-0.0185390200
-0.0148647700
-0.0104332000
-0.0058428980
0.0000005552
0.0072251260
0.0141565300
0.0214187300
0.0306291300
0.0395445300
0.0455372700
0.0500788500
0.0541394000
0.0558716300
0.0530231600
0.0470772700
0.0416952000
0.0369086000
0.0324133500
0.0288955400
0.0257553700
0.0227920400
0.0200554400
0.0173802200
0.0146213300
0.0115359600
0.0090938600
0.0080028010
0.0071685520
0.0063112230
0.0055203850
0.0044793730
0.0040866150
0.0044675500
0.0047259930
0.0051698350
0.0056380440
0.0061216900
0.0075694270
0.0089714440
0.0100452600
0.0117358900
0.0129040800
0.0136286400
0.0153663900
0.0177124600
0.0196653400
0.0209856200
0.0221730600
0.0235980400
0.0248613000
0.0253399300
0.0244715700
0.0230035600
0.0221738200
0.0218654600
0.0220572100
0.0221892600
0.0216153800
0.0204780100
0.0182545600
0.0154777900
0.0124919000
0.0093149020
0.0069351460
0.0052485600
0.0043068170
0.0040365880
0.0041915000
0.0045101350
0.0042805670
0.0039366340
0.0038508490
0.0044020770
0.0048959450
0.0053832250
0.0072527180
0.0083183300
0.0068066760
0.0033380380
-0.0004930199
-0.0025420110
-0.0030812720
-0.0033963970
-0.0045070470
-0.0075921520
-0.0124817400
-0.0181116900
-0.0231885600
-0.0275153200
-0.0331117600
-0.0387029000
-0.0425435100
-0.0458504400
-0.0465290200
-0.0453228300
-0.0454885300
-0.0449364900
-0.0434204700
-0.0438423500
-0.0470254900
-0.0499967100
-0.0490684600
-0.0469080300
-0.0435729400
-0.0355642200
-0.0259347200
-0.0176314600
-0.0109619500
-0.0036422520
0.0043724110
0.0096132670
0.0146121400
0.0232488500
0.0355126400
0.0459982800
0.0516490900
0.0550907400
0.0555125600
0.0540042400
0.0522481300
0.0522336400
0.0558785600
0.0622732900
0.0723021000
0.0795453500
0.0811406400
0.0804910500
0.0761999700
0.0708053800
0.0655439400
0.0616302300
0.0590951800
0.0560776600
0.0550501900
0.0530514000
0.0474363500
0.0388648600
0.0273107400
0.0152965400
0.0055217680
-0.0010625470
-0.0059719940
-0.0104791500
-0.0162599300
-0.0244061700
-0.0328700700
-0.0398926400
-0.0451209400
-0.0486720000
-0.0511406300
-0.0542177000
-0.0573310400
-0.0597313000
-0.0612166100
-0.0636037300
-0.0677163700
-0.0668317200
-0.0654830700
-0.0621323300
-0.0514904100
-0.0511546600
-0.0546988600
-0.0492996800
-0.0457820800
-0.0431009900
-0.0379127800
-0.0319966000
-0.0257745300
-0.0206925800
-0.0178179100
-0.0163540000
-0.0137635200
-0.0105121100
-0.0064086550
-0.0006794032
0.0048354440
0.0096389320
0.0145295600
0.0194240000
0.0240714000
0.0297539900
0.0384171500
0.0477990800
0.0578082500
0.0696049100
0.0784183400
0.0832941400
0.0862057500
0.0888897400
0.0906256400
0.0890321000
0.0865650400
0.0833042400
0.0778678800
0.0698134100
0.0598195800
0.0510829800
0.0445402400
0.0401408500
0.0356071400
0.0291125900
0.0221762800
0.0145448100
0.0058322590
-0.0042698080
-0.0157597600
-0.0271230800
-0.0379177500
-0.0495982800
-0.0630411900
-0.0752460300
-0.0853425700
-0.0943465700
-0.1010121000
-0.1065119000
-0.1099620000
-0.1103303000
-0.1117934000
-0.1136164000
-0.1122215000
-0.1087129000
-0.1037384000
-0.0977825500
-0.0920732600
-0.0867360400
-0.0812281200
-0.0750777600
-0.0694163200
-0.0650887900
-0.0613576800
-0.0565277400
-0.0501206400
-0.0433066200
-0.0357303200
-0.0257787900
-0.0132427800
0.0011049480
0.0156271100
0.0294512200
0.0451584400
0.0602690900
0.0700861300
0.0806429900
0.0960201100
0.1086969000
0.1174838000
0.1263771000
0.1306495000
0.1288691000
0.1248140000
0.1196961000
0.1147077000
0.1102713000
0.1059874000
0.1003892000
0.0927921500
0.0850664300
0.0775381600
0.0682174300
0.0581397300
0.0498904900
0.0430945200
0.0360067800
0.0274382700
0.0181732000
0.0078971960
-0.0033958180
-0.0153110000
-0.0299543300
-0.0450175700
-0.0576303000
-0.0672573700
-0.0743406200
-0.0823882700
-0.0899266400
-0.0953635300
-0.1002763000
-0.1034735000
-0.1055662000
-0.1061642000
-0.1028510000
-0.0963899900
-0.0898724300
-0.0850701000
-0.0814494600
-0.0786170600
-0.0758252000
-0.0728717200
-0.0705036600
-0.0679121600
-0.0642594900
-0.0591022400
-0.0524317000
-0.0457271800
-0.0399606400
-0.0339343400
-0.0265503400
-0.0182692300
-0.0083150800
0.0005468012
0.0062489260
0.0146806900
0.0238683600
0.0289922500
0.0341844300
0.0392687300
0.0419306100
0.0441656800
0.0462254400
0.0474243300
0.0474673600
0.0469267500
0.0471175900
0.0462145900
0.0442938900
0.0443509800
0.0461184300
0.0461532000
0.0419893000
0.0383791200
0.0373703500
0.0344396300
0.0327108000
0.0348581000
0.0375482100
0.0396051000
0.0412658100
0.0429049700
0.0430743900
0.0420167100
0.0417614900
0.0412496300
0.0396987400
0.0374234700
0.0339197800
0.0293479700
0.0256093300
0.0239342000
0.0231006600
0.0228157100
0.0240729800
0.0255840900
0.0269056600
0.0281213600
0.0295852100
0.0334197200
0.0344595900
0.0288285000
0.0241853000
0.0233051500
0.0212814900
0.0166779100
0.0096677290
0.0021416640
-0.0039417990
-0.0119478600
-0.0230329400
-0.0335796700
-0.0412887200
-0.0470992700
-0.0513641700
-0.0533173500
-0.0546338600
-0.0559505000
-0.0574575300
-0.0581619400
-0.0567526400
-0.0561599900
-0.0570809900
-0.0573093500
-0.0555143400
-0.0529903300
-0.0522163100
-0.0509896300
-0.0476753500
-0.0438164600
-0.0391333900
-0.0331082400
-0.0263365300
-0.0195860800
-0.0128968600
-0.0057937070
0.0014352340
0.0084407180
0.0159829200
0.0241284100
0.0312912400
0.0378435800
0.0435107100
0.0459432800
0.0463948600
0.0462189600
0.0447490000
0.0423861400
0.0398331100
0.0366262500
0.0315391300
0.0258543900
0.0201295000
0.0132863900
0.0060747070
-0.0011759940
-0.0079656650
-0.0134321900
-0.0179039800
-0.0221658300
-0.0264115500
-0.0302100200
-0.0340294800
-0.0382109000
-0.0420515200
-0.0458364500
-0.0498891800
-0.0534341100
-0.0559015400
-0.0569619700
-0.0571110600
-0.0567424400
-0.0561654700
-0.0557349800
-0.0542159100
-0.0520439400
-0.0491087500
-0.0440816600
-0.0380368200
-0.0303345500
-0.0220407900
-0.0154259900
-0.0073405330
0.0032999580
0.0120571700
0.0174570800
0.0227548100
0.0304797200
0.0411772900
0.0528602100
0.0615176500
0.0655802500
0.0672791100
0.0695278800
0.0730900200
0.0773462600
0.0816739100
0.0847813400
0.0856411500
0.0838956200
0.0795010300
0.0740798200
0.0683469600
0.0632300200
0.0600017300
0.0570782500
0.0540325300
0.0510784400
0.0469774700
0.0408309100
0.0334283700
0.0256802100
0.0174761300
0.0098204140
0.0032883970
-0.0023915720
-0.0081628730
-0.0150749600
-0.0223641600
-0.0292878400
-0.0354331500
-0.0403367300
-0.0440975100
-0.0466481700
-0.0481681400
-0.0480652200
-0.0458798400
-0.0438791600
-0.0431174300
-0.0429160400
-0.0427608300
-0.0419970500
-0.0409081300
-0.0393735900
-0.0370481800
-0.0332837100
-0.0280736900
-0.0217588100
-0.0137699300
-0.0052799990
0.0033387710
0.0125055600
0.0216597400
0.0301838300
0.0378662900
0.0454175800
0.0512104800
0.0545806900
0.0581339000
0.0625456600
0.0667935400
0.0700205600
0.0704498700
0.0670038600
0.0631372200
0.0608788400
0.0580880900
0.0553782800
0.0532406200
0.0505631300
0.0472783100
0.0429502100
0.0376253900
0.0315678300
0.0256149700
0.0204350200
0.0152997900
0.0099346740
0.0037395610
-0.0034101290
-0.0109980700
-0.0189752900
-0.0266037100
-0.0334168600
-0.0391922400
-0.0434894200
-0.0465965300
-0.0488493600
-0.0505841700
-0.0520761100
-0.0530899100
-0.0542660900
-0.0560194500
-0.0578734300
-0.0594741600
-0.0604242700
-0.0607648300
-0.0603470300
-0.0592257100
-0.0576226300
-0.0555164500
-0.0530107300
-0.0501822200
-0.0471335700
-0.0436144700
-0.0396172600
-0.0346392400
-0.0287730800
-0.0227517600
-0.0163508700
-0.0101864300
-0.0048474380
-0.0003935675
0.0031848770
0.0059880720
0.0080451070
0.0094703320
0.0104820900
0.0117440900
0.0127961400
0.0129772900
0.0127378500
0.0125659200
0.0127277200
0.0129507500
0.0130507300
0.0128950900
0.0120012200
0.0101975000
0.0076735360
0.0046343990
0.0010193050
-0.0031781660
-0.0076768430
-0.0121913900
-0.0165269800
-0.0205553700
-0.0241118100
-0.0272724600
-0.0301691600
-0.0326491100
-0.0346116900
-0.0356490700
-0.0357343300
-0.0357124400
-0.0358490000
-0.0358958300
-0.0359449200
-0.0362523800
-0.0369587500
-0.0378582800
-0.0384326900
-0.0381256300
-0.0368448300
-0.0348816200
-0.0320690200
-0.0283097000
-0.0239785900
-0.0194467900
-0.0151780900
-0.0114919100
-0.0082415890
-0.0050861060
-0.0017274930
0.0023186760
0.0072512520
0.0126921800
0.0186535300
0.0248787800
0.0308278200
0.0364013200
0.0411929100
0.0456757000
0.0502792900
0.0547327600
0.0591418400
0.0625640300
0.0648310800
0.0663115500
0.0666644900
0.0663882700
0.0658916200
0.0655206300
0.0650433000
0.0634287700
0.0607156600
0.0576933600
0.0540984400
0.0497212700
0.0455147800
0.0418459000
0.0388555600
0.0362927700
0.0331896200
0.0293380400
0.0247130700
0.0194663700
0.0142220400
0.0090428210
0.0038963740
-0.0011010920
-0.0060181830
-0.0104823700
-0.0143422200
-0.0176880100
-0.0202250300
-0.0220503300
-0.0233377600
-0.0241838800
-0.0250489500
-0.0261139300
-0.0273177000
-0.0286141600
-0.0297711400
-0.0307980500
-0.0315049200
-0.0311973000
-0.0296361100
-0.0270310300
-0.0237840700
-0.0204565800
-0.0172144200
-0.0139526100
-0.0108584000
-0.0080061890
-0.0050179380
-0.0017396300
0.0016341340
0.0049290180
0.0081433960
0.0112994500
0.0140824600
0.0162215900
0.0175788200
0.0179876700
0.0175936200
0.0167443200
0.0158278700
0.0151868700
0.0150330700
0.0153010200
0.0155627000
0.0155289400
0.0148306300
0.0130193700
0.0103661500
0.0075744060
0.0053590390
0.0040396370
0.0033272910
0.0026805850
0.0017850780
0.0007143317
-0.0007662712
-0.0025810140
-0.0044038880
-0.0061563540
-0.0073628560
-0.0078443540
-0.0078177200
-0.0076379350
-0.0076274330
-0.0078914100
-0.0083682380
-0.0088742370
-0.0094818210
-0.0100391700
-0.0103643400
-0.0103504300
-0.0097713700
-0.0089008450
-0.0080278490
-0.0073075590
-0.0067414750
-0.0060539450
-0.0057494740
-0.0062818880
-0.0070846590
-0.0072860010
-0.0064205460
-0.0048900290
-0.0031300870
-0.0016135210
-0.0010328920
-0.0014533450
-0.0025078090
-0.0038499170
-0.0051286850
-0.0062367860
-0.0074285320
-0.0089971460
-0.0111221700
-0.0132813400
-0.0151798300
-0.0171829900
-0.0194094500
-0.0221282600
-0.0250097700
-0.0277131000
-0.0307751000
-0.0339749100
-0.0366083200
-0.0389656100
-0.0411960800
-0.0429382100
-0.0450958700
-0.0470056600
-0.0457111400
-0.0421341200
-0.0392494400
-0.0371145100
-0.0353262900
-0.0338306200
-0.0322578700
-0.0306327700
-0.0286542900
-0.0258190400
-0.0221527000
-0.0176155500
-0.0126106500
-0.0076279320
-0.0014939440
0.0053843060
0.0124531000
0.0207873900
0.0271609400
0.0311475000
0.0368684400
0.0427477600
0.0468933300
0.0508382400
0.0545409400
0.0572113700
0.0593327300
0.0604472600
0.0597567800
0.0577241900
0.0535116600
0.0472335000
0.0411796900
0.0367767900
0.0342146200
0.0326505600
0.0311305300
0.0289795100
0.0257608400
0.0213999000
0.0160926300
0.0107831700
0.0059045310
0.0007986721
-0.0045491390
-0.0098300160
-0.0155257300
-0.0216079200
-0.0275058600
-0.0336173000
-0.0398018300
-0.0448673600
-0.0491334900
-0.0524235900
-0.0536970500
-0.0536240200
-0.0521665400
-0.0498323500
-0.0464907900
-0.0405454600
-0.0341873000
-0.0292830200
-0.0253856800
-0.0227555000
-0.0213135500
-0.0206471500
-0.0200239700
-0.0186038800
-0.0158965000
-0.0120952100
-0.0074183140
-0.0023283000
0.0024598670
0.0073291560
0.0120876100
0.0169866200
0.0226139100
0.0277961200
0.0323407900
0.0367329100
0.0412195900
0.0455108200
0.0481489200
0.0499140100
0.0519801900
0.0537747500
0.0547850300
0.0540803900
0.0519823000
0.0487142000
0.0443649100
0.0401974900
0.0355575100
0.0305474700
0.0266127500
0.0241630000
0.0227446200
0.0211645100
0.0187128700
0.0148781900
0.0101999200
0.0053455820
-0.0000657985
-0.0055546310
-0.0106972600
-0.0155079900
-0.0196349500
-0.0228800100
-0.0253917800
-0.0277165500
-0.0302220800
-0.0328322200
-0.0349595500
-0.0357231100
-0.0349986300
-0.0324475300
-0.0279917600
-0.0231565400
-0.0189592600
-0.0154647000
-0.0128294600
-0.0107832700
-0.0086845410
-0.0061597730
-0.0033028310
-0.0003013651
0.0028444110
0.0060479320
0.0091526240
0.0121296900
0.0149291400
0.0175141400
0.0199292700
0.0222976800
0.0244464100
0.0257901600
0.0262893900
0.0260527500
0.0249494500
0.0233667200
0.0214274200
0.0190324200
0.0163244000
0.0133791200
0.0103539700
0.0070991540
0.0036313520
0.0002451899
-0.0030386760
-0.0063009310
-0.0096970020
-0.0131498800
-0.0164119100
-0.0194240500
-0.0223461200
-0.0252136300
-0.0278503600
-0.0302324600
-0.0323008000
-0.0339252000
-0.0350639700
-0.0354433100
-0.0349951200
-0.0341859800
-0.0330872700
-0.0314022100
-0.0292499000
-0.0269539300
-0.0246334000
-0.0223016800
-0.0197676600
-0.0168503800
-0.0137551600
-0.0106037300
-0.0073751370
-0.0041432790
-0.0008640412
0.0023737950
0.0054080570
0.0084534040
0.0113523300
0.0139825400
0.0168514400
0.0196305200
0.0220014700
0.0242497200
0.0261291000
0.0274031400
0.0279997200
0.0279366100
0.0275306400
0.0271770100
0.0268015500
0.0261254700
0.0255191000
0.0252303000
0.0249391800
0.0243224900
0.0234001400
0.0222993600
0.0209234500
0.0194374100
0.0179899400
0.0164109600
0.0146714800
0.0127319700
0.0106090100
0.0083303180
0.0059240930
0.0038405820
0.0023694610
0.0014371570
0.0010697820
0.0012400750
0.0017202940
0.0022337200
0.0025090470
0.0023850300
0.0018304500
0.0006187696
-0.0011796700
-0.0031064420
-0.0049284320
-0.0065383180
-0.0079310170
-0.0090370960
-0.0097851140
-0.0103013500
-0.0107877500
-0.0113576800
-0.0119823200
-0.0128472800
-0.0140927100
-0.0155095200
-0.0169115400
-0.0182778400
-0.0196762700
-0.0211775500
-0.0228662200
-0.0248430300
-0.0269427400
-0.0290323100
-0.0309811800
-0.0324127400
-0.0333669700
-0.0336597500
-0.0331511300
-0.0322534500
-0.0302416500
-0.0269877500
-0.0239711200
-0.0214006600
-0.0190171100
-0.0171877400
-0.0159297200
-0.0150932000
-0.0143177300
-0.0131860500
-0.0114047200
-0.0090125730
-0.0063989930
-0.0036153600
-0.0007160815
0.0019468430
0.0046715630
0.0074214810
0.0097088280
0.0119183900
0.0140322900
0.0160730900
0.0183567700
0.0212468100
0.0248816100
0.0280051400
0.0306766500
0.0333552900
0.0350229700
0.0357521400
0.0357550700
0.0347122100
0.0327606000
0.0300827300
0.0267408900
0.0229641200
0.0193101600
0.0156970300
0.0120154300
0.0089427190
0.0065920860
0.0047446150
0.0031520240
0.0012498350
-0.0009989262
-0.0037194520
-0.0074330250
-0.0117899000
-0.0159241800
-0.0193885700
-0.0222043300
-0.0247578200
-0.0270634400
-0.0289983200
-0.0307670200
-0.0323728100
-0.0339844500
-0.0352962600
-0.0359458200
-0.0361272000
-0.0359657100
-0.0359219800
-0.0356249700
-0.0347311100
-0.0332766100
-0.0308186800
-0.0277009400
-0.0240805500
-0.0203376100
-0.0171883000
-0.0145816200
-0.0124815500
-0.0106671700
-0.0086203150
-0.0057564820
-0.0019924010
0.0023434400
0.0067474260
0.0107311600
0.0143152800
0.0174630000
0.0203357400
0.0229490800
0.0252938900
0.0277103200
0.0300917300
0.0322374900
0.0338175700
0.0346279000
0.0347469300
0.0342209800
0.0332540800
0.0317096300
0.0293143200
0.0261685300
0.0226513600
0.0189935300
0.0154103900
0.0122360800
0.0093152550
0.0066204970
0.0041209810
0.0017302710
-0.0004150512
-0.0023922420
-0.0040086830
-0.0052877290
-0.0061827650
-0.0065119000
-0.0067039070
-0.0068734310
-0.0068316440
-0.0062974010
-0.0050589200
-0.0031781500
-0.0007319050
0.0019892240
0.0046247840
0.0069706830
0.0089506180
0.0105218700
0.0118289400
0.0130341300
0.0140570400
0.0147995100
0.0151163000
0.0149182200
0.0142520700
0.0134332800
0.0127731900
0.0122042200
0.0116572800
0.0110767800
0.0104067600
0.0095235250
0.0081825960
0.0064506110
0.0046355130
0.0031237470
0.0021817720
0.0018152790
0.0019304240
0.0021879880
0.0021710530
0.0018070790
0.0011959030
0.0003968745
-0.0005048430
-0.0014469510
-0.0023605130
-0.0031583250
-0.0037094170
-0.0038487190
-0.0035129020
-0.0026685390
-0.0014015860
0.0001297014
0.0018473580
0.0036188410
0.0053767820
0.0072171810
0.0093091300
0.0116975400
0.0142638500
0.0169536700
0.0196259300
0.0221058500
0.0242494800
0.0257654100
0.0264940300
0.0266149200
0.0265810300
0.0267938800
0.0274487200
0.0283370700
0.0289977500
0.0293060600
0.0290369500
0.0280796600
0.0266682100
0.0248241600
0.0226517200
0.0202286800
0.0176508500
0.0151655000
0.0128626900
0.0107361700
0.0086490070
0.0063788510
0.0038246940
0.0010633110
-0.0018503220
-0.0049324350
-0.0081572340
-0.0114273100
-0.0144149300
-0.0167492300
-0.0183878300
-0.0195974900
-0.0206516100
-0.0216672500
-0.0227321600
-0.0239031800
-0.0252161300
-0.0267752700
-0.0284244900
-0.0298468500
-0.0309773800
-0.0318275500
-0.0324552000
-0.0330044700
-0.0335072400
-0.0339684700
-0.0343626000
-0.0345153400
-0.0341660800
-0.0330627100
-0.0312552200
-0.0289877200
-0.0264206600
-0.0237324400
-0.0210595200
-0.0184977800
-0.0160199700
-0.0133824300
-0.0104858000
-0.0073162630
-0.0039763640
-0.0007782590
0.0022673210
0.0051902810
0.0078865470
0.0102072900
0.0118590300
0.0128068500
0.0133325300
0.0136872300
0.0137479600
0.0133164600
0.0124216500
0.0110106200
0.0090104750
0.0066263870
0.0041700230
0.0017012080
-0.0006142737
-0.0026920910
-0.0049029520
-0.0073756210
-0.0100263500
-0.0129087600
-0.0159366400
-0.0188031900
-0.0213568700
-0.0237044000
-0.0257608400
-0.0275501700
-0.0291393900
-0.0303489100
-0.0313179100
-0.0320594000
-0.0324074000
-0.0321364600
-0.0308751500
-0.0288049100
-0.0260379000
-0.0225686200
-0.0189621700
-0.0156162800
-0.0125106000
-0.0096480560
-0.0070154530
-0.0043343560
-0.0010821620
0.0030715370
0.0081732880
0.0138322000
0.0192225800
0.0245375200
0.0298047100
0.0340636700
0.0374444900
0.0402916000
0.0425593100
0.0444400300
0.0460483000
0.0474314900
0.0484811000
0.0489656900
0.0486110700
0.0474136900
0.0459047200
0.0444241800
0.0427918100
0.0407952300
0.0383714000
0.0356308600
0.0325173600
0.0289495200
0.0250483700
0.0211143400
0.0176018200
0.0145463200
0.0118172000
0.0091615530
0.0062472060
0.0032510430
0.0005211072
-0.0018680440
-0.0039715490
-0.0058401630
-0.0074903950
-0.0089706810
-0.0104663000
-0.0120272000
-0.0135952500
-0.0151046700
-0.0164041300
-0.0175444500
-0.0186931600
-0.0199272500
-0.0213328100
-0.0228043900
-0.0240675100
-0.0250517200
-0.0255759800
-0.0253658800
-0.0245661000
-0.0234922200
-0.0223837700
-0.0214420900
-0.0206661100
-0.0199144900
-0.0192177500
-0.0184800400
-0.0174910800
-0.0161536400
-0.0145307600
-0.0129800500
-0.0116102900
-0.0102919700
-0.0088627250
-0.0071805980
-0.0055056800
-0.0040705830
-0.0029069100
-0.0019789640
-0.0011243990
-0.0002151450
0.0008849698
0.0021856030
0.0036509540
0.0052671780
0.0068461620
0.0082976890
0.0095202190
0.0103718500
0.0109852100
0.0114437500
0.0118026900
0.0121453300
0.0123262000
0.0122849000
0.0120329800
0.0115568900
0.0110168500
0.0104671000
0.0099041360
0.0093041970
0.0085762800
0.0078367700
0.0070771660
0.0062650960
0.0055263490
0.0047246050
0.0037722740
0.0026979570
0.0015167560
0.0003099236
-0.0009154050
-0.0022198610
-0.0036861600
-0.0053479480
-0.0072250280
-0.0092522900
-0.0111789700
-0.0129150600
-0.0144074600
-0.0156097400
-0.0166642900
-0.0175920000
-0.0186281900
-0.0198742700
-0.0212078200
-0.0227008000
-0.0239526200
-0.0248580900
-0.0255092500
-0.0256311100
-0.0252809800
-0.0244448300
-0.0231928500
-0.0216997700
-0.0201783500
-0.0189004500
-0.0178469500
-0.0170147100
-0.0163297900
-0.0157594700
-0.0151734500
-0.0143861000
-0.0135976500
-0.0129585600
-0.0125908400
-0.0126024900
-0.0128783100
-0.0132735400
-0.0137315900
-0.0142794800
-0.0148405400
-0.0153307800
-0.0159099100
-0.0166087000
-0.0173603400
-0.0182516900
-0.0191943300
-0.0199894500
-0.0204763200
-0.0204373300
-0.0196077500
-0.0181489400
-0.0165488900
-0.0149011900
-0.0132112100
-0.0115807200
-0.0099642540
-0.0083069330
-0.0064630050
-0.0043049630
-0.0018447520
0.0008942237
0.0037320820
0.0066357610
0.0098326350
0.0130865200
0.0159910600
0.0185584200
0.0209586000
0.0231207600
0.0249705100
0.0267700800
0.0285635900
0.0304159300
0.0323981500
0.0341694600
0.0353969800
0.0357541300
0.0352113500
0.0340400700
0.0326211100
0.0312665000
0.0297718800
0.0280857800
0.0262157500
0.0240820900
0.0217427200
0.0189706700
0.0158884900
0.0127830400
0.0095925160
0.0064700820
0.0035158020
0.0008583937
-0.0012658890
-0.0028466260
-0.0038861530
-0.0044560250
-0.0047751860
-0.0051078950
-0.0055693840
-0.0060551810
-0.0064007700
-0.0063871800
-0.0059077150
-0.0050612510
-0.0040223430
-0.0030202750
-0.0020879040
-0.0013327410
-0.0008220853
-0.0001993329
0.0007363645
0.0019933650
0.0035679170
0.0054018660
0.0072551510
0.0090195450
0.0108367800
0.0124710600
0.0138438600
0.0151796300
0.0164212700
0.0174368200
0.0184952400
0.0196054000
0.0203147000
0.0208231800
0.0212426600
0.0213479900
0.0212095900
0.0207281800
0.0198152300
0.0185836400
0.0171640700
0.0156148700
0.0140790700
0.0126808100
0.0113562900
0.0101167200
0.0088974050
0.0075472430
0.0059554240
0.0041047470
0.0020834780
-0.0000084619
-0.0021833610
-0.0044768770
-0.0066971480
-0.0086728410
-0.0102774600
-0.0115275100
-0.0126591600
-0.0135563000
-0.0141748400
-0.0146928700
-0.0150912100
-0.0154963700
-0.0159414400
-0.0164171600
-0.0169170400
-0.0171907000
-0.0171737900
-0.0168800800
-0.0163493500
-0.0156989900
-0.0150054400
-0.0143195000
-0.0135744000
-0.0127823900
-0.0120400000
-0.0115307500
-0.0114518400
-0.0116388000
-0.0120058000
-0.0125046200
-0.0129248100
-0.0132087500
-0.0131990200
-0.0129245700
-0.0124569400
-0.0116876400
-0.0107290900
-0.0096630730
-0.0085357150
-0.0074953600
-0.0066310990
-0.0057427450
-0.0047097340
-0.0035531870
-0.0021366450
-0.0004576527
0.0013324620
0.0031195170
0.0049128480
0.0067309510
0.0086638810
0.0108267700
0.0132791000
0.0161530000
0.0194044200
0.0227556700
0.0258703200
0.0286084600
0.0309599200
0.0330710400
0.0350549100
0.0368845500
0.0388925900
0.0408056800
0.0424073800
0.0440308600
0.0452618400
0.0459661100
0.0459870400
0.0450695500
0.0430423800
0.0398016900
0.0362362800
0.0327389300
0.0294247100
0.0264311800
0.0235205900
0.0207485900
0.0178000100
0.0144437800
0.0106226900
0.0064029300
0.0022819780
-0.0015865930
-0.0052445340
-0.0087591890
-0.0120719100
-0.0149958400
-0.0176104700
-0.0200194800
-0.0223271800
-0.0246292800
-0.0269010100
-0.0289615200
-0.0305897600
-0.0317048700
-0.0321254700
-0.0319471900
-0.0313828200
-0.0306241900
-0.0300273500
-0.0293977500
-0.0285141000
-0.0272074400
-0.0251529300
-0.0225536600
-0.0197159400
-0.0168225000
-0.0139844400
-0.0112937500
-0.0089882140
-0.0070702840
-0.0053774580
-0.0036601070
-0.0018620390
-0.0003204357
0.0010800210
0.0024051670
0.0035589670
0.0047826590
0.0059964120
0.0072495500
0.0084943130
0.0094592820
0.0103493100
0.0111500500
0.0114683500
0.0110997600
0.0102414700
0.0090965710
0.0076112300
0.0059449430
0.0040747190
0.0017717470
-0.0009063383
-0.0038229080
-0.0067394790
-0.0095042810
-0.0120878800
-0.0143935100
-0.0163852600
-0.0180940700
-0.0195306300
-0.0208013300
-0.0218570800
-0.0224355700
-0.0226944700
-0.0228242700
-0.0227202500
-0.0223101900
-0.0216488500
-0.0208449900
-0.0198147600
-0.0185985000
-0.0172476900
-0.0156445300
-0.0137580400
-0.0117004600
-0.0096630690
-0.0076840380
-0.0059033540
-0.0044101210
-0.0030917730
-0.0020583070
-0.0013699350
-0.0009019115
-0.0005706463
-0.0002666898
0.0002446820
0.0010461900
0.0020333860
0.0032045030
0.0044409210
0.0057005760
0.0070727430
0.0084348590
0.0098255440
0.0114297000
0.0132588800
0.0151729200
0.0170639600
0.0187984300
0.0202988800
0.0216652600
0.0227901200
0.0235792600
0.0239313100
0.0235212700
0.0224319600
0.0211834500
0.0199533200
0.0186529000
0.0173033900
0.0158584100
0.0143088500
0.0127841200
0.0113258500
0.0099189110
0.0085575140
0.0071042490
0.0054077540
0.0035311630
0.0017265850
0.0002723187
-0.0007495324
-0.0013888530
-0.0016720220
-0.0017399290
-0.0018362970
-0.0020209550
-0.0022640260
-0.0025090540
-0.0026617650
-0.0026908880
-0.0024847250
-0.0020449160
-0.0015352690
-0.0010666150
-0.0008698099
-0.0011603170
-0.0018790730
-0.0028328320
-0.0038490980
-0.0047620000
-0.0054584930
-0.0058170250
-0.0057810080
-0.0054336690
-0.0048486110
-0.0042073640
-0.0037073510
-0.0033814440
-0.0031810570
-0.0030572950
-0.0029608430
-0.0027336490
-0.0022568490
-0.0014113840
-0.0001686994
0.0012281350
0.0026621330
0.0039640170
0.0049202870
0.0055522850
0.0057479160
0.0055836150
0.0051771460
0.0044456160
0.0038936270
0.0037770670
0.0036845600
0.0035448160
0.0033193200
0.0029214360
0.0024157380
0.0018384120
0.0012779480
0.0008102202
0.0004709305
0.0000643893
-0.0007079615
-0.0017685200
-0.0028517870
-0.0037792780
-0.0044587090
-0.0049349380
-0.0052568690
-0.0054407820
-0.0055415210
-0.0055688710
-0.0055908390
-0.0057094580
-0.0058711680
-0.0059879640
-0.0060147080
-0.0060068080
-0.0059447710
-0.0057593020
-0.0055338650
-0.0053326760
-0.0052550680
-0.0052819830
-0.0053545260
-0.0055132020
-0.0057407640
-0.0060980150
-0.0065323720
-0.0070050000
-0.0075926800
-0.0082999960
-0.0090897260
-0.0098559050
-0.0104950800
-0.0109029200
-0.0110377900
-0.0109506800
-0.0107288300
-0.0105053100
-0.0103349100
-0.0102414300
-0.0102347300
-0.0102688400
-0.0103859800
-0.0106364400
-0.0110908900
-0.0117878300
-0.0124609000
-0.0127580000
-0.0124545300
-0.0115066700
-0.0101728300
-0.0087266180
-0.0073023080
-0.0060601630
-0.0051771690
-0.0047192270
-0.0045194370
-0.0041970800
-0.0034006400
-0.0021130430
-0.0005861587
0.0009492884
0.0023159200
0.0033915670
0.0041686540
0.0048285250
0.0056186500
0.0066528810
0.0078873660
0.0092289280
0.0105745100
0.0117105600
0.0125163700
0.0130147900
0.0132188600
0.0132187000
0.0132355400
0.0133898400
0.0135608400
0.0136226100
0.0134962200
0.0132164200
0.0127992200
0.0122122200
0.0115476000
0.0107195500
0.0097250070
0.0087903630
0.0079697090
0.0071876390
0.0063730170
0.0054436190
0.0044357810
0.0034923380
0.0025241910
0.0014155370
0.0002628861
-0.0009813790
-0.0024338360
-0.0040863100
-0.0059276860
-0.0078324840
-0.0096088540
-0.0112099000
-0.0126556900
-0.0138813500
-0.0148767300
-0.0158116100
-0.0169182000
-0.0183323100
-0.0200038700
-0.0217535200
-0.0233410900
-0.0246100700
-0.0254539400
-0.0257050400
-0.0253491700
-0.0245619900
-0.0235484400
-0.0224643700
-0.0214008500
-0.0203700000
-0.0192889600
-0.0180826400
-0.0168104600
-0.0154933000
-0.0140621800
-0.0126182100
-0.0112310100
-0.0098181340
-0.0083169060
-0.0066464670
-0.0047949860
-0.0028512970
-0.0008368418
0.0011790240
0.0031198510
0.0051075410
0.0070947710
0.0090231980
0.0109141200
0.0127298500
0.0145991000
0.0164723600
0.0182238600
0.0198249300
0.0212373500
0.0224662000
0.0234670400
0.0243372400
0.0251502200
0.0258495900
0.0264650100
0.0269606600
0.0273322000
0.0276573300
0.0278826100
0.0279186600
0.0277585100
0.0273199600
0.0264513500
0.0250991700
0.0233364000
0.0212843600
0.0190955700
0.0169600900
0.0149227900
0.0128978700
0.0107046300
0.0082238410
0.0055420500
0.0026901720
-0.0001938750
-0.0030066470
-0.0057777810
-0.0083625280
-0.0107539100
-0.0129565800
-0.0148607000
-0.0164104200
-0.0174696100
-0.0180480100
-0.0181592700
-0.0178463100
-0.0174395300
-0.0172034600
-0.0171821200
-0.0171263700
-0.0167733600
-0.0161652700
-0.0152922600
-0.0140921200
-0.0127249900
-0.0113764100
-0.0101070200
-0.0090847440
-0.0083894180
-0.0078414810
-0.0073762210
-0.0069908960
-0.0065775090
-0.0060792240
-0.0055971130
-0.0050973530
-0.0045236930
-0.0040077850
-0.0034528100
-0.0028329420
-0.0022769510
-0.0016411750
-0.0008441049
0.0001235083
0.0012831970
0.0024091700
0.0033028320
0.0039071010
0.0041570880
0.0041339770
0.0039836260
0.0037455000
0.0034829860
0.0033152610
0.0033140550
0.0033462930
0.0033400560
0.0033933470
0.0034365100
0.0033683600
0.0031365700
0.0027106070
0.0022088960
0.0017805210
0.0014635010
0.0012290170
0.0010523420
0.0010120920
0.0012329770
0.0016978140
0.0024226690
0.0033496130
0.0041139920
0.0044689180
0.0043808060
0.0039643510
0.0035243130
0.0033503740
0.0035737360
0.0039892020
0.0042868020
0.0043901540
0.0042916620
0.0040324950
0.0036695690
0.0032627070
0.0029393000
0.0028726900
0.0030368620
0.0032048650
0.0034016670
0.0037091160
0.0041043590
0.0046587360
0.0054248070
0.0063840640
0.0074858530
0.0086344930
0.0097187360
0.0107808600
0.0117441400
0.0124370000
0.0129973000
0.0134728300
0.0139037400
0.0144233700
0.0149182600
0.0155465700
0.0165216300
0.0176133600
0.0186711500
0.0196556900
0.0207241000
0.0219374200
0.0229137800
0.0235725100
0.0238990500
0.0237103900
0.0231141900
0.0224002300
0.0217069200
0.0209000400
0.0198571300
0.0183591100
0.0162560100
0.0137588000
0.0110371600
0.0083727790
0.0060187500
0.0038821340
0.0020638590
0.0005374249
-0.0010514840
-0.0027366700
-0.0045688540
-0.0065454110
-0.0084415790
-0.0102905200
-0.0120974200
-0.0138059400
-0.0153980800
-0.0167896000
-0.0179596500
-0.0189616000
-0.0198298100
-0.0204734900
-0.0208826200
-0.0211146200
-0.0211650400
-0.0210354100
-0.0206629700
-0.0200485500
-0.0193271200
-0.0185819600
-0.0178977900
-0.0173569800
-0.0169986200
-0.0167788000
-0.0165261600
-0.0162133100
-0.0158762000
-0.0154648100
-0.0150175900
-0.0146327700
-0.0143516700
-0.0140879100
-0.0138077700
-0.0134173700
-0.0127901000
-0.0120634300
-0.0114263900
-0.0109797000
-0.0106845900
-0.0104427400
-0.0101356800
-0.0095931600
-0.0088074740
-0.0077750490
-0.0066241700
-0.0055179320
-0.0043549450
-0.0031529520
-0.0019045680
-0.0006309438
0.0006370388
0.0020409130
0.0035836250
0.0052697120
0.0071126930
0.0090635320
0.0109717300
0.0127925000
0.0145739100
0.0162431100
0.0178971500
0.0194510300
0.0207890100
0.0218900400
0.0225613400
0.0226917400
0.0222901300
0.0214938500
0.0204248600
0.0192380000
0.0179939400
0.0168171200
0.0159230500
0.0151622800
0.0144242300
0.0135870800
0.0124514800
0.0110420600
0.0094704550
0.0079836790
0.0067065370
0.0055783220
0.0045818320
0.0036342760
0.0026917010
0.0018100330
0.0009580018
0.0001197339
-0.0006830590
-0.0013381170
-0.0016691610
-0.0016390380
-0.0012865660
-0.0007255276
-0.0000790257
0.0005490167
0.0010785430
0.0014646890
0.0016934620
0.0018188250
0.0018340750
0.0016821530
0.0013746460
0.0008540386
-0.0000369133
-0.0012416990
-0.0026569370
-0.0043019220
-0.0060539830
-0.0078418170
-0.0096645690
-0.0114127000
-0.0130124700
-0.0144706900
-0.0158380900
-0.0171708800
-0.0184883700
-0.0197649300
-0.0209450800
-0.0219155500
-0.0225329400
-0.0227712900
-0.0226065200
-0.0221108700
-0.0215052000
-0.0208449200
-0.0201382000
-0.0193515700
-0.0184152900
-0.0172741200
-0.0158840200
-0.0144134100
-0.0129374700
-0.0113574000
-0.0096704240
-0.0079125110
-0.0061302240
-0.0043411540
-0.0025682730
-0.0009344525
0.0005430819
0.0020065500
0.0035430770
0.0050921390
0.0066015250
0.0080664650
0.0094774710
0.0107961200
0.0119562500
0.0130312100
0.0139570700
0.0146449600
0.0152598800
0.0158115400
0.0163304600
0.0168689500
0.0172342300
0.0174420300
0.0176448700
0.0177792900
0.0178609100
0.0178948200
0.0178593300
0.0178012000
0.0175887900
0.0171154400
0.0163364100
0.0152201100
0.0138032900
0.0122653300
0.0108643800
0.0096925260
0.0087142870
0.0076893710
0.0063979380
0.0048411930
0.0031066080
0.0012588470
-0.0007052272
-0.0026623050
-0.0045838110
-0.0065021240
-0.0083404050
-0.0100988400
-0.0118214800
-0.0135906300
-0.0153808700
-0.0170749400
-0.0186676200
-0.0201685000
-0.0215278100
-0.0226743400
-0.0234565100
-0.0238268900
-0.0239574900
-0.0238279600
-0.0234364600
-0.0228258600
-0.0219059500
-0.0206627200
-0.0188916400
-0.0166181900
-0.0142211400
-0.0118867000
-0.0095758270
-0.0073300880
-0.0052890040
-0.0033073040
-0.0013633530
0.0005421311
0.0025267100
0.0044757930
0.0063657570
0.0081858480
0.0099547470
0.0117344200
0.0134728200
0.0152004200
0.0169850200
0.0187164500
0.0201076200
0.0212753100
0.0224308600
0.0234166900
0.0241865800
0.0247273100
0.0250644900
0.0251468300
0.0248811800
0.0244540700
0.0239261100
0.0231893700
0.0220741400
0.0204322200
0.0183522800
0.0160289800
0.0136622200
0.0112642800
0.0088810580
0.0068076050
0.0051189480
0.0036117700
0.0021287170
0.0005013929
-0.0014497260
-0.0035562540
-0.0055790120
-0.0074688320
-0.0091581050
-0.0105953500
-0.0117499100
-0.0126807900
-0.0134731700
-0.0141379500
-0.0146861200
-0.0153093100
-0.0161438600
-0.0170190800
-0.0178443500
-0.0185120000
-0.0189944200
-0.0193058600
-0.0193144100
-0.0190810200
-0.0186736000
-0.0181175300
-0.0174262800
-0.0165658100
-0.0154401800
-0.0140998000
-0.0127193600
-0.0112746100
-0.0098794180
-0.0085866310
-0.0073448490
-0.0061689120
-0.0049255660
-0.0035661050
-0.0021046460
-0.0005537682
0.0009635608
0.0023403120
0.0035824250
0.0046742970
0.0055679350
0.0063009330
0.0069261240
0.0074778760
0.0079469640
0.0082589930
0.0083447530
0.0081836850
0.0077401570
0.0069234780
0.0056700280
0.0041000690
0.0024584130
0.0007732752
-0.0009941641
-0.0026321690
-0.0040076690
-0.0052546690
-0.0066182290
-0.0082279830
-0.0100047200
-0.0117917900
-0.0134613600
-0.0150163300
-0.0164286800
-0.0175430000
-0.0182499400
-0.0185844800
-0.0185656500
-0.0182513300
-0.0177588100
-0.0170468900
-0.0160286800
-0.0146090900
-0.0129141600
-0.0111578900
-0.0093543350
-0.0075259690
-0.0056560710
-0.0038568010
-0.0021661340
-0.0003426201
0.0017297310
0.0040325150
0.0064468230
0.0087821610
0.0109760700
0.0129065000
0.0143483800
0.0152942700
0.0157987600
0.0160302900
0.0162218300
0.0164043000
0.0166089900
0.0167392300
0.0166299800
0.0161987500
0.0153827500
0.0143189600
0.0131973500
0.0121665300
0.0113566500
0.0108288300
0.0105235900
0.0102423100
0.0098367550
0.0092274630
0.0084143580
0.0075586820
0.0067220970
0.0058909540
0.0050549520
0.0040448420
0.0027859200
0.0012553290
-0.0005207686
-0.0022846730
-0.0039047300
-0.0053493850
-0.0066195690
-0.0077780270
-0.0088965290
-0.0100993600
-0.0112962300
-0.0123451800
-0.0132143000
-0.0137835600
-0.0140213600
-0.0139934200
-0.0137276300
-0.0132859500
-0.0127169800
-0.0120470400
-0.0112748000
-0.0103879700
-0.0094229820
-0.0084043760
-0.0073634370
-0.0062777640
-0.0051315180
-0.0039834860
-0.0027610660
-0.0014512240
-0.0000693299
0.0013875310
0.0027844980
0.0041345540
0.0053901830
0.0064334010
0.0073054150
0.0080023820
0.0085572260
0.0089768580
0.0092254010
0.0093512440
0.0094206310
0.0093441680
0.0091277000
0.0087391500
0.0082132440
0.0076401090
0.0071326860
0.0067257370
0.0063867160
0.0061158200
0.0058999940
0.0056662750
0.0053655440
0.0049208470
0.0043436910
0.0037440570
0.0031108730
0.0024585430
0.0018390580
0.0011935020
0.0004749031
-0.0002657295
-0.0010269350
-0.0017770300
-0.0024348080
-0.0030562720
-0.0036278090
-0.0040426010
-0.0043191510
-0.0045484150
-0.0048155130
-0.0051594990
-0.0055359360
-0.0058879000
-0.0061923180
-0.0064166500
-0.0065067980
-0.0064642930
-0.0063216880
-0.0061476030
-0.0061047100
-0.0062181850
-0.0064133020
-0.0066817350
-0.0069758280
-0.0072653670
-0.0075239250
-0.0077401540
-0.0079236900
-0.0080006140
-0.0080380080
-0.0081170180
-0.0081530120
-0.0081288040
-0.0079826290
-0.0076671720
-0.0071914570
-0.0065264090
-0.0057380660
-0.0048612020
-0.0038320710
-0.0026561340
-0.0014233480
-0.0002066056
0.0009789686
0.0022191710
0.0036061150
0.0050444500
0.0063936280
0.0076759510
0.0089303490
0.0098955910
0.0103785700
0.0105762200
0.0106735700
0.0107962600
0.0110536800
0.0114900500
0.0119730800
0.0123125300
0.0124819500
0.0124223300
0.0121108100
0.0115673000
0.0109094200
0.0103340300
0.0098617130
0.0094572080
0.0090408080
0.0085707250
0.0080701640
0.0075372750
0.0069626230
0.0063727800
0.0058461590
0.0053608480
0.0048487850
0.0042684060
0.0035403780
0.0026969130
0.0018312610
0.0009820126
0.0001624311
-0.0005824021
-0.0012185860
-0.0018205930
-0.0023561390
-0.0027761000
-0.0031265680
-0.0034513470
-0.0038400860
-0.0043471720
-0.0049579470
-0.0056056240
-0.0062693250
-0.0068600100
-0.0072323650
-0.0074075190
-0.0074018060
-0.0072730770
-0.0070136180
-0.0064921870
-0.0057613230
-0.0049215740
-0.0039813250
-0.0030000420
-0.0020942660
-0.0013090230
-0.0006613120
-0.0001294187
0.0004132599
0.0009932555
0.0015913010
0.0022265630
0.0028388470
0.0034370020
0.0040504150
0.0046143170
0.0050986360
0.0055429060
0.0059875870
0.0064641640
0.0069590790
0.0073839120
0.0076632890
0.0078157530
0.0078819530
0.0079070210
0.0079389570
0.0079718930
0.0080303140
0.0081266050
0.0082340080
0.0083131210
0.0082879790
0.0081511170
0.0078807890
0.0075054010
0.0070626890
0.0065367600
0.0059790330
0.0054399610
0.0049687910
0.0045646540
0.0041737090
0.0037405840
0.0032496700
0.0027139240
0.0021809080
0.0017357790
0.0013851530
0.0011819390
0.0010689840
0.0008809004
0.0006053249
0.0002048615
-0.0002551437
-0.0006187209
-0.0008335972
-0.0007829110
-0.0004747842
-0.0000425480
0.0004571097
0.0009283267
0.0013331050
0.0016680780
0.0018970290
0.0019937910
0.0020080300
0.0020424950
0.0021272970
0.0022975810
0.0025228370
0.0027542660
0.0029954530
0.0031674620
0.0031996670
0.0030894210
0.0029168080
0.0028351490
0.0029016410
0.0030276220
0.0030929230
0.0030661340
0.0029461950
0.0028011910
0.0027395560
0.0027047410
0.0026723990
0.0026167760
0.0024135310
0.0020802160
0.0016184190
0.0010410310
0.0004162053
-0.0002389652
-0.0008609451
-0.0014694160
-0.0020554790
-0.0025455070
-0.0029368760
-0.0031817520
-0.0032518670
-0.0031487380
-0.0029425100
-0.0027421680
-0.0025907740
-0.0025105050
-0.0024561020
-0.0023833710
-0.0022451800
-0.0020329300
-0.0018012810
-0.0015746190
-0.0014349690
-0.0013729760
-0.0012949180
-0.0012204700
-0.0011266100
-0.0010075480
-0.0009485285
-0.0009634800
-0.0010626580
-0.0012461300
-0.0014560130
-0.0017446910
-0.0021552850
-0.0026176620
-0.0031593770
-0.0037734720
-0.0043539510
-0.0048657960
-0.0053038360
-0.0056693610
-0.0059761400
-0.0063115650
-0.0066622050
-0.0069880870
-0.0073318130
-0.0075466750
-0.0075722760
-0.0074501970
-0.0072107710
-0.0069858800
-0.0068336220
-0.0067634920
-0.0067704780
-0.0067655420
-0.0066437890
-0.0064028640
-0.0060790630
-0.0056966140
-0.0053158610
-0.0049573740
-0.0046025530
-0.0042655890
-0.0039529050
-0.0036309560
-0.0032869760
-0.0029422810
-0.0026340550
-0.0024107770
-0.0023015630
-0.0023159850
-0.0024459640
-0.0026461060
-0.0029044930
-0.0032404730
-0.0036084880
-0.0040122550
-0.0044750860
-0.0049705770
-0.0055405520
-0.0061538600
-0.0067280160
-0.0072655450
-0.0076887360
-0.0079430410
-0.0080465710
-0.0079745230
-0.0077200070
-0.0073479820
-0.0069901260
-0.0066673680
-0.0063748630
-0.0061347370
-0.0058488700
-0.0055009690
-0.0050538570
-0.0044000810
-0.0036079470
-0.0027120090
-0.0017389370
-0.0008464459
-0.0000956864
0.0005204375
0.0010257510
0.0014970560
0.0020311510
0.0026398220
0.0032822730
0.0039882440
0.0046955940
0.0053113570
0.0058057920
0.0061415070
0.0063761330
0.0065654570
0.0067054930
0.0067951200
0.0068156880
0.0067540680
0.0066260040
0.0064439880
0.0062113970
0.0059728230
0.0057548250
0.0055449050
0.0053495560
0.0051573080
0.0049452320
0.0046860230
0.0043587700
0.0039835750
0.0035751530
0.0031556400
0.0027590100
0.0024057410
0.0021168180
0.0018764500
0.0016777840
0.0015329770
0.0014272810
0.0013797410
0.0013632500
0.0013411960
0.0013422730
0.0013483930
0.0013563950
0.0013777650
0.0013954880
0.0014021140
0.0013902660
0.0013619920
0.0013118420
0.0012413910
0.0011485140
0.0010187940
0.0008740021
0.0007401992
0.0006087005
0.0004883568
0.0004047723
0.0003475002
0.0003217225
0.0003254925
0.0003199924
0.0003208934
0.0003485502
0.0003963400
0.0004634605
0.0005386731
0.0006160010
0.0006771999
0.0007067408
0.0007002892
0.0006621899
0.0006177814
0.0005801332
0.0005472023
0.0005233222
0.0005015931
0.0004498282
0.0003583478
0.0002236707
0.0000502120
-0.0001258600
-0.0002785400
-0.0003864449
-0.0004528607
-0.0005156512
-0.0005976116
-0.0006965861
-0.0008075862
-0.0009204694
-0.0010201460
-0.0011144650
-0.0012127990
-0.0013090460
-0.0014100490
-0.0015018870
-0.0015621860
-0.0015963060
-0.0015986600
-0.0015808090
-0.0015598210
-0.0015283860
-0.0014852660
-0.0014288200
-0.0013608990
-0.0012852120
-0.0012037410
-0.0011240040
-0.0010540340
-0.0010022100
-0.0009661812
-0.0009367807
-0.0009066747
-0.0008628293
-0.0008008920
-0.0007284554
-0.0006524168
-0.0005775416
-0.0005107416
-0.0004558496
-0.0004063691
-0.0003623580
-0.0003199753
-0.0002739816
-0.0002312050
-0.0001925886
-0.0001656250
-0.0001569612
-0.0001597658
-0.0001672661
-0.0001711301
-0.0001665862
-0.0001577544
-0.0001502124
-0.0001487341
-0.0001509946
-0.0001514579
-0.0001492056
-0.0001383689
-0.0001123038
-0.0000769680
-0.0000423173
-0.0000117541
0.0000136670
0.0000358037
0.0000574869
0.0000799190
0.0001060575
0.0001354642
0.0001665498
0.0001966127
0.0002197735
0.0002353732
0.0002452303
0.0002481887
0.0002462943
0.0002431874
0.0002381557
0.0002317443
0.0002268719
0.0002232819
0.0002197632
0.0002175336
0.0002155741
0.0002145333
0.0002171536
0.0002208650
0.0002262749
0.0002331630
0.0002383655
0.0002443551
0.0002510288
0.0002558613
0.0002589726
0.0002608044
0.0002638693
0.0002723253
0.0002876189
0.0003084932
0.0003323013
0.0003538530
0.0003702240
0.0003824850
0.0003903477
0.0003946917
0.0003972235
0.0003970685
0.0003935746
0.0003867349
0.0003768486
0.0003643553
0.0003495191
0.0003330249
0.0003154663
0.0002969592
0.0002772634
0.0002565461
0.0002358279
0.0002169073
0.0002005972
0.0001863554
0.0001736440
0.0001618958
0.0001507802
0.0001403482
0.0001312107
0.0001237441
0.0001175416
0.0001122798
0.0001076043
0.0001030923
0.0000983206
0.0000935325
0.0000889596
0.0000847641
0.0000814585
0.0000787158
0.0000762385
0.0000738229
0.0000711114
0.0000681697
0.0000650521
0.0000619443
0.0000591010
0.0000565628
0.0000541950
0.0000518986
0.0000496208
0.0000473185
0.0000451137
0.0000430536
0.0000410190
0.0000391488
0.0000376114
0.0000363762
0.0000355004
0.0000349574
0.0000346398
0.0000345304
0.0000345300
0.0000345533
0.0000346132
0.0000346507
0.0000346429
0.0000346021
0.0000344256
0.0000340716
0.0000335841
0.0000329799
0.0000322935
0.0000315297
0.0000306687
0.0000297196
0.0000286860
0.0000275771
0.0000264178
0.0000252272
0.0000240280
0.0000228338
0.0000216436
0.0000204580
0.0000192821
0.0000181221
0.0000169816
0.0000158656
0.0000147764
0.0000137117
0.0000126687
0.0000116444
0.0000106359
0.0000096415
0.0000086598
0.0000076896
0.0000067287
0.0000057746
0.0000048260
0.0000038819
0.0000029421
0.0000020065
0.0000010751
0.0000001479
-0.0000007751
-0.0000016938
-0.0000026082
-0.0000035180
