-0.0000230236
-0.0000230266
-0.0000230213
-0.0000230099
-0.0000230141
-0.0000229842
-0.0000229382
-0.0000229372
-0.0000229425
-0.0000229506
-0.0000229956
-0.0000228568
-0.0000227437
-0.0000227301
-0.0000226055
-0.0000229205
-0.0000231748
-0.0000231916
-0.0000233694
-0.0000231720
-0.0000227171
-0.0000226028
-0.0000230018
-0.0000228693
-0.0000226728
-0.0000226753
-0.0000216702
-0.0000217483
-0.0000222381
-0.0000218519
-0.0000229252
-0.0000220166
-0.0000199436
-0.0000218723
-0.0000226910
-0.0000214520
-0.0000212795
-0.0000210057
-0.0000209470
-0.0000211741
-0.0000226556
-0.0000232424
-0.0000241951
-0.0000246432
-0.0000205296
-0.0000204637
-0.0000220245
-0.0000220803
-0.0000251828
-0.0000251987
-0.0000230751
-0.0000197772
-0.0000200905
-0.0000248048
-0.0000232733
-0.0000210497
-0.0000180430
-0.0000169501
-0.0000202134
-0.0000149304
-0.0000146746
-0.0000219868
-0.0000203512
-0.0000193532
-0.0000217853
-0.0000174235
-0.0000143719
-0.0000187465
-0.0000165537
-0.0000130874
-0.0000200141
-0.0000245259
-0.0000220229
-0.0000236927
-0.0000276586
-0.0000273701
-0.0000272213
-0.0000198453
-0.0000148274
-0.0000171144
-0.0000135917
-0.0000206979
-0.0000219452
-0.0000177882
-0.0000258725
-0.0000204400
-0.0000204294
-0.0000259718
-0.0000127673
-0.0000039743
-0.0000104895
-0.0000163765
-0.0000193909
-0.0000355105
-0.0000235474
0.0000096205
-0.0000021992
-0.0000071322
-0.0000007260
-0.0000272363
-0.0000268871
-0.0000082781
-0.0000272155
-0.0000506411
-0.0000428341
-0.0000297820
-0.0000195713
0.0000250802
0.0000528163
0.0000120136
-0.0000353809
-0.0000657631
-0.0000600019
-0.0000167203
-0.0000030729
0.0000019941
0.0000044512
0.0000036043
0.0000281143
-0.0000064597
-0.0000519485
-0.0000424663
-0.0000735469
-0.0000652344
-0.0000001822
0.0000194073
0.0000391565
0.0000099094
-0.0000636502
-0.0000582859
-0.0000158744
0.0000285439
0.0000599128
0.0000317690
-0.0000086890
-0.0000469904
-0.0000680888
-0.0000524121
-0.0000533865
-0.0000283419
0.0000225868
0.0000623697
0.0001027002
0.0000345011
-0.0000406394
-0.0000253881
-0.0000901765
-0.0001360835
-0.0000882613
-0.0000491935
0.0000505021
0.0001759502
0.0001670075
0.0000114788
-0.0001636118
-0.0002481980
-0.0001745869
0.0000222522
0.0001521857
0.0001821133
0.0001381886
-0.0000598809
-0.0002234999
-0.0001762225
-0.0000617478
0.0000526182
0.0001074399
0.0000955865
0.0001292114
0.0000907377
-0.0000579870
-0.0001516917
-0.0001334037
-0.0000716179
0.0000023478
0.0001132438
0.0001248174
0.0000413583
-0.0000075448
-0.0000983942
-0.0001603334
-0.0001176013
-0.0000255713
0.0001005947
0.0001222379
0.0000400784
-0.0000458765
-0.0001035959
-0.0000416570
0.0000727625
0.0001062027
-0.0000152661
-0.0001580978
-0.0001329443
-0.0000252418
0.0000991734
0.0001276199
0.0000620922
0.0000050239
-0.0000668135
-0.0000075559
0.0000470740
-0.0000453130
-0.0000704698
-0.0000578079
0.0000080666
0.0001017690
0.0000483317
-0.0000085544
-0.0000201013
-0.0000293294
0.0000260630
-0.0000082450
-0.0001220071
-0.0001279866
-0.0000664332
0.0000751417
0.0001968447
0.0001297120
0.0000175017
-0.0000975215
-0.0001522008
-0.0000945685
-0.0000663075
0.0000621734
0.0001941768
0.0001433235
0.0000712338
-0.0000758429
-0.0001785777
-0.0001328505
-0.0000901355
0.0000363754
0.0001231650
0.0000796662
0.0000210343
-0.0000607018
-0.0000954869
-0.0000717327
0.0000327384
0.0001072852
0.0000486494
0.0000054454
-0.0000548866
-0.0000352165
0.0000401507
0.0000133020
0.0000762858
0.0000613921
-0.0000435597
-0.0000467224
-0.0001502500
-0.0001059651
0.0000953966
0.0000838832
0.0000685092
0.0000514743
-0.0000625278
-0.0000970094
-0.0000881669
-0.0000784686
0.0000102363
0.0001377619
0.0001247387
0.0000741894
0.0000716541
-0.0000619892
-0.0001381425
-0.0000888743
-0.0000722898
-0.0000379313
-0.0000120255
0.0000816060
0.0002291452
0.0001803229
-0.0000161619
-0.0001997652
-0.0002761055
-0.0001300477
0.0000662492
0.0001357713
0.0001781541
0.0001282923
0.0000059821
-0.0000372498
-0.0001106889
-0.0001040478
0.0000059772
-0.0000452477
-0.0000532722
0.0000576982
0.0000280262
-0.0000113477
0.0000307434
0.0000100389
-0.0000189733
-0.0000134881
-0.0000235060
0.0000197007
0.0000564617
-0.0000102614
-0.0000426052
0.0000263345
0.0000646357
0.0000496469
0.0000853818
0.0000583477
-0.0000517986
-0.0001009138
-0.0001381908
-0.0000572674
0.0001192672
0.0001627289
0.0001106320
-0.0000078506
-0.0001155412
-0.0001243957
-0.0000936495
-0.0000360287
0.0000434898
0.0000945865
0.0000552830
0.0000184961
0.0000067367
-0.0000884189
-0.0000744124
0.0000248082
0.0000152270
0.0000640596
0.0000885779
0.0000025594
-0.0000319573
-0.0000433923
0.0000033390
0.0000420406
0.0000266357
0.0000625855
-0.0000009344
-0.0000911548
-0.0000321271
0.0000607635
0.0000900325
0.0000267314
-0.0000424453
-0.0000844611
-0.0001161551
-0.0000545706
0.0000316987
0.0000600271
0.0000617094
0.0000448119
-0.0000006779
-0.0000340830
0.0000119623
0.0000129709
-0.0000388570
0.0000179111
0.0000380286
-0.0000173253
0.0000203685
0.0000172499
-0.0000361305
0.0000034180
-0.0000171636
-0.0000684638
0.0000076895
0.0000558037
0.0000093746
-0.0000129927
-0.0000259088
-0.0000051034
0.0000723592
0.0000507821
0.0000062906
0.0000159109
-0.0000521880
-0.0000536512
0.0000205242
0.0000149200
0.0000510396
0.0000645877
-0.0000063796
0.0000208176
0.0000264501
-0.0000510207
-0.0000397954
-0.0000381810
-0.0000391970
0.0000234956
0.0000259928
-0.0000195320
-0.0000282098
0.0000189770
0.0000227643
-0.0000196134
-0.0000290417
-0.0000391426
-0.0000008979
0.0000367176
0.0000219137
0.0000305642
0.0000551942
0.0000203599
-0.0000237404
0.0000308500
-0.0000115233
-0.0000566863
0.0000152838
-0.0000467056
-0.0000005930
0.0001169612
0.0000479629
0.0000284571
-0.0000066704
-0.0000740149
-0.0000632321
-0.0000141389
0.0000107219
-0.0000572278
0.0000006862
0.0000309362
-0.0000410131
0.0000358573
-0.0000037407
-0.0000129129
0.0000705793
-0.0000013950
0.0000255492
0.0000123009
-0.0000432565
0.0000176404
-0.0000017512
0.0000202512
0.0000365404
0.0000040426
0.0000253112
-0.0000380831
-0.0000313189
0.0000143923
-0.0000323919
0.0000480907
0.0000308580
-0.0000718134
0.0000113009
0.0000063606
-0.0000020377
0.0000466839
-0.0000202211
-0.0000351893
-0.0000456363
-0.0000346707
0.0000380802
0.0000439761
0.0000504894
0.0000241573
-0.0000190521
0.0000096789
0.0000280964
0.0000213433
0.0000161854
-0.0000062700
-0.0000211845
-0.0000228221
-0.0000436886
-0.0000181516
0.0000187805
0.0000206246
0.0000586629
0.0000505424
0.0000259238
0.0000356938
0.0000107715
-0.0000109278
-0.0000222698
-0.0000001902
0.0000299093
-0.0000037453
-0.0000360377
-0.0000315490
-0.0000308625
-0.0000369851
-0.0000433881
-0.0000080737
0.0000799573
0.0000981559
0.0000489685
-0.0000052985
-0.0000477415
-0.0000243363
-0.0000122112
-0.0000180160
0.0000131313
-0.0000088389
-0.0000155730
0.0000407147
0.0000197984
-0.0000222389
-0.0000046372
0.0000000838
0.0000199036
0.0000388273
0.0000088637
0.0000115903
0.0000386361
0.0000214757
-0.0000200208
-0.0000228512
0.0000327153
0.0000577934
0.0000280526
0.0000099429
-0.0000450113
-0.0000664498
-0.0000158179
0.0000102214
0.0000825558
0.0000522219
-0.0000257275
0.0000451587
-0.0000040974
-0.0000622334
-0.0000147738
-0.0000570770
-0.0000391826
0.0000474721
0.0000400990
-0.0000031235
-0.0000100457
-0.0000339796
-0.0000365242
0.0000137705
0.0000100367
0.0000000813
0.0000467041
0.0000275192
-0.0000147639
0.0000516497
0.0000443421
-0.0000379631
0.0000017353
0.0000554716
0.0000447014
-0.0000196788
-0.0000344382
0.0000148431
-0.0000028559
0.0000101287
0.0000066960
-0.0000588981
-0.0000556021
-0.0000153654
0.0000291093
0.0000319179
0.0000226041
0.0000517344
0.0000026624
-0.0000509277
0.0000064339
0.0000503554
0.0000271653
-0.0000037985
-0.0000053221
-0.0000035724
0.0000108670
0.0000534712
0.0000335243
-0.0000147989
-0.0000310132
-0.0000468399
-0.0000442184
-0.0000038255
0.0000249832
-0.0000116747
0.0000058978
0.0000634701
0.0000398714
0.0000134439
-0.0000343717
-0.0000693372
-0.0000203655
0.0000150352
0.0000465607
0.0000773038
0.0000497192
0.0000057504
-0.0000425172
-0.0000662691
-0.0000046403
0.0000402858
0.0000377820
0.0000476889
0.0000341776
0.0000050815
-0.0000257843
-0.0000208878
-0.0000141301
-0.0000403761
-0.0000093806
0.0000319674
0.0000685383
0.0000514888
-0.0000411496
-0.0000413599
-0.0000227850
-0.0000224522
0.0000149802
0.0000217572
0.0000564697
0.0000842527
0.0000431496
0.0000032390
-0.0000250384
-0.0000144749
0.0000020868
-0.0000361034
0.0000093206
0.0000692789
-0.0000144446
-0.0000099221
0.0000162413
-0.0000463941
0.0000104357
0.0000261322
-0.0000261987
-0.0000218103
0.0000125454
0.0000849042
0.0000591808
0.0000129649
-0.0000315830
-0.0000808790
0.0000136984
0.0000138727
-0.0000456876
0.0000320805
0.0000572609
0.0000305017
0.0000390210
0.0000037834
-0.0000601060
-0.0000459158
-0.0000194208
-0.0000214877
0.0000430456
0.0000726818
0.0000191177
0.0000013096
0.0000174337
0.0000135756
0.0000044138
0.0000039048
-0.0000337969
-0.0000149853
0.0000603957
0.0000254459
0.0000257078
0.0000396026
-0.0000511567
-0.0000240786
-0.0000165721
-0.0000624072
0.0000222709
0.0000148049
0.0000215601
0.0000776465
-0.0000064985
-0.0000108584
-0.0000069018
-0.0000479765
0.0000002959
-0.0000021524
-0.0000169431
-0.0000173306
-0.0000414810
-0.0000111527
0.0000537850
0.0000826217
0.0000504145
-0.0000008559
-0.0000732053
-0.0000300455
0.0000893266
0.0000525179
0.0000551020
0.0000669585
-0.0000155005
-0.0000341328
-0.0000436968
-0.0000034695
0.0000506673
0.0000385091
0.0000101954
-0.0000298638
-0.0000240838
-0.0000100036
0.0000106706
0.0000574874
0.0000710557
0.0000364988
-0.0000161929
0.0000069862
0.0000237494
-0.0000142612
-0.0000046706
-0.0000338640
-0.0000721536
-0.0000197956
0.0000168070
0.0000125983
0.0000522367
0.0000741244
-0.0000374665
-0.0000934528
-0.0000085841
-0.0000176047
-0.0000012870
0.0000718421
0.0000058408
0.0000007879
0.0000630940
0.0000297785
0.0000490317
0.0000981865
0.0000540402
-0.0000014375
-0.0000433149
-0.0000724274
-0.0000453989
-0.0000000344
0.0000184351
-0.0000036850
-0.0000159392
-0.0000085953
0.0000028135
0.0000196399
0.0000269704
0.0000561081
0.0000348297
0.0000349287
0.0000777514
0.0000197084
-0.0000038667
-0.0000112632
-0.0000163660
0.0000346667
-0.0000051215
-0.0000365474
-0.0000239396
-0.0000429828
0.0000145291
0.0000678556
-0.0000160588
-0.0000406498
0.0000014949
-0.0000365374
-0.0000085841
0.0000310095
0.0000551690
0.0000598577
-0.0000170792
-0.0000202669
-0.0000456414
0.0000004514
0.0000762234
-0.0000131762
0.0000184182
0.0000354511
-0.0000269534
0.0000241309
0.0000437766
0.0000570635
0.0000524902
-0.0000305491
-0.0000088033
0.0000792427
0.0000251328
0.0000072494
0.0000553689
-0.0000036494
0.0000038351
0.0000399458
0.0000005654
-0.0000110337
-0.0000089172
-0.0000214435
-0.0000339360
-0.0000377395
-0.0000450722
-0.0000505817
-0.0000240001
0.0000363017
0.0000252007
0.0000104134
0.0000690030
0.0000339679
0.0000045028
0.0000046567
-0.0000273327
0.0000010570
0.0000227919
0.0000170094
-0.0000254817
-0.0000130666
0.0000774960
0.0000609798
0.0000471015
0.0000777208
0.0000495715
0.0000364316
-0.0000121480
-0.0000502144
0.0000166973
0.0000103048
-0.0000424288
-0.0000325534
-0.0000280901
-0.0000256644
-0.0000149581
-0.0000051231
-0.0000070442
0.0000311432
0.0000755783
0.0000342742
0.0000138278
0.0000338587
0.0000104798
-0.0000474469
-0.0000302632
0.0000475860
0.0000188701
-0.0000111342
0.0000400267
0.0000723143
0.0000666884
-0.0000004858
-0.0000411795
-0.0000246950
0.0000114501
0.0000618870
0.0000220253
0.0000183392
0.0000617299
-0.0000028319
-0.0000359347
-0.0000245864
-0.0000348967
-0.0000302137
-0.0000257694
-0.0000318165
-0.0000100879
0.0000214491
-0.0000139192
0.0000036263
0.0000451125
0.0000036509
0.0000155832
0.0000171874
0.0000199934
0.0000803461
0.0000399093
0.0000208957
0.0000832937
0.0000921671
0.0000624917
0.0000185341
0.0000083503
0.0000036387
0.0000056561
-0.0000002079
-0.0000461049
0.0000089405
-0.0000087136
-0.0001056102
-0.0000511814
-0.0000601279
-0.0000634561
0.0000489275
0.0000397253
-0.0000075152
0.0000072297
0.0000100833
0.0000264252
0.0000371098
0.0000342311
0.0000193095
-0.0000131725
0.0000498795
0.0000667945
-0.0000018336
0.0000542271
0.0000325750
0.0000077817
0.0000722525
-0.0000035997
0.0000114224
0.0000610495
-0.0000280999
-0.0000638313
-0.0000491937
0.0000100128
0.0000545085
0.0000340732
0.0000119991
-0.0000129880
0.0000029484
-0.0000133107
-0.0000621888
-0.0000085306
0.0000344485
0.0000085046
0.0000067844
0.0000072934
0.0000054942
0.0000230551
0.0000367658
-0.0000028827
-0.0000201515
0.0000346225
0.0000128968
0.0000052723
0.0000604321
0.0000323374
0.0000143613
0.0000068450
-0.0000206692
0.0000125765
0.0000118274
-0.0000234427
-0.0000041251
0.0000068010
0.0000112208
0.0000412858
0.0000324326
0.0000198542
0.0000367706
0.0000249018
0.0000060395
-0.0000043985
-0.0000250896
-0.0000086186
0.0000189121
-0.0000080563
-0.0000205106
-0.0000114409
-0.0000290456
-0.0000246818
0.0000446852
0.0000819760
0.0000181759
0.0000267718
0.0000752516
0.0000486060
0.0000790648
0.0000657919
-0.0000585834
-0.0000608534
-0.0000227176
-0.0000755266
-0.0000167455
0.0000394899
0.0000076614
0.0000398176
-0.0000000777
-0.0000087794
0.0000392503
-0.0000262289
-0.0000339472
0.0000227326
0.0000633174
0.0000577686
0.0000214720
0.0000394198
0.0000261375
-0.0000046895
-0.0000229762
-0.0000209820
0.0000207683
0.0000189606
0.0000285438
0.0000614439
0.0000140977
-0.0000442676
0.0000041652
0.0000324920
-0.0000218170
0.0000027969
0.0000283176
-0.0000037398
0.0000365854
0.0001066086
0.0000921344
0.0000452663
0.0000430579
0.0000210192
-0.0000098456
-0.0000367007
-0.0000559069
0.0000029450
0.0000058939
-0.0000563935
-0.0000354193
-0.0000182649
-0.0000225065
0.0000219033
0.0000322568
-0.0000038224
0.0000100151
0.0000453253
0.0000365260
0.0000591650
0.0000812436
0.0000281598
0.0000300350
0.0000311295
-0.0000402712
-0.0000090776
0.0000436797
0.0000424963
0.0000499985
-0.0000095834
-0.0000129103
0.0000350219
0.0000044454
0.0000182248
0.0000144792
-0.0000048629
-0.0000017456
-0.0000510469
-0.0000301095
-0.0000084409
0.0000023350
0.0000356044
-0.0000032652
0.0000170192
0.0000636324
0.0000407143
-0.0000174292
-0.0000373580
0.0000208699
0.0000066520
0.0000121377
0.0000826904
0.0000302847
0.0000039591
0.0000279592
-0.0000132856
-0.0000023757
0.0000447085
0.0000734186
0.0000177292
-0.0000660182
-0.0000152035
-0.0000045416
-0.0000125835
0.0000557860
0.0000239921
-0.0000444148
-0.0000635629
0.0000060513
0.0000701581
0.0000098312
0.0000128596
0.0000387080
0.0000059936
0.0000229026
0.0000438787
0.0000257478
0.0000106677
0.0000279608
0.0000266649
0.0000001832
0.0000084761
-0.0000049222
-0.0000288564
0.0000183263
0.0000191656
-0.0000216842
0.0000547977
0.0000587893
0.0000015663
0.0000460288
-0.0000365579
-0.0000527418
0.0000510740
-0.0000236061
0.0000010731
0.0000714107
-0.0000170879
-0.0000322599
-0.0000048084
-0.0000142111
-0.0000060264
0.0000313549
0.0000384468
0.0000273293
0.0000504818
0.0000305700
0.0000263255
0.0000368488
0.0000197821
0.0000306750
0.0000142631
0.0000075759
-0.0000080897
-0.0000346489
0.0000334786
0.0000429147
-0.0000226450
-0.0000200770
-0.0000030798
0.0000126117
0.0000180012
-0.0000205420
-0.0000306586
0.0000135479
0.0000205763
-0.0000028540
0.0000062461
-0.0000043033
0.0000084071
0.0000749731
0.0000688471
0.0000167367
0.0000187815
0.0000375689
0.0000079690
-0.0000099920
0.0000185039
0.0000085987
-0.0000028114
0.0000178673
0.0000088283
0.0000261090
0.0000489032
0.0000280551
0.0000337541
0.0000178043
-0.0000123519
-0.0000303380
-0.0000292632
0.0000515715
0.0000471809
-0.0000206251
-0.0000120142
-0.0000126893
0.0000121685
0.0000386097
0.0000176594
0.0000175948
0.0000536057
0.0000543641
0.0000069283
0.0000453556
0.0000360437
-0.0000316510
-0.0000043338
-0.0000118874
0.0000340021
0.0000602103
-0.0000198484
-0.0000219207
-0.0000350212
-0.0000282100
-0.0000042097
-0.0000023049
0.0000384399
0.0000037338
-0.0000170510
0.0000149620
0.0000339795
0.0000674881
0.0000519433
0.0000236436
0.0000302371
0.0000304425
-0.0000036370
-0.0000151641
0.0000454071
0.0000541084
0.0000160644
0.0000253012
0.0000193078
0.0000189122
0.0000130014
-0.0000322814
-0.0000213593
-0.0000079701
-0.0000146075
0.0000136727
0.0000343914
0.0000300228
0.0000052360
0.0000110245
0.0000060434
-0.0000023660
0.0000105133
-0.0000283959
-0.0000064310
0.0000042446
-0.0000038385
0.0000411220
-0.0000011608
0.0000319836
0.0000701688
0.0000326542
0.0000583324
0.0000285300
0.0000441561
0.0000278511
-0.0000069044
0.0000756830
0.0000051322
-0.0000418106
0.0000231237
-0.0000076962
0.0000055273
0.0000315689
-0.0000265814
-0.0000766415
-0.0000278516
0.0000407066
0.0000355905
0.0000369843
0.0000231951
-0.0000052783
0.0000149789
0.0000151767
0.0000044453
0.0000055605
-0.0000303271
-0.0000186239
-0.0000054634
-0.0000310137
0.0000093270
-0.0000004486
0.0000191729
0.0000750446
0.0000350207
0.0000675720
0.0000830319
0.0000573796
0.0000432130
-0.0000140666
-0.0000177190
-0.0000301340
-0.0000141360
0.0000208907
0.0000231934
0.0000502133
0.0000574139
0.0000298370
-0.0000322208
0.0000060174
0.0000401362
-0.0000209477
0.0000178278
0.0000355237
0.0000294867
0.0000287619
-0.0000178368
-0.0000227540
-0.0000249214
0.0000055671
0.0000185037
-0.0000023386
0.0000155532
0.0000205788
0.0000255755
-0.0000070135
-0.0000293205
-0.0000025212
0.0000334285
0.0000541731
0.0000252950
0.0000472398
0.0000253777
-0.0000113264
0.0000260706
-0.0000362866
-0.0000365749
0.0000149416
0.0000048345
0.0000387800
0.0000327110
0.0000327380
0.0000337012
-0.0000043253
-0.0000016521
0.0000147740
0.0000622030
0.0000710042
0.0000404665
0.0000637929
0.0000428872
0.0000025252
-0.0000098142
-0.0000433499
-0.0000110927
0.0000110522
-0.0000173481
0.0000268951
0.0000250397
0.0000133680
0.0000552453
0.0000421311
0.0000183476
-0.0000186373
-0.0000252172
-0.0000149489
-0.0000183444
-0.0000050392
-0.0000606166
-0.0000553315
-0.0000059216
-0.0000080533
0.0000164348
-0.0000057440
0.0000140558
0.0000763276
0.0000643513
0.0000664902
0.0000724198
0.0000586612
0.0000739315
0.0000876974
0.0000313615
-0.0000246422
0.0000176943
0.0000441265
0.0000233154
0.0000518593
0.0000517661
0.0000008563
-0.0000087906
-0.0000380941
-0.0000697105
-0.0000306262
-0.0000428568
-0.0000549735
-0.0000304907
-0.0000743218
-0.0000643380
-0.0000220436
0.0000035702
0.0000457134
0.0000296769
0.0000997145
0.0001368679
0.0000355519
0.0000602811
0.0000855549
0.0000459619
0.0000265429
-0.0000099507
-0.0000011083
-0.0000057111
0.0000009280
0.0000297351
-0.0000010853
0.0000136327
0.0000269680
-0.0000149205
0.0000064465
0.0000054678
-0.0000386836
0.0000107277
0.0000255707
-0.0000030707
0.0000487560
0.0000628043
0.0000150426
-0.0000087216
-0.0000027547
-0.0000157651
0.0000067482
0.0000410762
-0.0000290935
-0.0000218761
0.0000088118
-0.0000196420
0.0000538778
0.0000414457
0.0000060060
0.0000543881
0.0000068484
0.0000262780
0.0000662174
0.0000090595
-0.0000048187
-0.0000206871
-0.0000042330
0.0000045434
-0.0000129313
0.0000292331
0.0000093138
0.0000092799
0.0000152522
-0.0000084316
0.0000688443
0.0000431788
-0.0000030040
0.0000097903
-0.0000391648
0.0000054971
0.0000120999
-0.0000166799
0.0000309074
0.0000298185
0.0000361925
-0.0000010645
-0.0000117772
0.0000421239
0.0000281755
0.0000577674
0.0000434171
-0.0000065149
0.0000171966
-0.0000135617
0.0000061426
0.0000585919
0.0000374130
0.0000172372
-0.0000164230
-0.0000492118
-0.0000744906
-0.0000644172
-0.0000477419
-0.0000374504
0.0000509891
0.0000632950
0.0000360189
0.0000933892
0.0000556243
0.0000075498
0.0000440067
0.0000233177
0.0000068761
0.0000379188
0.0000707617
0.0000488390
0.0000024031
0.0000580425
0.0000116978
-0.0000478038
0.0000485188
-0.0000303200
-0.0000771563
0.0000080582
-0.0000373757
-0.0000084762
0.0000083743
-0.0000476432
-0.0000176014
-0.0000247355
-0.0000393804
0.0000208454
0.0000831359
0.0000358262
0.0000250193
0.0000839658
0.0000145050
0.0000699297
0.0000904617
-0.0000762091
-0.0000021813
0.0000929229
0.0000358768
0.0000144141
0.0000686210
0.0001060939
0.0000052603
-0.0000219205
-0.0000602205
-0.0000655401
0.0000815524
-0.0000439038
-0.0000449981
0.0001040688
-0.0000184238
0.0001298671
0.0000804048
-0.0001060010
0.0001233444
0.0000126399
0.0000205213
-0.0001177290
-0.0003605682
0.0002731610
0.0002159436
-0.0000641712
0.0000109905
-0.0003641412
0.0001464166
0.0003920595
-0.0000992445
-0.0001799450
-0.0002432348
0.0004196861
0.0002221796
-0.0005756698
0.0002357635
0.0001930248
-0.0001680362
0.0001615505
-0.0000400834
0.0002133756
-0.0002104794
-0.0002468936
0.0006226869
-0.0002056650
-0.0004469226
0.0004208950
0.0002521174
-0.0004718478
-0.0004040375
0.0007801817
0.0007228749
-0.0004395713
-0.0004441031
0.0001369633
0.0005456731
0.0001728213
-0.0004021948
-0.0000163760
-0.0000549750
-0.0004942615
0.0000873002
0.0004230978
-0.0004715452
-0.0004235287
0.0004048207
0.0004465814
0.0001861394
-0.0005279993
0.0004645738
0.0007483055
-0.0015328680
0.0000246710
0.0016319570
-0.0007839486
-0.0011528880
0.0002735694
0.0002781072
-0.0003627616
0.0001240223
0.0010345530
-0.0000659345
-0.0006544362
0.0006313395
0.0009147860
-0.0002587330
-0.0009776127
0.0009833745
0.0010306960
-0.0013885160
-0.0007252687
0.0003121315
0.0007374198
-0.0000542674
-0.0004628437
0.0013920960
0.0002043144
-0.0014535950
-0.0002182928
0.0008772541
-0.0000702487
-0.0006263047
-0.0001296353
-0.0000597886
0.0003070510
-0.0004243980
0.0006073829
0.0006477851
-0.0007391061
-0.0003245555
-0.0013176930
0.0012283210
0.0020096340
-0.0008423151
-0.0009357817
-0.0001456311
0.0009277597
-0.0003154706
0.0002153467
-0.0001032485
0.0000423042
0.0021523020
-0.0022917220
-0.0013743590
0.0015716630
-0.0008876060
-0.0000338326
-0.0006753599
-0.0001952400
0.0012587080
-0.0015211420
0.0008223714
0.0023028240
-0.0020931010
0.0004678193
0.0009801209
-0.0024880710
0.0025068200
0.0012000530
-0.0029069860
0.0010165630
-0.0003090180
-0.0009991167
-0.0008506790
0.0006680744
0.0038923330
-0.0025593400
0.0006381359
0.0029376140
-0.0021863740
0.0015413610
-0.0019031900
0.0000860684
0.0026816110
-0.0015595220
0.0003703945
-0.0028329160
-0.0000178961
0.0027036600
-0.0002223004
0.0025389140
-0.0010318560
-0.0026839410
0.0019357720
0.0003460148
-0.0020566280
-0.0004246216
0.0012062340
-0.0002407527
-0.0029792700
0.0004852263
0.0032821470
0.0003881794
-0.0014547870
-0.0006012743
0.0008387102
-0.0041580040
-0.0023996060
0.0020504700
-0.0019480840
-0.0011213740
-0.0004194988
0.0033532240
0.0048922250
-0.0006043380
-0.0018276120
0.0014350170
0.0030486890
-0.0020752910
0.0008398172
0.0030839180
-0.0022288510
-0.0020950420
-0.0004780701
0.0019901800
0.0017465310
0.0008522536
0.0018383010
-0.0015531560
-0.0050840270
0.0033560340
0.0032205860
-0.0063345590
0.0000686558
-0.0030485750
-0.0012687450
0.0054687870
-0.0054183900
0.0007332154
0.0016191220
-0.0029236340
0.0055672480
-0.0014563990
-0.0006066850
0.0049993300
0.0020654270
0.0069888000
-0.0004763925
-0.0041332740
-0.0012822610
-0.0084393250
0.0040832410
0.0096906260
-0.0014597570
0.0025288880
-0.0007849193
-0.0080250110
-0.0001030796
0.0030484180
-0.0029722610
0.0011615940
0.0042383840
-0.0023054610
0.0004338744
-0.0009800571
-0.0030619030
0.0036223190
-0.0011759060
-0.0027295770
-0.0002245091
-0.0038029930
0.0010878060
-0.0014962950
-0.0076658240
0.0042965720
0.0037359390
-0.0049908290
0.0056814090
0.0100494200
0.0075887100
0.0044626480
-0.0032605470
0.0009438520
-0.0017640370
-0.0111065700
-0.0018014660
0.0055081950
0.0037630530
-0.0017577380
-0.0084755830
0.0006451134
0.0055979760
-0.0005245186
0.0014168940
0.0043637500
0.0017885310
-0.0025248410
0.0018392800
-0.0036263080
-0.0087663170
0.0054150620
-0.0000248006
-0.0013183590
0.0025682250
-0.0109709000
-0.0023797370
0.0030540580
-0.0005315929
0.0005256738
-0.0046508230
0.0045029110
-0.0068832410
-0.0134780500
0.0121401300
0.0050130030
0.0015731590
0.0094370340
0.0053626330
0.0053040010
-0.0099752070
0.0015608980
0.0163504300
-0.0010454060
0.0024235640
0.0043381860
-0.0016873410
-0.0013198000
0.0009833755
0.0114939800
-0.0039365630
-0.0211178400
-0.0079224730
-0.0025739220
0.0016097260
0.0085513560
0.0028858730
0.0028161480
-0.0015287910
-0.0114961900
-0.0122458600
-0.0083433350
0.0058352820
0.0060049710
-0.0053587330
0.0005682990
-0.0012539370
-0.0046658510
-0.0028054190
0.0043308920
0.0256286000
0.0158450100
0.0013366750
0.0176962100
0.0069404470
-0.0054613890
0.0164920600
0.0209314300
0.0141538100
0.0027823300
-0.0148168900
-0.0034865580
-0.0060826140
-0.0160093600
-0.0039689160
-0.0185172700
-0.0180153600
0.0028836660
-0.0072789180
-0.0073031580
0.0017706960
-0.0001192761
0.0031854510
-0.0025499770
0.0015878440
0.0144968200
0.0089274500
0.0082435300
0.0041147350
0.0014204950
0.0005571928
-0.0133388500
-0.0029234050
0.0072805950
0.0077215310
0.0215192900
0.0254665400
0.0155248200
-0.0005222505
0.0030976160
0.0103342900
-0.0020040330
-0.0065526950
-0.0063231870
-0.0115547300
-0.0217269300
-0.0190605300
-0.0036987150
0.0022450200
0.0007516698
-0.0005146334
0.0114816400
0.0100825600
-0.0006087142
0.0124673900
0.0104989900
-0.0023916360
-0.0072132610
-0.0164790400
-0.0129329300
-0.0045007240
-0.0033954440
0.0086444360
0.0239351000
0.0089505120
-0.0092686790
-0.0021296980
0.0037623250
0.0155362500
0.0212392800
0.0097941940
0.0044743900
-0.0016731070
-0.0032586870
-0.0058573430
-0.0038896110
0.0175694900
0.0234841000
0.0135423600
-0.0017317620
-0.0143638300
-0.0123518500
-0.0232627600
-0.0167908500
0.0021870600
-0.0191643200
-0.0220918600
-0.0020456230
-0.0053884940
-0.0063392370
-0.0055300930
-0.0094740910
-0.0012088770
0.0130827400
0.0192110000
0.0160838400
0.0071055980
0.0064950660
0.0075677290
0.0038434690
0.0109211800
0.0050330030
0.0019762130
0.0072064280
-0.0060333370
0.0008061287
0.0018786420
-0.0155429500
-0.0051497470
0.0081672830
0.0092642480
0.0035147720
0.0036031820
0.0130213600
0.0083548420
0.0049352730
0.0027643850
-0.0070610070
-0.0128069400
-0.0161000800
-0.0176957100
-0.0228185300
-0.0166737600
-0.0096087750
-0.0145881800
-0.0073339890
-0.0063277600
-0.0005466610
0.0192474900
0.0243620700
0.0249464600
0.0164561900
0.0008903592
0.0018013240
0.0144395500
0.0164043100
0.0125900300
0.0085432460
0.0025008300
0.0021762530
-0.0170867400
-0.0274883500
-0.0166380200
-0.0156516600
-0.0128482700
-0.0165296900
0.0058949310
0.0208993000
-0.0095165410
-0.0018260860
0.0180921700
0.0137761200
0.0079165050
0.0011748600
0.0068165110
0.0054618050
-0.0037317480
0.0064124640
0.0121617500
-0.0075142490
-0.0000498130
0.0138972900
-0.0026611340
0.0221082400
0.0344586700
0.0104785100
0.0120478300
-0.0137959900
-0.0268395200
-0.0149896900
-0.0287534600
-0.0108060700
0.0088524570
-0.0011501780
-0.0041248940
-0.0140914600
-0.0108009700
0.0039260360
0.0008469660
0.0145641100
0.0176315600
-0.0024037370
-0.0036952980
-0.0196020300
-0.0194634100
0.0051784560
0.0032576500
0.0047215470
0.0048785770
0.0068503800
0.0115208300
0.0014397170
0.0097917300
0.0185288400
0.0091401800
0.0101542200
0.0192946900
0.0119020700
-0.0062591950
-0.0069443760
0.0008773315
-0.0139003100
-0.0207574300
-0.0122453100
-0.0256466700
-0.0142229000
0.0026862960
-0.0109237000
-0.0128263700
-0.0177438500
-0.0110520800
-0.0122580000
-0.0377801800
-0.0244448000
-0.0080825850
-0.0172991100
-0.0121634300
0.0058673560
0.0182559000
0.0126488000
0.0073484090
0.0220744600
0.0232951100
0.0173339000
0.0344464900
0.0310482100
0.0011271950
-0.0075601400
-0.0014544220
-0.0034962170
-0.0000560693
0.0032252830
-0.0043913730
-0.0069517540
-0.0141403800
-0.0054918400
0.0099924030
0.0022002490
0.0087290610
0.0128040600
0.0103089900
-0.0063685010
-0.0300562800
-0.0219468200
-0.0385778700
-0.0379934100
-0.0155065200
-0.0221594500
-0.0040961220
0.0025229590
0.0014297390
0.0187061000
0.0229637000
0.0148798000
-0.0017179480
0.0008427238
-0.0042048630
-0.0203213200
-0.0137486500
0.0005808500
0.0048576790
-0.0176639100
-0.0042641480
0.0337848400
0.0194190800
0.0146033200
0.0190763900
-0.0041602580
0.0000709199
0.0111835400
-0.0139526900
-0.0263672000
-0.0190034400
-0.0123604000
0.0057709610
-0.0010590650
-0.0043156660
0.0306741000
0.0287599600
0.0072517620
0.0180685000
0.0207247200
-0.0080444990
-0.0339100800
-0.0169160200
0.0064526970
-0.0015625080
-0.0060805400
-0.0066034540
-0.0093056220
-0.0011311560
0.0002866207
-0.0109111900
-0.0271593900
-0.0261813200
-0.0005149890
0.0060006120
-0.0091989600
-0.0082455850
-0.0019831080
-0.0123870500
-0.0275757800
-0.0182209000
0.0155747700
0.0287637000
0.0203933800
0.0084313260
-0.0010718900
0.0177188600
0.0206611100
-0.0001555025
0.0196216300
0.0347618400
0.0179923300
0.0036712410
-0.0173577800
-0.0070431790
0.0214620600
-0.0050049790
-0.0176709200
0.0116724200
0.0034045770
-0.0226999100
-0.0408009200
-0.0417107400
-0.0002884173
0.0267265100
0.0143251900
0.0060578830
-0.0070543140
-0.0340769100
-0.0336150600
0.0026109410
0.0333212100
0.0380115600
0.0217094900
-0.0123551600
-0.0224328200
0.0086380700
0.0194460200
0.0077938270
-0.0003712431
-0.0109064500
-0.0190646800
-0.0240568400
-0.0117781100
-0.0035555740
-0.0055584590
0.0135077100
0.0356930700
0.0327133900
0.0018400760
-0.0164642100
-0.0140067600
-0.0062512580
-0.0165461800
-0.0476571700
-0.0272611700
-0.0161069900
-0.0180008700
0.0233833500
0.0183966400
0.0181553200
0.0247573200
0.0047231870
0.0208002500
0.0226868800
0.0118009800
-0.0083053650
-0.0187622700
-0.0059241200
-0.0090567520
0.0122742900
0.0049293690
-0.0146589900
0.0115407900
0.0165356800
0.0064805750
-0.0046241320
-0.0083847350
-0.0078314040
-0.0222158600
-0.0198096500
0.0127238800
0.0245637400
0.0019996730
0.0101816000
0.0211113800
0.0250391400
0.0260327000
-0.0106449500
-0.0054467290
0.0179347200
0.0186856300
0.0269745000
0.0189355200
0.0246025400
0.0163642800
-0.0200226300
-0.0292408600
-0.0203519000
-0.0141133800
-0.0228017500
-0.0170514900
0.0051673910
0.0182478200
0.0204295900
-0.0043223470
-0.0123348900
0.0014914570
-0.0072542740
-0.0141198200
-0.0196698000
-0.0201077900
0.0119668200
0.0298015400
0.0161195100
0.0095103110
0.0038243530
0.0021213110
0.0055642500
0.0086076460
0.0287703000
0.0402206100
0.0300145600
0.0246435200
0.0321894700
0.0258937400
0.0009090165
-0.0077963880
-0.0140366000
-0.0139670000
-0.0030314320
-0.0254941900
-0.0538621900
-0.0446470600
-0.0271077800
-0.0274795800
-0.0131273900
0.0089515480
0.0024451790
-0.0018397650
-0.0154243300
-0.0416662000
-0.0383768700
-0.0409112500
-0.0416306700
-0.0321752000
-0.0559826000
-0.0612078800
-0.0550801600
-0.0700676300
-0.0526221800
-0.0490002500
-0.0772300600
-0.0669433300
-0.0442074700
-0.0482770100
-0.0604263000
-0.0713437200
-0.0743688300
-0.0751770300
-0.0943743900
-0.1043855000
-0.1037740000
-0.1066222000
-0.0963896800
-0.1029752000
-0.0966133500
-0.0759095600
-0.0946385400
-0.0845434400
-0.0432667200
-0.0354997800
-0.0311219600
-0.0073200030
-0.0053405640
-0.0138148900
0.0085933650
0.0208706300
0.0319832600
0.0601344700
0.0835133100
0.1007333000
0.0844336100
0.0851911500
0.1169963000
0.1199172000
0.1186524000
0.1259617000
0.1317239000
0.1284473000
0.1202883000
0.1313637000
0.1457257000
0.1441190000
0.1335609000
0.1265321000
0.1248472000
0.1188115000
0.0977228800
0.0727646500
0.0584933600
0.0445403400
0.0438052000
0.0353427200
-0.0110637900
-0.0394420700
-0.0440355500
-0.0532457600
-0.0473683400
-0.0402849700
-0.0438120000
-0.0501938900
-0.0625109400
-0.0801672100
-0.0822625800
-0.0509241500
-0.0448011900
-0.0742070100
-0.0807946100
-0.0922745700
-0.0868056900
-0.0436420300
-0.0355089000
-0.0238334700
0.0229351000
0.0533137200
0.0561599800
0.0305955000
0.0087430860
0.0123031900
0.0206473800
0.0158934600
0.0010546850
0.0027363260
0.0054522980
0.0074131780
0.0109310600
-0.0171763200
-0.0234537700
0.0135742400
0.0347288100
0.0475862700
0.0700025500
0.0921535300
0.0862881900
0.0537374900
0.0275107800
-0.0114462400
-0.0392966900
-0.0066108550
0.0338781200
0.0389530300
0.0419457800
0.0393784700
0.0210478000
0.0125915300
0.0069758720
-0.0116725100
-0.0350587500
-0.0415740200
-0.0358072900
-0.0214939700
-0.0144338200
-0.0306599900
-0.0232404100
-0.0264309100
-0.0634665800
-0.0869885000
-0.1159764000
-0.1234569000
-0.1085318000
-0.1168896000
-0.0875286900
-0.0492129900
-0.0685979000
-0.0591682400
-0.0543866300
-0.0865429300
-0.0830011100
-0.0928077800
-0.0905767800
-0.0621024900
-0.0476696000
-0.0182174300
-0.0107504400
-0.0035118480
0.0102854300
-0.0074057650
-0.0089912360
-0.0125896800
-0.0370345500
-0.0483732100
-0.0434185000
-0.0284161000
-0.0192270900
-0.0105646100
-0.0049181820
-0.0151149300
-0.0146750000
-0.0081825860
-0.0045188830
0.0150650100
0.0377800500
0.0566142700
0.0722637900
0.0767413000
0.0769548600
0.0689840500
0.0305154100
-0.0105859700
0.0046196840
0.0387074500
0.0365888000
0.0218773300
0.0067626520
0.0127354500
0.0257108500
-0.0027086720
-0.0128510500
-0.0123843000
-0.0101617200
0.0399774800
0.0319578400
0.0013333710
0.0139597400
-0.0083577950
-0.0188254300
-0.0021314940
0.0065179800
-0.0058497100
-0.0320894500
-0.0340041100
-0.0375933200
-0.0376020500
-0.0315584000
-0.0381974300
-0.0235745300
0.0024932530
0.0072455520
-0.0016541210
0.0034122390
0.0284591600
0.0437089500
0.0489000100
0.0577916100
0.0592949300
0.0563601200
0.0505019200
0.0450182600
0.0463676300
0.0485842900
0.0510016300
0.0521898600
0.0421854600
0.0094291290
0.0030501240
0.0424296700
0.0524072700
0.0462169600
0.0715494100
0.1000877000
0.1277170000
0.1460037000
0.1373722000
0.1288413000
0.0963356600
0.0246398700
-0.0293456100
-0.0399401600
-0.0314402800
-0.0306263900
-0.0151619500
-0.0184826500
-0.0334166500
-0.0115362300
-0.0276517500
-0.0187002100
0.0207930800
-0.0059523570
-0.0098889560
-0.0108020600
-0.0565182200
-0.0728401900
-0.0484316300
-0.0241577700
-0.0120085300
0.0007803957
-0.0025089740
-0.0083581110
-0.0084057800
-0.0227101100
-0.0312713200
-0.0280730800
-0.0175309300
0.0030953290
0.0162720400
0.0202760500
0.0352031900
0.0383997300
0.0188772200
0.0061291640
-0.0122365200
-0.0200665900
0.0062670460
0.0294321100
0.0523286100
0.0731790800
0.0762151300
0.0843871900
0.0895255600
0.0824534000
0.0527051600
-0.0021223220
-0.0268510200
-0.0170904900
-0.0283526100
-0.0348109800
-0.0138173200
-0.0106962200
-0.0002390496
-0.0228120000
-0.0873307900
-0.0582022900
-0.0240786100
-0.0719043900
-0.0847321200
-0.0694428200
-0.0644411400
-0.0486871200
-0.0483544800
-0.0602864200
-0.0545219100
-0.0419918400
-0.0378146200
-0.0306326100
-0.0142438200
0.0028509290
0.0291569800
0.0249690700
0.0083290500
0.0379012400
0.0152907500
-0.0420801200
-0.0617066300
-0.0809619900
-0.0587050800
-0.0039212530
0.0331368900
0.0406315800
0.0425130400
0.0653750800
0.0672074500
0.0559140600
0.0546106300
0.0567942100
0.0693505000
0.0801149200
0.0614025800
0.0405518000
0.0496402400
0.0313947600
0.0268179800
0.0618133300
0.0497357400
0.0507501100
0.0892530300
0.1063124000
0.1058592000
0.1053051000
0.1178256000
0.1119976000
0.1180179000
0.1199081000
0.0681700400
0.0406348200
0.0147877200
-0.0243233800
-0.0132047800
0.0122556000
0.0190265700
0.0198810600
0.0179169600
-0.0013201470
-0.0125394700
0.0002595000
-0.0183663400
-0.0629501400
-0.0651752500
-0.0316646900
-0.0120274800
-0.0066448950
-0.0008192471
0.0253285300
0.0383481600
0.0059737210
0.0069223820
0.0281830500
0.0364355200
0.0642119000
0.0550505800
0.0252306000
0.0411332000
0.0737147200
0.0871375900
0.0812275200
0.0766258300
0.0827512700
0.0899713600
0.0848318800
0.0769193600
0.0689135400
0.0455943900
0.0298024300
0.0397133400
0.0489963800
0.0478459000
0.0362705500
-0.0118858900
-0.0456784200
-0.0345125300
-0.0347207700
-0.0178365700
0.0124012700
-0.0016023600
-0.0373882700
-0.0695871100
-0.1183841000
-0.1641553000
-0.1561747000
-0.1441739000
-0.1443911000
-0.1176404000
-0.0928870900
-0.0715164400
-0.0587147300
-0.0445894000
-0.0138892000
-0.0147880600
-0.0384311700
-0.0440666100
-0.0359445200
-0.0416265300
-0.0545709300
-0.0284125800
0.0136195900
0.0211643200
-0.0032848730
-0.0189068700
0.0090668880
0.0355001700
0.0526647200
0.0946482300
0.1144851000
0.1120896000
0.1206958000
0.0978404300
0.0507309500
0.0474838900
0.0434506500
0.0132493000
0.0219070800
0.0282538100
0.0192952300
0.0227312600
0.0148436400
-0.0042177700
-0.0194039400
0.0031368520
0.0132414500
0.0143237900
0.0647733800
0.0580508200
-0.0005005255
-0.0146910100
-0.0119255700
0.0021297480
0.0103353900
-0.0287945000
-0.0494055400
-0.0262502300
-0.0254557100
-0.0184532600
0.0068136780
0.0080655810
-0.0034044520
-0.0251606800
-0.0499036500
-0.0596711100
-0.0593632000
-0.0725109200
-0.0771903900
-0.0406780200
-0.0045959090
0.0233023200
0.0510766800
0.0625561800
0.0641818900
0.0659417600
0.0839408300
0.0967229800
0.0821899800
0.0536579700
0.0262375900
0.0214014800
0.0065843010
-0.0221566100
-0.0113131600
-0.0094829430
-0.0379608500
-0.0378063900
-0.0376108000
-0.0560092900
-0.0549554500
-0.0481783800
-0.0477283300
-0.0225041500
0.0129724000
0.0129176600
-0.0072550710
-0.0135650100
-0.0059895050
-0.0073672270
-0.0241623300
-0.0271490700
-0.0354956600
-0.0791529900
-0.1124333000
-0.1157895000
-0.1030157000
-0.0664710200
-0.0290150000
-0.0107103500
0.0003365665
0.0078505270
0.0088053520
0.0150892100
0.0198382100
0.0115132300
0.0308146600
0.0547925300
0.0428721500
0.0511295200
0.0656317900
0.0419441300
0.0398954900
0.0560932600
0.0302974100
0.0202855900
0.0365409400
0.0213017300
0.0005155840
-0.0264436100
-0.0512058800
-0.0356297300
-0.0071803300
-0.0138711300
-0.0558544400
-0.0740370000
-0.0578384300
-0.0340101100
-0.0242199400
-0.0501969400
-0.0671637300
-0.0654783700
-0.0769355400
-0.0895632600
-0.0934468800
-0.0769367500
-0.0661171500
-0.0854951500
-0.1009313000
-0.0943291900
-0.0591009100
-0.0198824300
-0.0045799000
0.0079548200
0.0095729850
-0.0076624810
-0.0255690300
-0.0429056700
-0.0480318700
-0.0458686300
-0.0466288200
-0.0355781500
-0.0307896900
-0.0465474300
-0.0644824700
-0.0744700900
-0.0747891200
-0.0809168300
-0.0876686700
-0.0737450700
-0.0669184000
-0.0691809000
-0.0337648300
0.0023745250
-0.0177573600
-0.0451121100
-0.0450811900
-0.0265318600
0.0085783940
0.0247669800
0.0276537100
0.0461373300
0.0622645900
0.0565503300
0.0286091600
0.0248334300
0.0517148300
0.0659263800
0.0819498900
0.1025814000
0.1133026000
0.1204465000
0.1177560000
0.1044356000
0.0968716500
0.0930822900
0.0787020400
0.0733158700
0.0793896900
0.0676405900
0.0228616600
-0.0241393000
-0.0248438300
-0.0136438000
-0.0192617600
-0.0200908400
-0.0185456200
-0.0080272990
0.0121074700
0.0298056600
0.0369363800
0.0419167400
0.0548823800
0.0531126600
0.0264070800
-0.0143562900
-0.0506998700
-0.0704167600
-0.0767131500
-0.0867268400
-0.1027873000
-0.0957164800
-0.0853970600
-0.0827968200
-0.0749437400
-0.0849477100
-0.0886140400
-0.0664387000
-0.0406970200
-0.0301168000
-0.0416385500
-0.0557787500
-0.0723069200
-0.0788864300
-0.0743795800
-0.0942321600
-0.0963584400
-0.0601133800
-0.0415709900
-0.0232676700
0.0126235600
0.0227778700
0.0132933500
0.0089048200
0.0044363400
0.0113093800
0.0254378400
0.0183313600
0.0071547700
0.0002175577
-0.0139379500
-0.0282117000
-0.0599830600
-0.1014262000
-0.1170612000
-0.0894787200
-0.0540815900
-0.0370320200
-0.0176345700
-0.0134979300
0.0121472000
0.0340458000
-0.0000159044
0.0058915690
0.0391546500
0.0392652000
0.0153142600
-0.0076415980
-0.0017487610
-0.0115823100
-0.0230480800
-0.0171565700
-0.0335522400
-0.0360791500
-0.0209177900
-0.0165584700
-0.0111658300
-0.0247843700
-0.0516893100
-0.0583752100
-0.0509305800
-0.0684095400
-0.0861386800
-0.0348839200
-0.0067706800
-0.0355575500
-0.0291006000
-0.0112764100
0.0070592610
0.0187526500
0.0219654300
0.0430017800
0.0568098400
0.0596288700
0.0582490300
0.0727425100
0.1010194000
0.1187660000
0.1148669000
0.0998005200
0.1038344000
0.0883669200
0.0632772600
0.0805350900
0.0984717700
0.0878248200
0.0764564000
0.0623765200
0.0283297500
0.0020972910
-0.0103376300
-0.0197320900
-0.0258932700
-0.0234164700
-0.0081770300
-0.0173179800
-0.0475409300
-0.0672342600
-0.0814423600
-0.0952066700
-0.1013034000
-0.1029475000
-0.0997638500
-0.0754717600
-0.0547027800
-0.0460332900
-0.0203845500
0.0052881340
0.0103021200
0.0068099870
-0.0056216090
-0.0146800800
-0.0243425100
-0.0661986400
-0.0661820500
-0.0265477900
-0.0485288600
-0.0482691300
0.0111814800
0.0326001100
0.0331614800
0.0400856600
0.0347163800
0.0314305700
0.0180107100
0.0048428820
0.0189121700
0.0174263800
0.0028339770
-0.0082695690
-0.0351578600
-0.0442434200
-0.0372794300
-0.0294534800
0.0087263020
0.0477823000
0.0529317500
0.0620612300
0.0726829300
0.0481801400
0.0406795800
0.0609583800
0.0536257800
0.0450912200
0.0414761200
0.0226240600
0.0234314500
0.0204235000
-0.0156528400
-0.0304505100
-0.0254938700
-0.0177765400
-0.0050603690
-0.0203326700
-0.0310302000
-0.0247026500
0.0032273980
0.0466970300
0.0388230100
0.0414819200
0.0666009900
0.0502452500
0.0330699600
0.0250203800
0.0063502270
-0.0167643900
-0.0314995600
-0.0516979500
-0.0606688700
-0.0525253200
-0.0577033900
-0.0368645400
-0.0256486100
-0.0367104400
-0.0228739300
-0.0336696100
-0.0449855400
-0.0370911900
-0.0457810600
-0.0519589200
-0.0598194800
-0.0405598400
0.0011034060
-0.0051349310
-0.0210800200
-0.0170539300
-0.0140188800
-0.0001317169
0.0161098000
0.0317832100
0.0347526800
0.0320603500
0.0450507300
0.0549601700
0.0630094900
0.0564678900
0.0460480000
0.0635110400
0.0833590200
0.0833742200
0.0691503200
0.0728378200
0.0901884100
0.0893581100
0.0743019200
0.0655954900
0.0917549300
0.1118997000
0.1001558000
0.0992075800
0.0960279300
0.0930824300
0.1056523000
0.1033679000
0.0760564800
0.0516270500
0.0498904200
0.0360916300
0.0068205120
-0.0043877230
0.0015378920
0.0135355300
0.0102705200
0.0018622060
0.0121142400
0.0153560400
0.0068057850
0.0191486100
0.0345822700
0.0467866300
0.0634161700
0.0579525200
0.0476830800
0.0058408990
-0.0279967100
0.0100357800
0.0223523600
0.0191486300
0.0269194200
0.0254743800
0.0488689900
0.0490641500
0.0124393400
-0.0227923800
-0.0363087800
-0.0270345300
-0.0223397200
-0.0277879200
-0.0251412700
-0.0136535800
-0.0291087200
-0.0651459700
-0.0924147400
-0.1072013000
-0.1149251000
-0.1065268000
-0.0758052800
-0.0821784500
-0.1144552000
-0.1119610000
-0.1096679000
-0.1215737000
-0.1099856000
-0.0694928900
-0.0284191600
0.0035686440
0.0396349200
0.0620002500
0.0578879500
0.0491340900
0.0520451800
0.0629529400
0.0655813700
0.0825568700
0.1158492000
0.1183057000
0.1057968000
0.0891263600
0.0809321100
0.0855259100
0.0737599400
0.0988703800
0.1221853000
0.0910665500
0.0874946600
0.0982525200
0.0861389700
0.0836740400
0.0951986000
0.1004449000
0.1000186000
0.0995224500
0.0791681100
0.0547611400
0.0336371400
-0.0103779500
-0.0457010100
-0.0340331300
0.0005859152
0.0077191130
-0.0136806000
-0.0207329200
-0.0312925400
-0.0695365300
-0.0882315000
-0.0732422300
-0.0553845900
-0.0377375500
-0.0183239200
-0.0206975600
-0.0376781500
-0.0416349300
-0.0561412100
-0.0687153000
-0.0568212500
-0.0535479000
-0.0532419400
-0.0473546300
-0.0423409200
-0.0412761700
-0.0514664100
-0.0537291200
-0.0506129400
-0.0589771500
-0.0670927700
-0.0670110100
-0.0699040800
-0.0673948600
-0.0534097100
-0.0487806000
-0.0408599500
-0.0247198100
-0.0152535100
-0.0155277100
-0.0220801800
-0.0042334320
0.0267286800
0.0438213700
0.0498319200
0.0421651400
0.0463571500
0.0653606500
0.0758138800
0.0797589000
0.0757182300
0.0704373200
0.0710551400
0.0711300800
0.0753432200
0.0791437100
0.0750420400
0.0756563600
0.0635532500
0.0340464900
0.0223997000
0.0128940500
-0.0038306930
-0.0073365240
-0.0041721060
0.0078308700
0.0204290600
0.0112793800
-0.0041729530
0.0014200450
0.0099208350
0.0042970250
0.0029592020
-0.0014902630
-0.0123090300
-0.0148019600
-0.0148494600
-0.0090889220
0.0036875270
0.0121410500
0.0156584400
0.0128711200
-0.0059336810
-0.0211050100
-0.0123894400
-0.0154222200
-0.0130776200
0.0135543600
0.0043440570
-0.0118703800
-0.0143475100
-0.0356910800
-0.0317759000
-0.0173570800
-0.0282007200
-0.0326385800
-0.0378152000
-0.0532714700
-0.0559361400
-0.0548099900
-0.0627657200
-0.0624506500
-0.0646946700
-0.0755568300
-0.0842126300
-0.1002352000
-0.1089560000
-0.1062262000
-0.0885892500
-0.0582888100
-0.0457655500
-0.0363327400
-0.0233928300
-0.0143542900
-0.0062254670
-0.0055145840
0.0018245470
0.0136052800
0.0178634200
0.0186977200
0.0247610100
0.0304736900
0.0268950600
0.0312046500
0.0325904400
0.0354742200
0.0580592700
0.0598043200
0.0451079000
0.0355100200
0.0145426300
0.0016381290
-0.0022401320
-0.0094654130
-0.0078000080
-0.0044942570
0.0002177738
0.0103572200
0.0197838800
0.0250814400
0.0279682900
0.0356884800
0.0321458500
0.0158441600
-0.0060704420
-0.0378272500
-0.0390478400
-0.0178221800
-0.0235829300
-0.0293525500
-0.0192555000
-0.0139434800
-0.0161178700
-0.0236636200
-0.0250218300
-0.0132132200
-0.0008159198
0.0027824410
0.0060801780
-0.0013035060
-0.0259561700
-0.0330920100
-0.0283703500
-0.0273106300
-0.0153205500
-0.0159844500
-0.0224437900
-0.0152403200
-0.0174737500
-0.0028531760
0.0191613400
0.0078598600
0.0041249830
0.0025075710
-0.0075237550
-0.0032360950
-0.0270327100
-0.0561692500
-0.0548326700
-0.0583536300
-0.0495783500
-0.0390003400
-0.0463672900
-0.0363893700
-0.0246201500
-0.0188902600
-0.0162697500
-0.0169444600
0.0087642870
0.0297062100
0.0241893700
0.0243730100
0.0259566000
0.0099714700
-0.0060001390
-0.0040370360
-0.0086945460
-0.0146678800
-0.0025484830
0.0063377880
0.0074330100
-0.0006773786
-0.0145012700
-0.0119875000
-0.0039064480
-0.0022364990
0.0003005311
0.0029716770
0.0065892790
0.0062979630
0.0058576690
0.0059427740
0.0067440130
0.0302635700
0.0493119900
0.0407348000
0.0394053200
0.0409582800
0.0371665700
0.0434612100
0.0344476300
0.0154744600
0.0070011230
-0.0116631300
-0.0123503300
0.0002931380
-0.0078681160
-0.0038804770
-0.0020460220
-0.0197400900
-0.0311402700
-0.0282619900
-0.0116353700
-0.0026291650
-0.0063072890
-0.0181778600
-0.0327612800
-0.0253763500
-0.0050510060
0.0065461480
0.0101036200
0.0131656700
0.0154818200
0.0091544810
0.0050071720
0.0087755160
0.0122668200
0.0177739600
0.0110041100
-0.0143340800
-0.0343954500
-0.0460593000
-0.0556760400
-0.0527676300
-0.0377193900
-0.0239263700
-0.0121714900
-0.0023102900
-0.0046091980
-0.0133060400
-0.0171406100
-0.0225932300
-0.0232743600
-0.0041240930
0.0146621900
0.0161261000
0.0128183800
0.0069900590
-0.0002191177
-0.0091941730
-0.0178856300
-0.0057683480
0.0104667400
0.0085915300
0.0179661600
0.0320713900
0.0269290500
0.0286742500
0.0358225700
0.0346900000
0.0316062500
0.0219228400
0.0161599700
0.0112533000
0.0026252160
-0.0003739893
-0.0094530700
-0.0158436400
-0.0170353300
-0.0268453500
-0.0347229800
-0.0430918300
-0.0574644300
-0.0670764100
-0.0641971200
-0.0512719600
-0.0429123600
-0.0441218500
-0.0394864600
-0.0270993100
-0.0273424600
-0.0318269600
-0.0228116100
-0.0157047100
-0.0161049700
-0.0172908500
-0.0191251900
-0.0250138500
-0.0345888100
-0.0301519600
-0.0131131600
-0.0038336050
0.0072261850
0.0319764100
0.0445889300
0.0421155600
0.0473769500
0.0454201400
0.0407122100
0.0410746600
0.0286662800
0.0268070100
0.0275479900
0.0095448100
0.0094412260
0.0193165900
0.0132821100
0.0038773560
-0.0093554830
-0.0174764900
-0.0172241600
-0.0249899200
-0.0263151800
-0.0126562900
-0.0005860457
0.0085660680
0.0072462830
-0.0072971220
-0.0109620000
-0.0095431840
-0.0118666400
-0.0081941860
-0.0142958300
-0.0210347000
-0.0246003600
-0.0447864100
-0.0460738200
-0.0206210900
-0.0159664600
-0.0286042300
-0.0286802000
-0.0300626800
-0.0422722900
-0.0435772500
-0.0388881300
-0.0342958200
-0.0260876200
-0.0313885700
-0.0477274800
-0.0491902500
-0.0396926000
-0.0439674800
-0.0415356500
-0.0195702800
0.0002887674
0.0131783800
0.0033026460
-0.0167799800
-0.0201526900
-0.0183893100
-0.0115650300
0.0007094521
0.0030436040
0.0003649366
0.0104250800
0.0215578200
0.0169518100
0.0065368560
0.0021583100
0.0002585809
-0.0062399380
-0.0151598800
-0.0289444800
-0.0326224800
-0.0243510900
-0.0244260000
-0.0209083400
-0.0177252900
-0.0142807600
-0.0037122850
-0.0059322360
-0.0117626600
-0.0151650300
-0.0204729300
-0.0262379400
-0.0369544300
-0.0392191300
-0.0347083600
-0.0298603200
-0.0143216000
-0.0002575143
0.0068407900
0.0174951600
0.0210353400
0.0088989360
-0.0033366110
-0.0055926960
-0.0080559020
-0.0118118300
-0.0071061060
0.0050556370
0.0118240400
0.0154260200
0.0307659600
0.0453005200
0.0580661500
0.0737571500
0.0774883600
0.0808766100
0.0759999000
0.0423448900
0.0116783200
0.0056604360
0.0050314220
0.0115772800
0.0201551300
0.0136563800
0.0196421700
0.0262676600
0.0107642500
0.0069428590
0.0145394300
0.0205232800
0.0243188000
0.0224628800
0.0222468600
0.0280035800
0.0395083600
0.0448330100
0.0436848800
0.0477384700
0.0547502000
0.0592161600
0.0630898800
0.0743506100
0.0818025600
0.0771865300
0.0746402000
0.0706526100
0.0559779400
0.0412689700
0.0334983000
0.0240034500
0.0151130300
0.0129956200
0.0075133870
0.0055961990
0.0126121900
0.0096014760
0.0017320020
0.0013526730
-0.0024447040
-0.0142205400
-0.0192182400
-0.0159248800
-0.0189613900
-0.0176114900
-0.0140712700
-0.0181974800
-0.0173316700
-0.0201017900
-0.0183692700
-0.0011375760
0.0100513200
0.0080187290
0.0039262620
0.0086134490
0.0149085900
0.0214538100
0.0276923800
0.0259747000
0.0263294600
0.0232793500
0.0201535300
0.0271158400
0.0310597800
0.0383103300
0.0507238100
0.0563782400
0.0578959700
0.0616404300
0.0654841100
0.0606147800
0.0526585500
0.0427000900
0.0303441600
0.0205595700
0.0083445320
-0.0005711139
-0.0124579500
-0.0289411000
-0.0386528400
-0.0445276200
-0.0431755100
-0.0412406900
-0.0428827600
-0.0422301600
-0.0369736400
-0.0307176100
-0.0318311200
-0.0213315500
-0.0057942420
-0.0069643870
-0.0018385670
0.0042561340
0.0009843615
0.0039473250
-0.0020914120
-0.0124457800
-0.0091198090
-0.0046834390
-0.0008570511
0.0054437020
0.0107193100
0.0099361270
0.0112541600
0.0209648400
0.0185086200
0.0107606300
0.0144657600
0.0201494100
0.0250317100
0.0331959900
0.0411540200
0.0429162100
0.0458649600
0.0515998900
0.0547464300
0.0582251600
0.0590451100
0.0580946800
0.0574144200
0.0590940300
0.0660617700
0.0712702500
0.0730147000
0.0724959600
0.0670689700
0.0580268400
0.0519231500
0.0480618700
0.0426084500
0.0451358200
0.0490091200
0.0424810000
0.0363484600
0.0330211100
0.0275732000
0.0203684700
0.0137732700
0.0044608520
-0.0075263090
-0.0104220800
-0.0110124100
-0.0127419400
-0.0050650260
0.0039856700
0.0059160690
0.0022274600
-0.0020626490
-0.0018501210
-0.0016076130
-0.0048751410
-0.0025065060
0.0045925890
0.0043844890
0.0029358870
0.0063418960
0.0118706800
0.0173226900
0.0160693000
0.0155505700
0.0258282300
0.0299826600
0.0250874700
0.0326534800
0.0350852100
0.0210784600
0.0114455700
-0.0016518640
-0.0147282300
-0.0208491400
-0.0270451700
-0.0248423900
-0.0218953300
-0.0176122700
-0.0105768100
-0.0134865200
-0.0129637700
-0.0115861300
-0.0170588100
-0.0167926400
-0.0142371400
-0.0059750840
0.0027695140
0.0000693583
-0.0008210036
-0.0012618320
-0.0009626001
0.0076919650
0.0123893600
0.0060342620
-0.0027461400
-0.0119236100
-0.0254735600
-0.0277497100
-0.0227260100
-0.0267335900
-0.0360782100
-0.0488408500
-0.0516307000
-0.0504749300
-0.0586943500
-0.0619179300
-0.0573272900
-0.0591449300
-0.0621111000
-0.0536513000
-0.0504255300
-0.0463397400
-0.0379946700
-0.0371734000
-0.0293340600
-0.0274448200
-0.0297218000
-0.0279325200
-0.0290086300
-0.0195730400
-0.0125960300
-0.0128672400
-0.0147030900
-0.0147723300
-0.0059976420
-0.0032732930
0.0025749520
0.0081535960
0.0006977217
-0.0037609230
-0.0124738300
-0.0182447400
-0.0183846800
-0.0279103800
-0.0282359000
-0.0187874400
-0.0178522100
-0.0275453500
-0.0293987900
-0.0192199100
-0.0226981500
-0.0268943600
-0.0187565200
-0.0149948900
-0.0122871700
-0.0158293500
-0.0255254800
-0.0208850900
-0.0140532500
-0.0170301200
-0.0105858900
0.0018049810
0.0027208670
-0.0030182690
-0.0082651930
-0.0132177000
-0.0179090600
-0.0246672100
-0.0307352300
-0.0253548100
-0.0232731400
-0.0338536300
-0.0286491500
-0.0171332400
-0.0159417000
-0.0047491090
0.0056814810
0.0033957640
0.0004456172
-0.0051282760
-0.0144402800
-0.0224249000
-0.0295125900
-0.0329929400
-0.0282439800
-0.0263731700
-0.0306134400
-0.0270128000
-0.0238026100
-0.0272720500
-0.0269131900
-0.0253130100
-0.0232736200
-0.0217752100
-0.0264834500
-0.0291555200
-0.0311256100
-0.0426676200
-0.0542539500
-0.0582979300
-0.0598916800
-0.0559983800
-0.0446882400
-0.0385383600
-0.0412256000
-0.0386047100
-0.0299719800
-0.0302059700
-0.0347240200
-0.0279769000
-0.0165500300
-0.0068086790
0.0014113910
0.0023347630
0.0072301860
0.0138164500
0.0063746150
0.0046183080
0.0161830000
0.0193231400
0.0186415600
0.0227680500
0.0171233200
0.0048675320
-0.0017608740
-0.0075493150
-0.0131098100
-0.0116033500
-0.0012154870
0.0058203960
0.0042952850
-0.0003272260
-0.0097842260
-0.0190076100
-0.0270043300
-0.0259538700
-0.0134837000
-0.0127126500
-0.0178484900
-0.0163395200
-0.0184891800
-0.0271288500
-0.0385976600
-0.0476302700
-0.0484946200
-0.0431501700
-0.0400166600
-0.0388223200
-0.0427210700
-0.0478304400
-0.0427170100
-0.0405394900
-0.0393377000
-0.0313002500
-0.0244667300
-0.0171366300
-0.0104480700
-0.0071811240
-0.0080132010
-0.0027410980
0.0107946800
0.0227485700
0.0299208900
0.0248141400
0.0235562800
0.0256655700
0.0109733600
-0.0006631902
-0.0017995520
-0.0015788820
0.0010581180
0.0072694210
0.0182989400
0.0252055300
0.0265659200
0.0295609200
0.0331608100
0.0335825500
0.0328549800
0.0353546600
0.0327721500
0.0215328500
0.0109648600
0.0036487460
-0.0002599508
-0.0003482920
0.0054542420
0.0163675500
0.0208808500
0.0192432800
0.0181085900
0.0127417500
0.0068093370
0.0033481020
-0.0030793700
-0.0105059200
-0.0213952400
-0.0339202600
-0.0369781500
-0.0334579400
-0.0314324400
-0.0307908900
-0.0273039300
-0.0177288500
-0.0075221510
-0.0050610340
-0.0038175650
0.0021749130
0.0068300340
0.0084467560
0.0074888440
0.0103027200
0.0134368100
0.0076943750
0.0060459230
0.0114086400
0.0188759600
0.0296976900
0.0370657800
0.0419126600
0.0455854200
0.0430882400
0.0383327700
0.0338654700
0.0283415700
0.0240221400
0.0167909100
0.0115895200
0.0146050300
0.0121606300
0.0094483010
0.0139791900
0.0135116900
0.0138395600
0.0175475700
0.0124496900
0.0058706440
0.0076229540
0.0097150780
0.0078803640
0.0023831010
-0.0025365470
-0.0001512447
-0.0006693148
-0.0068414320
-0.0036946090
0.0066468520
0.0114484500
0.0130699100
0.0129628900
0.0071563190
0.0039234620
0.0079364190
0.0138852400
0.0164101100
0.0123902700
0.0059225180
0.0018808510
-0.0012331020
-0.0030583980
0.0017019710
0.0115982600
0.0223305800
0.0280787400
0.0293085300
0.0311305800
0.0258384100
0.0219966400
0.0223577900
0.0167399100
0.0181413500
0.0190818500
0.0120310100
0.0068195560
0.0004646960
0.0006467216
0.0033463160
-0.0001441389
0.0050014390
0.0179298200
0.0234866100
0.0248237900
0.0264271000
0.0235714100
0.0235883400
0.0246266600
0.0208553100
0.0188447800
0.0132058900
0.0055972510
0.0001420293
-0.0050738650
-0.0043567470
0.0012211880
0.0080644500
0.0146689000
0.0188520800
0.0189415700
0.0165467200
0.0115219200
0.0058805800
0.0053775640
0.0047192980
0.0032703520
0.0023663080
-0.0003740316
-0.0014072860
-0.0016891050
-0.0012698090
0.0039436450
0.0100944900
0.0122130800
0.0145576800
0.0162581800
0.0189170700
0.0258162200
0.0281643300
0.0285977400
0.0303268700
0.0269822100
0.0197921100
0.0116617300
0.0037615600
0.0016328640
0.0045032020
0.0028602930
0.0018187830
0.0031340090
0.0009198553
-0.0004296470
-0.0020177460
-0.0010296560
0.0019248580
0.0026827270
0.0101471300
0.0193871000
0.0223413400
0.0258612900
0.0301750500
0.0307778300
0.0290192600
0.0273602300
0.0267021100
0.0272160400
0.0233706500
0.0134803400
0.0094771010
0.0095215880
0.0054006930
0.0065662400
0.0120090300
0.0171597100
0.0256431800
0.0301580500
0.0284966400
0.0227564000
0.0120824400
0.0044564060
0.0013624500
-0.0036157230
-0.0084845620
-0.0105915700
-0.0138643900
-0.0203597900
-0.0245306700
-0.0242147000
-0.0231043800
-0.0161670900
-0.0045757890
-0.0002564871
-0.0027070610
-0.0072208500
-0.0103885200
-0.0109384300
-0.0099105670
-0.0023804920
0.0069799540
0.0124272100
0.0153704100
0.0127757600
0.0086415060
0.0035668340
-0.0023956420
-0.0012126090
-0.0029565510
-0.0100729800
-0.0106333600
-0.0122560800
-0.0126605500
-0.0070081250
-0.0075486810
-0.0081550410
-0.0032753620
-0.0026526760
-0.0062612170
-0.0068046720
-0.0008349291
0.0051556450
0.0053334960
0.0053596230
0.0111209200
0.0174535000
0.0206669200
0.0243552300
0.0254643100
0.0231209800
0.0198165100
0.0176373200
0.0203639300
0.0224156100
0.0246106200
0.0325721000
0.0386621700
0.0391693700
0.0372835100
0.0383112500
0.0416384100
0.0402687000
0.0410689100
0.0417450000
0.0325267900
0.0212724800
0.0074632410
-0.0067419290
-0.0107973400
-0.0115444900
-0.0137149800
-0.0130345300
-0.0079357530
-0.0014168520
0.0004416543
0.0007749866
0.0020832790
-0.0002944710
-0.0025517640
-0.0014101770
0.0040816710
0.0095786300
0.0056433780
0.0038409820
0.0058455230
0.0035906540
0.0072431100
0.0068322770
-0.0012154280
-0.0009939184
0.0027480690
0.0061086430
0.0086676080
0.0083240310
0.0099525100
0.0111559500
0.0062065720
0.0004994313
0.0014066230
0.0027976460
0.0014526650
0.0005341212
0.0001448874
0.0066413710
0.0129732000
0.0102301800
0.0114943500
0.0172315200
0.0183259200
0.0165686400
0.0141224900
0.0130906800
0.0107825100
0.0031271380
-0.0046250640
-0.0080540530
-0.0109711700
-0.0123177900
-0.0067352190
0.0000544394
0.0047939500
0.0086526760
0.0066026940
0.0032735770
0.0051210390
0.0084729980
0.0105346000
0.0130717000
0.0178380500
0.0192407100
0.0161450900
0.0149305500
0.0162958900
0.0167333000
0.0108187000
0.0042833980
0.0033101190
0.0008293475
-0.0030825340
-0.0081367870
-0.0131710000
-0.0155888100
-0.0188358400
-0.0191120000
-0.0212926200
-0.0272566300
-0.0288124900
-0.0325299300
-0.0367636200
-0.0379962900
-0.0423883800
-0.0462247800
-0.0501247800
-0.0559326000
-0.0580827900
-0.0598079700
-0.0627703700
-0.0610680400
-0.0590879100
-0.0598738600
-0.0584941300
-0.0575522100
-0.0579712800
-0.0552542300
-0.0476561300
-0.0393167700
-0.0351030200
-0.0343929400
-0.0383337200
-0.0414213700
-0.0400306900
-0.0400386600
-0.0377264100
-0.0336491300
-0.0298277200
-0.0220605200
-0.0160548600
-0.0149375800
-0.0148439100
-0.0131684100
-0.0145601600
-0.0228311900
-0.0260635900
-0.0263390400
-0.0327032200
-0.0306361000
-0.0223165900
-0.0197223400
-0.0156334100
-0.0130059700
-0.0117904700
-0.0078025230
-0.0105950800
-0.0150430800
-0.0155758000
-0.0221660400
-0.0287930400
-0.0275233400
-0.0299714600
-0.0378408100
-0.0411917800
-0.0396358000
-0.0389026100
-0.0393335200
-0.0341776000
-0.0259007100
-0.0195385400
-0.0143985200
-0.0116071900
-0.0087428800
-0.0065566460
-0.0072937270
-0.0086775640
-0.0089593360
-0.0095275500
-0.0122253000
-0.0138292200
-0.0142732800
-0.0147452200
-0.0155738800
-0.0187635700
-0.0222159200
-0.0252055500
-0.0284826800
-0.0312091600
-0.0326989900
-0.0347534800
-0.0374684000
-0.0371850100
-0.0364210900
-0.0345393700
-0.0297444900
-0.0262926600
-0.0201587000
-0.0114858400
-0.0056812380
-0.0010031230
0.0012664860
0.0028549510
0.0067524500
0.0075096180
0.0058245760
0.0087246510
0.0127456000
0.0129324400
0.0135913100
0.0135191400
0.0102685800
0.0084597820
0.0095952360
0.0125149500
0.0134922300
0.0129909000
0.0156315400
0.0171342600
0.0153631700
0.0140632600
0.0126716500
0.0069938850
-0.0022173570
-0.0066598860
-0.0069362250
-0.0071442790
-0.0064534840
-0.0064263800
-0.0041919890
-0.0037849460
-0.0070846780
-0.0057937380
-0.0060217250
-0.0062461310
-0.0025804260
-0.0027317140
-0.0034240520
-0.0073923950
-0.0131748500
-0.0133231400
-0.0117453000
-0.0068146650
-0.0012379580
0.0022511010
0.0051681930
0.0046702900
0.0037308400
0.0048642750
0.0048118860
0.0005836374
-0.0019983700
-0.0025584470
-0.0069956180
-0.0081136120
-0.0059250100
-0.0051846240
-0.0009472788
0.0055676370
0.0095038580
0.0106392700
0.0078469980
0.0023156050
-0.0000479955
-0.0004567022
0.0012269750
0.0063137580
0.0064118820
0.0040517920
0.0030912910
-0.0010103180
-0.0029417430
0.0004506751
0.0059448440
0.0073674170
0.0001173392
-0.0079707920
-0.0131455400
-0.0185463200
-0.0236980400
-0.0256564200
-0.0221357700
-0.0185060800
-0.0166067300
-0.0123526300
-0.0063856050
-0.0013865650
-0.0015985200
-0.0027618170
0.0033595070
0.0110572200
0.0160653100
0.0202765900
0.0200757900
0.0186047000
0.0191215200
0.0168606300
0.0160138900
0.0182516700
0.0205335000
0.0258389900
0.0296068400
0.0298921600
0.0311852800
0.0312616700
0.0288653800
0.0242275400
0.0216967400
0.0251618800
0.0279247900
0.0276058500
0.0283920900
0.0318713700
0.0333415700
0.0313720500
0.0305037600
0.0256638900
0.0181932600
0.0134899100
0.0101376100
0.0110572000
0.0124926200
0.0120684400
0.0116502000
0.0096541580
0.0084960900
0.0087473060
0.0059699480
0.0004207701
0.0007915447
0.0047369950
0.0078025400
0.0131550000
0.0162341300
0.0184143800
0.0201040400
0.0206632500
0.0219385700
0.0170657100
0.0120585000
0.0123461000
0.0124259500
0.0141460200
0.0171743600
0.0188711000
0.0179839800
0.0165109000
0.0171895300
0.0177955800
0.0192597900
0.0220948600
0.0259997900
0.0287220300
0.0263939500
0.0251303500
0.0275418700
0.0267689700
0.0230670700
0.0239365700
0.0297945100
0.0356906100
0.0400020300
0.0417318100
0.0406467900
0.0379206600
0.0379082800
0.0385134400
0.0368557100
0.0387669700
0.0415387800
0.0427410700
0.0413244300
0.0373389400
0.0370668600
0.0371717100
0.0358584400
0.0363256200
0.0380034900
0.0378498900
0.0374920800
0.0429747800
0.0461175800
0.0418261500
0.0398501300
0.0412275600
0.0413377500
0.0423016200
0.0444579300
0.0439247800
0.0419397700
0.0411434500
0.0410083200
0.0387220700
0.0342917700
0.0313304800
0.0272096100
0.0206672300
0.0144538400
0.0100014600
0.0073949400
0.0035983560
-0.0001398386
-0.0025318110
-0.0039926060
-0.0050552980
-0.0072039770
-0.0035049580
0.0056153970
0.0117847300
0.0157301200
0.0154455900
0.0120229200
0.0125925000
0.0134423100
0.0130066900
0.0152897600
0.0161713300
0.0166387700
0.0195301700
0.0207178900
0.0237178600
0.0284293500
0.0288510300
0.0265142400
0.0226935900
0.0220050000
0.0239675300
0.0204553900
0.0164969600
0.0153855600
0.0126745100
0.0087366170
0.0046853670
0.0024551120
-0.0001603542
-0.0048389120
-0.0080965280
-0.0103539400
-0.0116050800
-0.0121071000
-0.0135012500
-0.0157748400
-0.0188828300
-0.0185640800
-0.0161204800
-0.0171656100
-0.0169446600
-0.0143438700
-0.0125464700
-0.0113956800
-0.0103308600
-0.0048766520
-0.0005849742
-0.0021080990
-0.0001875440
0.0051196490
0.0099648380
0.0121903200
0.0095155980
0.0082377370
0.0081152610
0.0036432190
-0.0007260769
-0.0029659970
-0.0078500030
-0.0136301200
-0.0167558300
-0.0203563100
-0.0244569400
-0.0266498900
-0.0272840400
-0.0260637700
-0.0258567000
-0.0271927600
-0.0280716200
-0.0304067200
-0.0320000500
-0.0326901400
-0.0352703800
-0.0357758200
-0.0354673300
-0.0377248000
-0.0356078900
-0.0292922800
-0.0261630600
-0.0252568200
-0.0257870100
-0.0254622400
-0.0226028300
-0.0214836600
-0.0199936400
-0.0186753300
-0.0216864300
-0.0255247900
-0.0285988700
-0.0321501900
-0.0344092900
-0.0340571600
-0.0315769900
-0.0277211800
-0.0261139400
-0.0260682500
-0.0227597300
-0.0215304400
-0.0243276700
-0.0276044500
-0.0333511400
-0.0370877900
-0.0378861100
-0.0407594800
-0.0422536800
-0.0415080900
-0.0407717300
-0.0397766200
-0.0387100900
-0.0363272800
-0.0343694600
-0.0336433900
-0.0311970200
-0.0285689600
-0.0274292900
-0.0280217800
-0.0285084400
-0.0263701600
-0.0263154000
-0.0293425100
-0.0309497000
-0.0302285500
-0.0276477500
-0.0254862300
-0.0233748800
-0.0195841400
-0.0163976800
-0.0138034900
-0.0125111100
-0.0136997900
-0.0137056100
-0.0131486700
-0.0141271000
-0.0162969700
-0.0217876800
-0.0280215300
-0.0305159800
-0.0306568000
-0.0305442300
-0.0285698300
-0.0252571600
-0.0246100600
-0.0245749600
-0.0240628500
-0.0251389900
-0.0256909200
-0.0262383000
-0.0271641500
-0.0272074200
-0.0257677200
-0.0229214700
-0.0230847700
-0.0257080500
-0.0254940000
-0.0230962900
-0.0221342300
-0.0223240900
-0.0199456200
-0.0157705600
-0.0126237700
-0.0116737600
-0.0147674300
-0.0183938800
-0.0205679900
-0.0241737200
-0.0263133100
-0.0273575000
-0.0298160000
-0.0303945300
-0.0310934300
-0.0337491100
-0.0355934400
-0.0363988500
-0.0351977700
-0.0328644700
-0.0316207200
-0.0305348000
-0.0285919100
-0.0269678600
-0.0263041200
-0.0245346500
-0.0233420900
-0.0219953100
-0.0171188900
-0.0120185700
-0.0071224630
-0.0044888410
-0.0045837930
-0.0015512080
-0.0003248457
-0.0029791330
-0.0027480520
-0.0014459960
-0.0022859580
-0.0033017530
-0.0031837210
-0.0022755450
-0.0018547650
-0.0012917850
0.0012473250
0.0042508950
0.0058537790
0.0073595420
0.0113617900
0.0152654100
0.0162610400
0.0171495200
0.0173412000
0.0180142200
0.0196786700
0.0189163900
0.0197021600
0.0208305000
0.0179266300
0.0155425500
0.0134920300
0.0106629600
0.0097491610
0.0073605740
0.0038825790
0.0036882910
0.0050095480
0.0075622030
0.0103509400
0.0104947600
0.0097545670
0.0090918350
0.0084387100
0.0092351180
0.0128547700
0.0172444700
0.0180840600
0.0169638400
0.0161746700
0.0148192000
0.0155726300
0.0182827400
0.0194362400
0.0216126200
0.0232960500
0.0202673800
0.0181175900
0.0190935400
0.0205223400
0.0224784700
0.0238693300
0.0243334400
0.0232109400
0.0201853800
0.0177689600
0.0193195200
0.0242675400
0.0278601300
0.0299777900
0.0311646000
0.0300968900
0.0277929900
0.0243560600
0.0231548300
0.0254919200
0.0254592000
0.0237992900
0.0234109200
0.0216120000
0.0197248600
0.0207653200
0.0232074000
0.0256477200
0.0294127600
0.0335846300
0.0353511400
0.0343136200
0.0328784400
0.0327550800
0.0301971100
0.0253569100
0.0217128300
0.0192777100
0.0208261000
0.0234780500
0.0227946200
0.0236793600
0.0269722500
0.0276435000
0.0265721400
0.0268967700
0.0276215900
0.0280153200
0.0260502400
0.0218420400
0.0188439600
0.0153278300
0.0107314300
0.0083111770
0.0082841180
0.0089156470
0.0137679000
0.0224126500
0.0267707600
0.0301058600
0.0347639200
0.0344637000
0.0318449500
0.0308690000
0.0301989500
0.0300737000
0.0310014800
0.0321256400
0.0354388600
0.0404035500
0.0419186900
0.0414700100
0.0416440300
0.0408202300
0.0398259300
0.0385683000
0.0345784000
0.0282672800
0.0228295800
0.0188141900
0.0145421900
0.0112095900
0.0097013750
0.0085110110
0.0068032180
0.0054817210
0.0055485390
0.0059850530
0.0056691450
0.0032310000
-0.0001182400
-0.0018791850
-0.0041413780
-0.0054101730
-0.0055972680
-0.0088782810
-0.0110287700
-0.0119050300
-0.0159328500
-0.0186323200
-0.0185353500
-0.0180728900
-0.0174999600
-0.0174338500
-0.0154628500
-0.0120798300
-0.0106841300
-0.0090153630
-0.0049711310
-0.0000475283
0.0033530180
0.0042162770
0.0040668440
0.0046660100
0.0054172080
0.0052029970
0.0058775870
0.0061069580
0.0038409530
0.0015365100
-0.0003861293
-0.0017965670
-0.0023780550
-0.0021669260
-0.0021092470
-0.0050550990
-0.0080263310
-0.0089037420
-0.0113112400
-0.0136348000
-0.0131334200
-0.0128687300
-0.0142536900
-0.0151937100
-0.0149632800
-0.0139865000
-0.0138753900
-0.0148762400
-0.0156326900
-0.0168113500
-0.0163259400
-0.0143964600
-0.0151736900
-0.0159727900
-0.0151719100
-0.0134780700
-0.0105810600
-0.0101671000
-0.0101001100
-0.0075774440
-0.0069355870
-0.0083612750
-0.0098804000
-0.0108179300
-0.0114016500
-0.0129367600
-0.0142618300
-0.0146021900
-0.0138749800
-0.0130248000
-0.0126029800
-0.0110798400
-0.0093048010
-0.0066610220
-0.0047806260
-0.0063620980
-0.0082474420
-0.0105065700
-0.0119814800
-0.0129071400
-0.0179417100
-0.0219370800
-0.0226816200
-0.0242295500
-0.0234170800
-0.0201605900
-0.0177949200
-0.0158462400
-0.0154073400
-0.0156960000
-0.0147961100
-0.0145450200
-0.0157044800
-0.0182748400
-0.0195459500
-0.0185622800
-0.0202265000
-0.0229507900
-0.0229787600
-0.0219313400
-0.0213545500
-0.0217711200
-0.0218871800
-0.0207177900
-0.0198746500
-0.0206955200
-0.0220651600
-0.0226214900
-0.0238383200
-0.0252157600
-0.0249097400
-0.0257685400
-0.0273661700
-0.0264127600
-0.0262234200
-0.0275745200
-0.0268150100
-0.0261052100
-0.0272511500
-0.0278896700
-0.0274307300
-0.0248695700
-0.0216264200
-0.0207057500
-0.0184761000
-0.0160372100
-0.0169003800
-0.0155922300
-0.0127567200
-0.0123543300
-0.0128232900
-0.0129684500
-0.0108509000
-0.0090519400
-0.0097424820
-0.0101884000
-0.0099749060
-0.0077897340
-0.0042684500
-0.0011583990
0.0023030290
0.0044174710
0.0036896500
0.0031068170
0.0045294570
0.0040552370
0.0022999800
0.0018890810
0.0012825230
0.0022684500
0.0032842240
0.0025670370
0.0026559640
0.0026855250
0.0037464220
0.0065198850
0.0085206030
0.0096525130
0.0112004000
0.0131793100
0.0135984600
0.0135685000
0.0145803900
0.0149242000
0.0141247100
0.0122262000
0.0118240600
0.0118640000
0.0086365180
0.0067769660
0.0069215280
0.0055443200
0.0036024260
0.0015436090
0.0006001954
-0.0005445212
-0.0036267340
-0.0052127350
-0.0041412020
-0.0021827780
0.0010502310
0.0046235320
0.0053182680
0.0046034270
0.0047649650
0.0044161970
0.0043482090
0.0054721180
0.0074372740
0.0096810760
0.0110990600
0.0134660600
0.0170237000
0.0201426600
0.0229816000
0.0251525300
0.0275009600
0.0284133900
0.0263442400
0.0250938100
0.0248684300
0.0245079100
0.0251286300
0.0256731800
0.0250498600
0.0231538400
0.0209758100
0.0203958800
0.0212695900
0.0216476300
0.0212878100
0.0209057600
0.0202800200
0.0190589800
0.0168749300
0.0152397900
0.0146077500
0.0134250200
0.0123480700
0.0109931500
0.0093186800
0.0096106940
0.0124889900
0.0167677000
0.0203263000
0.0241584700
0.0287409800
0.0302543200
0.0299125000
0.0306313300
0.0318491500
0.0325450000
0.0313222100
0.0304932400
0.0306154200
0.0285637800
0.0261964800
0.0256330200
0.0261668200
0.0261253100
0.0251501100
0.0260267200
0.0274795800
0.0262348800
0.0238563400
0.0220051600
0.0191279600
0.0156079600
0.0135712600
0.0114289200
0.0090629190
0.0078796600
0.0073410100
0.0067124550
0.0038780220
0.0010058510
-0.0005729496
-0.0040529890
-0.0077960770
-0.0100319600
-0.0101337500
-0.0084733470
-0.0076403520
-0.0061298000
-0.0024346860
0.0022157780
0.0067440940
0.0091200830
0.0089963820
0.0080809420
0.0059219140
0.0024417920
-0.0007841648
-0.0042461140
-0.0069208870
-0.0072447530
-0.0084205450
-0.0103216800
-0.0099209860
-0.0108654200
-0.0144758500
-0.0169442800
-0.0192942400
-0.0224970600
-0.0245138900
-0.0257268700
-0.0271763900
-0.0297832800
-0.0335667700
-0.0358033900
-0.0354026800
-0.0330666200
-0.0294258900
-0.0259781900
-0.0226207900
-0.0190243600
-0.0167608100
-0.0160771600
-0.0150820200
-0.0126982200
-0.0096350870
-0.0076385520
-0.0078200650
-0.0090018210
-0.0104240200
-0.0101429400
-0.0059510220
-0.0011111670
0.0020670260
0.0042062330
0.0043784960
0.0022537170
-0.0004933326
-0.0020881450
-0.0033574820
-0.0044660800
-0.0048285190
-0.0059635300
-0.0071227370
-0.0070150970
-0.0062989290
-0.0051242590
-0.0048760500
-0.0068757320
-0.0099115540
-0.0135733800
-0.0184124800
-0.0239192700
-0.0290190800
-0.0321546300
-0.0341220900
-0.0361545500
-0.0374954200
-0.0393341800
-0.0405573800
-0.0395219200
-0.0376932000
-0.0337124800
-0.0295157500
-0.0280702700
-0.0257300900
-0.0218311000
-0.0194645300
-0.0188540600
-0.0179431000
-0.0168661400
-0.0170426500
-0.0173376400
-0.0177513500
-0.0181640200
-0.0183828800
-0.0185823800
-0.0166944400
-0.0143449900
-0.0131386000
-0.0128770600
-0.0139198300
-0.0132937100
-0.0119039200
-0.0113510000
-0.0105314900
-0.0111503800
-0.0116264700
-0.0116957200
-0.0136461100
-0.0142589500
-0.0109658500
-0.0057081870
-0.0009062593
0.0021266570
0.0025869900
0.0028451350
0.0044250410
0.0043243840
0.0045434560
0.0063088660
0.0064537890
0.0074626080
0.0093287980
0.0091312120
0.0092945310
0.0121542100
0.0164523600
0.0193198200
0.0209126600
0.0219310500
0.0218035100
0.0218702600
0.0209822200
0.0193009200
0.0192021200
0.0183624700
0.0159629400
0.0147913300
0.0147962000
0.0150457900
0.0164298300
0.0175545500
0.0172444800
0.0167714800
0.0149957800
0.0115413300
0.0078053020
0.0048945870
0.0039418750
0.0033966670
0.0020187870
0.0017365880
0.0032753410
0.0044381840
0.0058871250
0.0094998450
0.0130236900
0.0146501400
0.0148417300
0.0158219000
0.0173480600
0.0170731600
0.0169457400
0.0176940900
0.0175454900
0.0161468900
0.0149880200
0.0143324600
0.0122701400
0.0113630900
0.0136580400
0.0161740000
0.0168184200
0.0164311000
0.0168228800
0.0167842000
0.0158983100
0.0160874400
0.0158186100
0.0135793300
0.0116484600
0.0120434200
0.0140493900
0.0169802300
0.0205066900
0.0231175900
0.0240173200
0.0240005700
0.0251476900
0.0274835100
0.0288418800
0.0293247400
0.0279445200
0.0246959000
0.0223710300
0.0198532200
0.0183466400
0.0189260600
0.0174813900
0.0156006800
0.0144873900
0.0119344000
0.0089992440
0.0057159910
0.0016272700
-0.0028112020
-0.0064451920
-0.0088719920
-0.0105601900
-0.0119411500
-0.0133284000
-0.0124015200
-0.0109953100
-0.0105254100
-0.0079096510
-0.0069642550
-0.0081924110
-0.0068546770
-0.0039452790
-0.0004044576
0.0020599060
0.0021681250
0.0015348110
0.0001801974
-0.0003781032
0.0006030688
0.0023967660
0.0051857290
0.0070721890
0.0076435490
0.0065790580
0.0029257920
-0.0008245915
-0.0030457080
-0.0035895510
-0.0030159220
-0.0021975260
-0.0020303080
-0.0039539160
-0.0054733750
-0.0053919510
-0.0050573030
-0.0038275710
-0.0035307450
-0.0038076070
-0.0040109510
-0.0066893420
-0.0094474960
-0.0108712100
-0.0117146700
-0.0111268700
-0.0114082700
-0.0116554900
-0.0101786400
-0.0110791600
-0.0133192300
-0.0139334900
-0.0141306800
-0.0137432900
-0.0147145600
-0.0168294700
-0.0172923000
-0.0179804900
-0.0184710900
-0.0170943300
-0.0150150600
-0.0125503200
-0.0100525900
-0.0084272530
-0.0082358840
-0.0087621550
-0.0084516530
-0.0077419950
-0.0084060440
-0.0103909400
-0.0127928700
-0.0152760900
-0.0179447200
-0.0203594000
-0.0204251200
-0.0185146400
-0.0160337600
-0.0130718800
-0.0117851100
-0.0119940500
-0.0113987000
-0.0104221100
-0.0096198140
-0.0098401100
-0.0101369200
-0.0103400400
-0.0115823000
-0.0132806200
-0.0137478600
-0.0134039300
-0.0133722900
-0.0114802200
-0.0077182600
-0.0055313650
-0.0060060800
-0.0081820070
-0.0099059470
-0.0102825400
-0.0100386400
-0.0092096990
-0.0087614140
-0.0101060100
-0.0125958700
-0.0137230200
-0.0128312400
-0.0116164900
-0.0108585500
-0.0112288000
-0.0123447900
-0.0128006500
-0.0131111800
-0.0130046500
-0.0124635100
-0.0123150400
-0.0109526800
-0.0092947960
-0.0093077650
-0.0097034290
-0.0102679800
-0.0104777500
-0.0093043090
-0.0077724250
-0.0068871250
-0.0062488390
-0.0046368070
-0.0028159650
-0.0009597548
0.0024895930
0.0057444350
0.0065649830
0.0052763230
0.0035023020
0.0026348450
0.0027044880
0.0038237360
0.0053910720
0.0074096170
0.0101131400
0.0120974300
0.0123649100
0.0104488700
0.0084193250
0.0081349660
0.0089556880
0.0105241300
0.0119809600
0.0131911900
0.0137975900
0.0141584500
0.0147187500
0.0149776200
0.0166810700
0.0190062700
0.0200777200
0.0200097700
0.0183978000
0.0151330100
0.0108676300
0.0078544290
0.0068701900
0.0073580520
0.0084242110
0.0086113240
0.0084296290
0.0076914820
0.0072840480
0.0088137140
0.0105857400
0.0115808300
0.0124133700
0.0139709900
0.0155480900
0.0150735900
0.0142010100
0.0141511300
0.0140588900
0.0156119200
0.0171065100
0.0161509600
0.0150151100
0.0140405000
0.0135921000
0.0138244900
0.0138149300
0.0157846500
0.0180217700
0.0172480800
0.0156645800
0.0139420300
0.0112410400
0.0089269160
0.0077242270
0.0075793890
0.0081828330
0.0081373070
0.0067189870
0.0049845960
0.0034332680
0.0021382940
0.0016527650
0.0013554800
0.0010143700
0.0011022690
0.0010115050
0.0010803220
0.0014351690
0.0008308804
-0.0006789279
-0.0026291730
-0.0038840230
-0.0042719320
-0.0058519610
-0.0071760240
-0.0068221220
-0.0072921600
-0.0087800510
-0.0102732000
-0.0117079800
-0.0119144100
-0.0117315200
-0.0125063800
-0.0123811600
-0.0117326000
-0.0119617600
-0.0119006600
-0.0126978800
-0.0142760200
-0.0146645200
-0.0151514000
-0.0152715900
-0.0141044900
-0.0135183900
-0.0130969700
-0.0124008800
-0.0122473300
-0.0117888700
-0.0116691400
-0.0119823400
-0.0109232600
-0.0093747850
-0.0080211240
-0.0063961640
-0.0049316230
-0.0039067520
-0.0037380620
-0.0036305690
-0.0025596280
-0.0012826930
-0.0006791469
-0.0008802081
-0.0018745920
-0.0034257650
-0.0049485030
-0.0061609240
-0.0063779270
-0.0061451170
-0.0067629120
-0.0075825000
-0.0094082370
-0.0122861800
-0.0135982400
-0.0130695500
-0.0115757600
-0.0098663070
-0.0083978340
-0.0073769160
-0.0074143500
-0.0070854030
-0.0057280670
-0.0045296070
-0.0032166380
-0.0017203240
-0.0005337447
0.0003684116
0.0007346980
0.0006384843
0.0004961248
0.0004670976
0.0013256580
0.0025557430
0.0031588850
0.0036925560
0.0030592460
0.0021497560
0.0031728530
0.0042725430
0.0052119760
0.0068139730
0.0079775100
0.0088574710
0.0098678790
0.0109296700
0.0117946000
0.0119931200
0.0118226900
0.0117006600
0.0108489900
0.0088057840
0.0065437910
0.0048345510
0.0039927120
0.0034999070
0.0026465120
0.0016773460
0.0007316603
0.0005052673
0.0009908216
0.0016587140
0.0034231830
0.0049317330
0.0050970780
0.0061644060
0.0076005830
0.0077945160
0.0079402150
0.0082902110
0.0082257760
0.0086012440
0.0100716000
0.0119617400
0.0135706800
0.0149732300
0.0168597000
0.0192709500
0.0211299400
0.0216063600
0.0209550600
0.0200549100
0.0185872200
0.0163373700
0.0145087900
0.0136155800
0.0137586400
0.0140297200
0.0132733100
0.0127205200
0.0128914700
0.0127476600
0.0125084700
0.0119884500
0.0108892500
0.0098760040
0.0084314760
0.0070775610
0.0061678420
0.0043320380
0.0026010720
0.0011229170
-0.0003716667
-0.0004648588
-0.0003799786
-0.0003004208
0.0002242178
0.0004551818
0.0018781840
0.0034929320
0.0034311380
0.0034011380
0.0034311480
0.0019193430
-0.0001363715
-0.0013113580
-0.0024250900
-0.0039945030
-0.0055093030
-0.0062181570
-0.0056717330
-0.0051726240
-0.0051384060
-0.0050934620
-0.0059657030
-0.0077545770
-0.0091734590
-0.0103543600
-0.0120854000
-0.0136358800
-0.0147492000
-0.0156195800
-0.0153788000
-0.0141897100
-0.0127610700
-0.0115802400
-0.0111088100
-0.0107601800
-0.0104668700
-0.0104315500
-0.0102141800
-0.0099510160
-0.0094245530
-0.0087543530
-0.0083055060
-0.0077315340
-0.0071276370
-0.0061233080
-0.0047375500
-0.0035429620
-0.0026693120
-0.0024549490
-0.0029308960
-0.0042457720
-0.0057502600
-0.0065453600
-0.0069148980
-0.0068562710
-0.0066047360
-0.0064152880
-0.0059303550
-0.0056106630
-0.0059973410
-0.0066519060
-0.0075367850
-0.0084740760
-0.0086377760
-0.0084590860
-0.0085073830
-0.0085761360
-0.0086983830
-0.0088075520
-0.0088237470
-0.0087215030
-0.0083113450
-0.0077654970
-0.0071839630
-0.0062123290
-0.0054342880
-0.0051546250
-0.0047193710
-0.0044147150
-0.0041906040
-0.0038349890
-0.0035779280
-0.0032445380
-0.0028802360
-0.0021877460
-0.0014855740
-0.0011996420
-0.0005642356
0.0000336350
0.0003363439
0.0009616704
0.0014833500
0.0020103240
0.0027156270
0.0028259980
0.0024845470
0.0021007510
0.0016404870
0.0013740620
0.0012629910
0.0012725320
0.0015889990
0.0017301290
0.0015920040
0.0016865550
0.0019137770
0.0020593940
0.0020243260
0.0018284430
0.0016963240
0.0017096260
0.0019647080
0.0023526570
0.0027329980
0.0029444450
0.0029688900
0.0030350750
0.0029124560
0.0030131160
0.0036833700
0.0040643620
0.0042331980
0.0046045620
0.0047404900
0.0046523230
0.0044935260
0.0042837300
0.0042640650
0.0044028700
0.0046641830
0.0049031070
0.0047505040
0.0044935950
0.0042983700
0.0038496280
0.0033078180
0.0028371970
0.0025949650
0.0025641720
0.0022881930
0.0019182640
0.0016045750
0.0012293670
0.0009534895
0.0006687746
0.0005119709
0.0006613993
0.0007354389
0.0006718769
0.0006960915
0.0008516413
0.0011125680
0.0013320840
0.0014814790
0.0017595770
0.0020618600
0.0021211100
0.0021071550
0.0021707890
0.0021004550
0.0019666870
0.0018871670
0.0017083990
0.0015028920
0.0012720540
0.0010588970
0.0010820250
0.0012209730
0.0014399910
0.0016775920
0.0016650040
0.0014465570
0.0012256150
0.0011197950
0.0010750090
0.0010219180
0.0009797184
0.0009100330
0.0007570962
0.0005220714
0.0003253247
0.0001737418
0.0000495607
-0.0000093719
-0.0001535516
-0.0003591065
-0.0005370429
-0.0007293909
-0.0008805066
-0.0010296490
-0.0011609500
-0.0012056800
-0.0012755990
-0.0013589840
-0.0013738270
-0.0014055270
-0.0014626660
-0.0014225440
-0.0012840390
-0.0011262160
-0.0009995010
-0.0009339224
-0.0009246864
-0.0009593490
-0.0009937256
-0.0009993968
-0.0009887903
-0.0009796505
-0.0009725739
-0.0009251130
-0.0008629134
-0.0008085754
-0.0007482276
-0.0007220865
-0.0007155617
-0.0007093440
-0.0007156679
-0.0007146711
-0.0007048569
-0.0007038992
-0.0007039420
-0.0006943806
-0.0006984584
-0.0006943610
-0.0006565836
-0.0006184560
-0.0005866075
-0.0005540945
-0.0005152604
-0.0004777089
-0.0004515229
-0.0004321218
-0.0004230079
-0.0003952030
-0.0003436056
-0.0002920636
-0.0002437789
-0.0002157291
-0.0001938607
-0.0001601490
-0.0001372350
-0.0001252232
-0.0001112065
-0.0000974403
-0.0000868411
-0.0000843581
-0.0000834268
-0.0000738038
-0.0000670934
-0.0000617434
-0.0000535549
-0.0000543837
-0.0000517252
-0.0000412203
-0.0000331910
-0.0000262831
-0.0000208393
-0.0000084958
0.0000066627
0.0000114992
0.0000132980
0.0000184689
0.0000264573
0.0000365524
0.0000480942
0.0000608078
0.0000725642
0.0000811470
0.0000886931
0.0000960542
0.0000999750
0.0001030606
0.0001055169
0.0001060093
0.0001060581
0.0001043863
0.0001038886
0.0001060015
0.0001087774
0.0001109512
0.0001114330
0.0001116288
0.0001116857
0.0001121547
0.0001129074
0.0001128726
0.0001131724
0.0001130108
0.0001121083
0.0001110471
0.0001095182
0.0001085997
0.0001081192
0.0001072417
0.0001063561
0.0001053207
0.0001039833
0.0001023906
0.0001006892
0.0000993540
0.0000981595
0.0000969094
0.0000959365
0.0000949960
0.0000939033
0.0000929006
0.0000919462
0.0000909752
0.0000900030
0.0000890502
0.0000881609
0.0000872413
0.0000862467
0.0000852072
0.0000841247
0.0000830364
0.0000819597
0.0000808850
0.0000798178
0.0000787584
0.0000777076
0.0000766646
0.0000756256
0.0000745916
0.0000735631
0.0000725384
0.0000715159
0.0000704945
0.0000694730
0.0000684506
0.0000674267
0.0000664010
