0.0009984852
0.0009991426
0.0009997266
0.0010002680
0.0010007570
0.0010012070
0.0010016120
0.0010019660
0.0010022690
0.0010025370
0.0010027570
0.0010029250
0.0010030530
0.0010031400
0.0010031950
0.0010032430
0.0010032880
0.0010033160
0.0010033340
0.0010033110
0.0010031950
0.0010029740
0.0010026300
0.0010021250
0.0010015460
0.0010010340
0.0010007750
0.0010009680
0.0010017360
0.0010031260
0.0010049690
0.0010068370
0.0010082750
0.0010088840
0.0010084670
0.0010070640
0.0010048260
0.0010019620
0.0009986503
0.0009949472
0.0009907680
0.0009862839
0.0009824081
0.0009807247
0.0009828336
0.0009898329
0.0010020720
0.0010187630
0.0010364390
0.0010490050
0.0010499780
0.0010347720
0.0010019010
0.0009528557
0.0008939502
0.0008392080
0.0008066816
0.0008106732
0.0008535496
0.0009243170
0.0010046370
0.0010770270
0.0011320800
0.0011706770
0.0012014410
0.0012361750
0.0012851580
0.0013517890
0.0014245110
0.0014789340
0.0014922890
0.0014588420
0.0013915320
0.0013135410
0.0012479710
0.0012098370
0.0012013770
0.0012072310
0.0011986040
0.0011454760
0.0010276250
0.0008393241
0.0005861761
0.0002821812
-0.0000450870
-0.0003596940
-0.0006313707
-0.0008521608
-0.0010458730
-0.0012566840
-0.0015292010
-0.0018870190
-0.0023047340
-0.0027108530
-0.0030227770
-0.0031812560
-0.0031681960
-0.0030057680
-0.0027417040
-0.0024336560
-0.0021576440
-0.0020066100
-0.0020592450
-0.0023518210
-0.0028711820
-0.0035669870
-0.0043759080
-0.0052436470
-0.0061375800
-0.0070459570
-0.0079420970
-0.0087515780
-0.0093802840
-0.0097570310
-0.0098393520
-0.0095996270
-0.0090513110
-0.0082896290
-0.0074633230
-0.0066312960
-0.0055991380
-0.0039988470
-0.0014806080
0.0021046510
0.0064418580
0.0107313600
0.0140516400
0.0157431600
0.0156083700
0.0138987100
0.0111505300
0.0079725540
0.0048739620
0.0021516160
-0.0001382900
-0.0021292070
-0.0040471000
-0.0061111640
-0.0084662490
-0.0111831000
-0.0142983500
-0.0178221000
-0.0217339100
-0.0259880000
-0.0305266600
-0.0352960700
-0.0402423400
-0.0451102600
-0.0492384000
-0.0518149800
-0.0522608500
-0.0504497000
-0.0467639700
-0.0421410500
-0.0378229300
-0.0348716600
-0.0337695600
-0.0343299100
-0.0359083500
-0.0377354800
-0.0392927300
-0.0405374700
-0.0417957200
-0.0435146700
-0.0459707100
-0.0482258500
-0.0472223900
-0.0390597700
-0.0208804700
0.0074222650
0.0418162000
0.0755721100
0.1022771000
0.1181551000
0.1228656000
0.1189102000
0.1102350000
0.1007692000
0.0935047400
0.0900198100
0.0904072700
0.0936435500
0.0982081900
0.1026936000
0.1061867000
0.1081500000
0.1081359000
0.1058582000
0.1013292000
0.0948708000
0.0870039400
0.0782885000
0.0691719100
0.0598282800
0.0500913500
0.0396173100
0.0281036800
0.0154274500
0.0016762630
-0.0129093100
-0.0280327200
-0.0434356500
-0.0589597100
-0.0745602100
-0.0902777700
-0.1061945000
-0.1223924000
-0.1389258000
-0.1558083000
-0.1730081000
-0.1903140000
-0.2072086000
-0.2230842000
-0.2375366000
-0.2505177000
-0.2622213000
-0.2722286000
-0.2790356000
-0.2807955000
-0.2754833000
-0.2604858000
-0.2300973000
-0.1746219000
-0.0905135000
0.0109810300
0.1091615000
0.1840826000
0.2241068000
0.2284235000
0.2051178000
0.1667332000
0.1255183000
0.0899993300
0.0636667600
0.0457602100
0.0330667100
0.0217540500
0.0087937090
-0.0072998550
-0.0264462900
-0.0474940800
-0.0689269700
-0.0894906300
-0.1085536000
-0.1261528000
-0.1413998000
-0.1455868000
-0.1225084000
-0.0629140100
0.0241503200
0.1166072000
0.1909467000
0.2315141000
0.2344081000
0.2062203000
0.1595832000
0.1079090000
0.0612785800
0.0247511800
0.0012919740
-0.0047780830
0.0106260800
0.0470535400
0.0962731200
0.1454772000
0.1829322000
0.2019935000
0.2022492000
0.1882208000
0.1667793000
0.1444846000
0.1257495000
0.1121925000
0.1030395000
0.0961503000
0.0891665000
0.0803863400
0.0691587700
0.0558144700
0.0412873700
0.0266423400
0.0126944000
0.0000941471
-0.0096931340
-0.0144375700
-0.0123035900
-0.0027453240
0.0133205200
0.0339230600
0.0562303100
0.0763709500
0.0905331400
0.0964021000
0.0938115000
0.0844687100
0.0710915700
0.0564014500
0.0423116700
0.0296079700
0.0181147900
0.0071162760
-0.0041912540
-0.0163657900
-0.0295653000
-0.0429403600
-0.0530318000
-0.0546660100
-0.0443849900
-0.0239939300
0.0000973892
0.0202992900
0.0309909100
0.0301039300
0.0190334900
0.0013903700
-0.0186581200
-0.0377615900
-0.0541202700
-0.0675322200
-0.0789366900
-0.0897342200
-0.1011658000
-0.1132540000
-0.1215562000
-0.1185612000
-0.1015522000
-0.0752943600
-0.0486923200
-0.0302850100
-0.0251202800
-0.0337567000
-0.0530820100
-0.0781353400
-0.1040452000
-0.1274221000
-0.1469117000
-0.1621000000
-0.1663521000
-0.1450754000
-0.0915883700
-0.0160160500
0.0612337400
0.1199436000
0.1477229000
0.1426845000
0.1117507000
0.0664626000
0.0183990000
-0.0233748800
-0.0490731200
-0.0476780300
-0.0159112100
0.0369636700
0.0943457400
0.1401611000
0.1645234000
0.1656495000
0.1484876000
0.1214884000
0.0931166400
0.0693141600
0.0524606500
0.0417442800
0.0344919500
0.0289320400
0.0264502600
0.0285577400
0.0344157600
0.0413632900
0.0464016600
0.0474203600
0.0437496000
0.0360575300
0.0258129500
0.0145541000
0.0033486720
-0.0073568110
-0.0176262400
-0.0278033600
-0.0381235200
-0.0476985600
-0.0543004100
-0.0555416200
-0.0500534700
-0.0379787300
-0.0209742400
-0.0025529540
0.0126506400
0.0207421500
0.0199325400
0.0108189200
-0.0042536820
-0.0223144000
-0.0408111600
-0.0581931500
-0.0740081800
-0.0886415600
-0.1028841000
-0.1175117000
-0.1329256000
-0.1475362000
-0.1559171000
-0.1511267000
-0.1291037000
-0.0929796100
-0.0521221000
-0.0173373500
0.0035345340
0.0081730740
0.0006469104
-0.0108460800
-0.0184230200
-0.0184893100
-0.0122587000
-0.0038358300
0.0022139090
0.0027044750
-0.0033581510
-0.0149432600
-0.0297985000
-0.0454623100
-0.0601135400
-0.0729550300
-0.0841373600
-0.0944014400
-0.1046426000
-0.1155579000
-0.1274838000
-0.1404158000
-0.1540785000
-0.1677608000
-0.1801803000
-0.1899930000
-0.1963983000
-0.1994004000
-0.1994658000
-0.1966841000
-0.1906562000
-0.1792034000
-0.1542715000
-0.1084377000
-0.0457521000
0.0198257600
0.0722622800
0.1003286000
0.1012400000
0.0821454200
0.0571440700
0.0408562300
0.0430726800
0.0664954600
0.1074588000
0.1575860000
0.2052952000
0.2396290000
0.2540905000
0.2481389000
0.2262328000
0.1954049000
0.1625935000
0.1326748000
0.1075008000
0.0861299300
0.0660551300
0.0446244500
0.0200800600
-0.0080297800
-0.0390046300
-0.0714971400
-0.1040143000
-0.1332964000
-0.1511580000
-0.1475523000
-0.1188059000
-0.0725668700
-0.0235876500
0.0134966900
0.0295543500
0.0229052800
-0.0018231770
-0.0366350900
-0.0734144800
-0.1063390000
-0.1329177000
-0.1537026000
-0.1711400000
-0.1881613000
-0.2057989000
-0.2168010000
-0.2058071000
-0.1601943000
-0.0827879900
0.0087321290
0.0917756400
0.1485923000
0.1716037000
0.1637020000
0.1349327000
0.0979270500
0.0657698400
0.0508178300
0.0607262300
0.0935869700
0.1383354000
0.1806199000
0.2088588000
0.2176950000
0.2083366000
0.1865846000
0.1598832000
0.1346293000
0.1145536000
0.1003846000
0.0905585800
0.0824496600
0.0740667900
0.0662182400
0.0622353400
0.0656956500
0.0775809100
0.0951192400
0.1134036000
0.1277274000
0.1352294000
0.1352027000
0.1283694000
0.1162649000
0.1007448000
0.0835322100
0.0658925900
0.0485038800
0.0325167400
0.0247106300
0.0333293000
0.0583503900
0.0916118900
0.1219227000
0.1401215000
0.1419524000
0.1284062000
0.1041916000
0.0753916500
0.0473047500
0.0231150400
0.0035882150
-0.0123954200
-0.0268811900
-0.0416784300
-0.0566131300
-0.0691046500
-0.0757833300
-0.0742554600
-0.0640449900
-0.0467884000
-0.0265667800
-0.0089343340
0.0013104350
0.0017747260
-0.0071334140
-0.0228875000
-0.0420646400
-0.0615459500
-0.0792960500
-0.0945920000
-0.1078084000
-0.1199392000
-0.1320698000
-0.1449715000
-0.1583603000
-0.1693925000
-0.1734491000
-0.1665861000
-0.1474108000
-0.1176021000
-0.0821285500
-0.0482641600
-0.0227526500
-0.0094290960
-0.0084292030
-0.0168774500
-0.0300797300
-0.0424116300
-0.0489010900
-0.0467583600
-0.0359060400
-0.0188543500
-0.0000925101
0.0156681300
0.0253804000
0.0286141000
0.0271311000
0.0237171200
0.0208461200
0.0196520300
0.0198600700
0.0203646400
0.0198727400
0.0172217000
0.0116476000
0.0030189560
-0.0081710000
-0.0210113700
-0.0339899300
-0.0444519600
-0.0494286600
-0.0469671600
-0.0368047800
-0.0200978200
0.0004806508
0.0202890500
0.0342618700
0.0389369300
0.0334983400
0.0198201400
0.0024650000
-0.0125752400
-0.0202819400
-0.0188162200
-0.0103489600
0.0004611054
0.0087908630
0.0114243800
0.0074689060
-0.0019165960
-0.0143998300
-0.0274907000
-0.0389383300
-0.0460762600
-0.0466361000
-0.0401308600
-0.0279410100
-0.0127659900
0.0018553850
0.0126117100
0.0175267600
0.0163967400
0.0105732800
0.0026225890
-0.0043957250
-0.0080233110
-0.0072338950
-0.0028155450
0.0031546460
0.0083618650
0.0111385800
0.0108820300
0.0079926830
0.0034957390
-0.0013651750
-0.0051011000
-0.0061114450
-0.0032686630
0.0036745290
0.0140305700
0.0259218300
0.0363659800
0.0425996200
0.0434676600
0.0396704900
0.0331095700
0.0259658300
0.0199387800
0.0158547800
0.0136160700
0.0121074600
0.0095116160
0.0048806950
-0.0006757776
-0.0047529760
-0.0053715570
-0.0024093040
0.0025888270
0.0076101770
0.0112188800
0.0129180800
0.0130306100
0.0123388500
0.0116087100
0.0111217000
0.0106391900
0.0096780890
0.0077904990
0.0046646340
0.0001680524
-0.0056092320
-0.0123873500
-0.0199145200
-0.0283458000
-0.0381700700
-0.0496775700
-0.0614024200
-0.0695448100
-0.0698379400
-0.0596166800
-0.0394424900
-0.0139544700
0.0100517200
0.0266048000
0.0325837500
0.0282008600
0.0162702800
0.0013817130
-0.0111355900
-0.0169970900
-0.0142528600
-0.0034851010
0.0128180700
0.0307102300
0.0455778000
0.0537584200
0.0537000000
0.0461153200
0.0333154200
0.0182465600
0.0036035950
-0.0088561940
-0.0185764100
-0.0259817700
-0.0315008600
-0.0345870600
-0.0340768500
-0.0290229200
-0.0192848300
-0.0061402050
0.0075092340
0.0183188000
0.0241321100
0.0248795500
0.0221922600
0.0183392000
0.0150212400
0.0128161000
0.0113623900
0.0098471690
0.0074946730
0.0038747490
-0.0010122790
-0.0068253920
-0.0130579900
-0.0190163900
-0.0236112100
-0.0256862100
-0.0245379700
-0.0201897100
-0.0136584100
-0.0072154830
-0.0035844200
-0.0047818010
-0.0114469500
-0.0226008000
-0.0352979000
-0.0454624300
-0.0496283500
-0.0463208400
-0.0366318900
-0.0234853200
-0.0102290200
0.0005168856
0.0070132400
0.0086465870
0.0062430000
0.0014915530
-0.0040253790
-0.0093760020
-0.0143221700
-0.0191059300
-0.0241565000
-0.0298394300
-0.0362989600
-0.0432041700
-0.0495265200
-0.0539718300
-0.0555974400
-0.0541684700
-0.0503861700
-0.0461216500
-0.0437785300
-0.0452617400
-0.0510022800
-0.0584919700
-0.0636764900
-0.0639929400
-0.0592541600
-0.0506124600
-0.0391640000
-0.0256951800
-0.0112823300
0.0026034050
0.0146221700
0.0240389700
0.0308347200
0.0354496700
0.0385034100
0.0406137100
0.0422665400
0.0436968700
0.0448796400
0.0456595300
0.0458053200
0.0444292300
0.0397432000
0.0301780600
0.0165861700
0.0028101340
-0.0063129670
-0.0071805140
0.0013216580
0.0171666500
0.0354480800
0.0505531800
0.0586834600
0.0590002300
0.0532139600
0.0444024400
0.0357121200
0.0293590200
0.0261902600
0.0258057800
0.0270438300
0.0285727300
0.0293814200
0.0291206600
0.0281365100
0.0271529000
0.0268794700
0.0276630200
0.0291370800
0.0303396800
0.0302278600
0.0281018000
0.0237011800
0.0171647300
0.0089456500
-0.0003398560
-0.0100319700
-0.0192966500
-0.0271926800
-0.0330248500
-0.0365909700
-0.0381929900
-0.0384389100
-0.0379565400
-0.0372129400
-0.0364595700
-0.0357591200
-0.0350294200
-0.0340003300
-0.0322778700
-0.0295564900
-0.0259433600
-0.0221447600
-0.0191394200
-0.0177198900
-0.0182089500
-0.0202364100
-0.0198651100
-0.0098185420
0.0133833400
0.0474872100
0.0861216800
0.1212468000
0.1461945000
0.1577933000
0.1567746000
0.1467345000
0.1323852000
0.1178470000
0.1056169000
0.0963668600
0.0893610700
0.0831814200
0.0764413600
0.0682694400
0.0584750500
0.0474348300
0.0358196700
0.0243965700
0.0142667500
0.0067714870
0.0029071160
0.0029042050
0.0060185730
0.0103159000
0.0132608000
0.0127600600
0.0079255940
-0.0003141616
-0.0093725990
-0.0163730300
-0.0200774300
-0.0216340500
-0.0235820200
-0.0284364600
-0.0376838700
-0.0514435200
-0.0687610800
-0.0882024100
-0.1083820000
-0.1283110000
-0.1467085000
-0.1572937000
-0.1482054000
-0.1122254000
-0.0551953400
0.0074855540
0.0590388100
0.0879798500
0.0911745400
0.0745618900
0.0509916100
0.0337123000
0.0297432600
0.0383921600
0.0537690000
0.0685191900
0.0773623900
0.0789853600
0.0749648300
0.0671336600
0.0564542500
0.0431697400
0.0271836500
0.0081041610
-0.0145887200
-0.0411303400
-0.0712226600
-0.1034736000
-0.1328631000
-0.1511081000
-0.1515217000
-0.1341438000
-0.1056534000
-0.0753960200
-0.0506697900
-0.0342358500
-0.0246939000
-0.0182879900
-0.0109430900
0.0002227251
0.0162338300
0.0363740600
0.0586073700
0.0802478600
0.0989025600
0.1124573000
0.1187821000
0.1164826000
0.1055843000
0.0875569500
0.0647726500
0.0397472000
0.0144851800
-0.0100110900
-0.0340597000
-0.0588775100
-0.0856663800
-0.1125598000
-0.1305369000
-0.1288240000
-0.1048537000
-0.0658261200
-0.0238811600
0.0096124780
0.0278910400
0.0299499400
0.0194516400
0.0023627570
-0.0158965500
-0.0324514000
-0.0469561600
-0.0590048400
-0.0654470500
-0.0616914900
-0.0447557000
-0.0169722500
0.0139508200
0.0388450100
0.0513021900
0.0499713300
0.0379982700
0.0208576400
0.0039795410
-0.0090565640
-0.0174938500
-0.0229763100
-0.0280992300
-0.0348733900
-0.0440428400
-0.0551890800
-0.0671223100
-0.0778761100
-0.0850437900
-0.0867653600
-0.0823438000
-0.0721059300
-0.0571704400
-0.0398167500
-0.0234510400
-0.0106133600
-0.0013901650
0.0061208720
0.0141677000
0.0230215800
0.0305592700
0.0337892600
0.0304756900
0.0200130600
0.0034431120
-0.0168689900
-0.0361658400
-0.0482334200
-0.0494102100
-0.0402532400
-0.0248905500
-0.0088663960
0.0033689440
0.0101455100
0.0124905900
0.0129595600
0.0142738400
0.0181392600
0.0243386000
0.0310367600
0.0359333100
0.0373172000
0.0346026000
0.0281348600
0.0185578500
0.0065352590
-0.0073125410
-0.0224480500
-0.0384427400
-0.0549823600
-0.0718409200
-0.0882765000
-0.1017608000
-0.1086874000
-0.1060940000
-0.0927326800
-0.0694023500
-0.0389460000
-0.0067681800
0.0204088800
0.0372968700
0.0428938700
0.0413950600
0.0397263500
0.0438400400
0.0550124900
0.0695147000
0.0813820000
0.0854532200
0.0792394400
0.0633062800
0.0406472000
0.0156027400
-0.0076649690
-0.0264497600
-0.0399144700
-0.0481506000
-0.0511715800
-0.0489985500
-0.0420381300
-0.0314516700
-0.0190663600
-0.0067665650
0.0040884910
0.0129121900
0.0195703800
0.0239427700
0.0260177800
0.0264353400
0.0266057500
0.0281054500
0.0320390600
0.0387256300
0.0477470600
0.0581211700
0.0680045400
0.0748722100
0.0765725200
0.0721843600
0.0622188700
0.0482355500
0.0321600500
0.0159663900
0.0019769830
-0.0076816920
-0.0120495300
-0.0116067900
-0.0078672860
-0.0027075500
0.0025605470
0.0084327910
0.0151905800
0.0214597000
0.0250179800
0.0240138500
0.0177275300
0.0066913850
-0.0076753580
-0.0236105600
-0.0394173700
-0.0536717900
-0.0646175600
-0.0700251200
-0.0681647900
-0.0586208400
-0.0424248500
-0.0216112700
0.0011556550
0.0223088900
0.0381307500
0.0461431900
0.0458756300
0.0387313600
0.0272281300
0.0140480100
0.0012687250
-0.0100208800
-0.0196789000
-0.0276618100
-0.0327240900
-0.0327952800
-0.0262676800
-0.0131913900
0.0045308240
0.0240557000
0.0425909900
0.0576959900
0.0676332300
0.0718313100
0.0709448600
0.0664828700
0.0602293000
0.0537079800
0.0478579300
0.0429710500
0.0388379800
0.0350454100
0.0316848500
0.0298089400
0.0307913900
0.0353310700
0.0430533700
0.0528956800
0.0640884100
0.0763580400
0.0886464000
0.0988271000
0.1047298000
0.1051244000
0.1001025000
0.0909113400
0.0795192300
0.0679766100
0.0578030100
0.0496684600
0.0434300600
0.0383894700
0.0335326700
0.0278204300
0.0205408400
0.0114967300
0.0009720939
-0.0104609600
-0.0221789200
-0.0336539400
-0.0444716000
-0.0543894700
-0.0633880800
-0.0716422200
-0.0794336300
-0.0870413400
-0.0945511700
-0.1017206000
-0.1081399000
-0.1134797000
-0.1176447000
-0.1207923000
-0.1232520000
-0.1254510000
-0.1280774000
-0.1320622000
-0.1381977000
-0.1468293000
-0.1577696000
-0.1704097000
-0.1833953000
-0.1929123000
-0.1932561000
-0.1797506000
-0.1514839000
-0.1117431000
-0.0662034600
-0.0207617900
0.0191802000
0.0492627600
0.0673482000
0.0741143200
0.0731118300
0.0697002000
0.0689986500
0.0742400200
0.0859666800
0.1016879000
0.1169967000
0.1276577000
0.1311943000
0.1274284000
0.1180640000
0.1057415000
0.0931472700
0.0827138900
0.0762494600
0.0744075500
0.0765161200
0.0809956900
0.0859917000
0.0899738500
0.0921263400
0.0924141900
0.0913992400
0.0899071600
0.0886862900
0.0881732000
0.0882653300
0.0878844400
0.0847276300
0.0762112100
0.0607915100
0.0392631500
0.0151599400
-0.0069043560
-0.0236118600
-0.0342244000
-0.0401752800
-0.0432071300
-0.0437314800
-0.0414359800
-0.0370511100
-0.0325772900
-0.0302916700
-0.0317741400
-0.0373214600
-0.0454415500
-0.0532927600
-0.0580163400
-0.0578490100
-0.0525541600
-0.0432196600
-0.0320479600
-0.0221828300
-0.0166332700
-0.0171146700
-0.0230661700
-0.0314458700
-0.0385055200
-0.0419876800
-0.0417610100
-0.0392202800
-0.0359338000
-0.0324376400
-0.0284443600
-0.0237085900
-0.0183499600
-0.0127411700
-0.0070941230
-0.0012182840
0.0046310560
0.0095721460
0.0126054200
0.0131111700
0.0110700300
0.0070012520
0.0018805460
-0.0027045600
-0.0049479340
-0.0035548160
0.0018230910
0.0105241000
0.0206457000
0.0292799800
0.0336959200
0.0323809900
0.0253557700
0.0137636400
-0.0006400189
-0.0156512600
-0.0290651800
-0.0392987700
-0.0457197800
-0.0486472800
-0.0490267600
-0.0479964600
-0.0465402100
-0.0452120000
-0.0435585100
-0.0403224000
-0.0350524600
-0.0286273200
-0.0226533000
-0.0187574200
-0.0180370900
-0.0207522700
-0.0263663500
-0.0338192400
-0.0417550300
-0.0488236300
-0.0540923500
-0.0574201100
-0.0597270300
-0.0623673200
-0.0661007600
-0.0708597900
-0.0762793100
-0.0816370600
-0.0845853900
-0.0817487100
-0.0709843900
-0.0530555200
-0.0310791600
-0.0089019130
0.0103283300
0.0248722800
0.0345519500
0.0403542900
0.0435231900
0.0448959600
0.0448081500
0.0433159700
0.0405185300
0.0367235700
0.0320674900
0.0255143100
0.0152899800
0.0016871970
-0.0114009700
-0.0185224000
-0.0156210900
-0.0029717110
0.0144468900
0.0297164300
0.0370896500
0.0338524600
0.0206072000
0.0006882465
-0.0197113800
-0.0329486300
-0.0329875800
-0.0175015100
0.0111510500
0.0451659400
0.0739231100
0.0886247600
0.0859520100
0.0686305400
0.0431793800
0.0171762900
-0.0026454500
-0.0120971300
-0.0104883100
-0.0002277562
0.0145253300
0.0291607300
0.0399103100
0.0448977800
0.0443962200
0.0402264800
0.0346868400
0.0294321400
0.0250238000
0.0212520600
0.0177886400
0.0144636000
0.0110092800
0.0068221270
0.0013631270
-0.0053983990
-0.0130116900
-0.0210315500
-0.0300398200
-0.0416478700
-0.0566276100
-0.0721479800
-0.0825693800
-0.0824661300
-0.0689970500
-0.0426698800
-0.0067521820
0.0331696100
0.0697898300
0.0965359300
0.1098516000
0.1099408000
0.1000033000
0.0846409700
0.0682069700
0.0536620400
0.0421666900
0.0333806200
0.0262374100
0.0196254800
0.0127643400
0.0051943620
-0.0035846880
-0.0138917800
-0.0239984300
-0.0293633400
-0.0254653900
-0.0115154200
0.0091173360
0.0310901400
0.0497549600
0.0627257500
0.0695697200
0.0707518900
0.0672012200
0.0601055400
0.0503508700
0.0375821900
0.0207815800
-0.0000500888
-0.0234787100
-0.0473688600
-0.0698020700
-0.0897388300
-0.1070357000
-0.1212817000
-0.1311753000
-0.1352971000
-0.1327032000
-0.1226640000
-0.1050293000
-0.0812783200
-0.0543725100
-0.0275186300
-0.0035719590
0.0146594800
0.0249946000
0.0267083100
0.0207399900
0.0092457630
-0.0051877250
-0.0202845000
-0.0340625400
-0.0438943100
-0.0469942100
-0.0421473900
-0.0306675700
-0.0151773100
0.0011288630
0.0148256600
0.0232871000
0.0254668200
0.0219996300
0.0150081300
0.0076232890
0.0028379690
0.0024131680
0.0064255750
0.0136163700
0.0222445100
0.0309957400
0.0393309600
0.0473627900
0.0554721300
0.0632788700
0.0689789100
0.0702930500
0.0659538900
0.0564684800
0.0437012200
0.0299643700
0.0172047000
0.0066974310
-0.0009528362
-0.0058120520
-0.0084807160
-0.0098656270
-0.0111741300
-0.0138112400
-0.0186849600
-0.0246206500
-0.0280906200
-0.0250816700
-0.0130456000
0.0073205270
0.0311512500
0.0515884300
0.0628967500
0.0625316200
0.0514848100
0.0332217000
0.0120415500
-0.0083377150
-0.0249922700
-0.0355380400
-0.0386533100
-0.0344864500
-0.0244923600
-0.0108474200
0.0038654240
0.0163620600
0.0234045100
0.0230182200
0.0151312300
0.0013907120
-0.0156472900
-0.0334630300
-0.0501179400
-0.0636746600
-0.0719392600
-0.0732958000
-0.0673930000
-0.0550687900
-0.0379613700
-0.0186172500
-0.0000987303
0.0150507900
0.0254355400
0.0307383400
0.0315226200
0.0289375900
0.0242828300
0.0186194400
0.0123853800
0.0053681440
-0.0022219800
-0.0088702580
-0.0124434700
-0.0112810600
-0.0048567300
0.0061602640
0.0200880700
0.0340921900
0.0448408900
0.0498043000
0.0480864000
0.0404726000
0.0288766200
0.0155576000
0.0028096040
-0.0068058110
-0.0111118600
-0.0097456080
-0.0048310320
0.0001569953
0.0020162950
-0.0010673550
-0.0092021490
-0.0211429800
-0.0348144800
-0.0475296200
-0.0566968600
-0.0607302100
-0.0594654000
-0.0539903900
-0.0463678900
-0.0393513500
-0.0354804000
-0.0362149000
-0.0416261400
-0.0505242200
-0.0601049200
-0.0661996600
-0.0649935000
-0.0545887600
-0.0357684100
-0.0115537300
0.0142101900
0.0380797300
0.0569455900
0.0681998400
0.0705914300
0.0647123800
0.0528548300
0.0381453200
0.0234600100
0.0106842700
0.0009019451
-0.0048460440
-0.0056969710
-0.0014209000
0.0074129110
0.0195375500
0.0327469100
0.0440372900
0.0507223500
0.0514118900
0.0463063900
0.0368535600
0.0250633700
0.0128173200
0.0016141560
-0.0071172700
-0.0121841000
-0.0130624000
-0.0100640900
-0.0042262130
0.0029958750
0.0103833500
0.0174697100
0.0242115800
0.0299355100
0.0332515600
0.0328204700
0.0280193800
0.0192044900
0.0075379330
-0.0054886450
-0.0185126000
-0.0304563400
-0.0406190900
-0.0487905600
-0.0550660200
-0.0591212700
-0.0601038000
-0.0572092800
-0.0498891200
-0.0373617900
-0.0188219900
0.0055032780
0.0325360800
0.0568036500
0.0729911600
0.0781319400
0.0723954700
0.0584816900
0.0402711500
0.0214236200
0.0044087780
-0.0098235290
-0.0212026000
-0.0290871200
-0.0323948700
-0.0312282100
-0.0273954300
-0.0234990100
-0.0217330100
-0.0228352700
-0.0259421000
-0.0293364700
-0.0313601400
-0.0311339600
-0.0288015100
-0.0252364200
-0.0215422300
-0.0185357700
-0.0162342200
-0.0138840800
-0.0104747200
-0.0052449590
0.0020474460
0.0111032500
0.0209111200
0.0295547800
0.0349315200
0.0356643800
0.0315550400
0.0234900600
0.0129864000
0.0018636660
-0.0073992590
-0.0120551200
-0.0104266600
-0.0029882640
0.0079779000
0.0195637500
0.0293639900
0.0359904400
0.0388668900
0.0380701600
0.0343669800
0.0291263900
0.0238505200
0.0196744200
0.0171007000
0.0160100500
0.0157130200
0.0149026200
0.0126812200
0.0094268230
0.0064188510
0.0050514540
0.0060599380
0.0087312790
0.0111026100
0.0109958700
0.0068288170
-0.0020474520
-0.0152834500
-0.0317591300
-0.0498460300
-0.0674886300
-0.0823559500
-0.0924057000
-0.0966199300
-0.0952369300
-0.0892163100
-0.0796270200
-0.0674354900
-0.0535351300
-0.0389566700
-0.0247771700
-0.0118111600
-0.0004997291
0.0086652260
0.0149976600
0.0179906100
0.0176300000
0.0144410100
0.0093083760
0.0031993690
-0.0030851200
-0.0090411530
-0.0141894300
-0.0176287000
-0.0183210200
-0.0156192100
-0.0095481930
-0.0007574520
0.0097492090
0.0209463600
0.0320510600
0.0426441300
0.0524083500
0.0604892000
0.0656572900
0.0669711400
0.0642365800
0.0580588900
0.0495717200
0.0400331500
0.0304719900
0.0215052400
0.0136478700
0.0078453900
0.0051860730
0.0063329520
0.0112221600
0.0190948900
0.0284990200
0.0373857600
0.0438057700
0.0466022400
0.0456792900
0.0418935100
0.0369178000
0.0327649100
0.0310415400
0.0324574800
0.0366374500
0.0421909800
0.0473199500
0.0505570700
0.0512012900
0.0492771000
0.0453477400
0.0403514300
0.0352746000
0.0308440000
0.0273677900
0.0247097700
0.0223894400
0.0198248500
0.0163253700
0.0103616000
-0.0001272241
-0.0158773200
-0.0353538600
-0.0556491900
-0.0737475500
-0.0870755700
-0.0940058700
-0.0945057800
-0.0901140700
-0.0827315900
-0.0731285500
-0.0611929700
-0.0472836400
-0.0325882000
-0.0185875100
-0.0065110130
0.0026792740
0.0083130710
0.0102450200
0.0089281420
0.0052597660
0.0003606225
-0.0046246010
-0.0088045880
-0.0117382100
-0.0134964100
-0.0146547100
-0.0159606000
-0.0175955100
-0.0189372700
-0.0190179000
-0.0170643200
-0.0128141700
-0.0066662400
-0.0000465584
0.0049575670
0.0067783210
0.0050185610
0.0003639946
-0.0058497310
-0.0118667200
-0.0158038000
-0.0162860000
-0.0128779200
-0.0060924670
0.0027767040
0.0115617500
0.0177333100
0.0194070300
0.0159826100
0.0081857780
-0.0019354120
-0.0112263600
-0.0165979300
-0.0161829000
-0.0098010780
0.0012539250
0.0144312200
0.0262618900
0.0335733900
0.0346334400
0.0297066700
0.0207978200
0.0107235000
0.0020468380
-0.0036882500
-0.0061920270
-0.0061896690
-0.0049182410
-0.0035994810
-0.0030697910
-0.0036702130
-0.0053269140
-0.0077011660
-0.0103667000
-0.0129636700
-0.0152887000
-0.0173103600
-0.0191244400
-0.0208809800
-0.0227151500
-0.0247040600
-0.0268554300
-0.0291229000
-0.0314352400
-0.0337263600
-0.0359756500
-0.0383098500
-0.0409285400
-0.0435887300
-0.0454149000
-0.0453680000
-0.0427656000
-0.0375335600
-0.0301612700
-0.0214484200
-0.0121685700
-0.0030775910
0.0046370690
0.0095844850
0.0107986900
0.0082087190
0.0032725920
-0.0010727470
-0.0017110920
0.0033737840
0.0144956600
0.0299953600
0.0464837900
0.0602355100
0.0686262900
0.0706252600
0.0663239900
0.0565712100
0.0427173700
0.0262845400
0.0086849590
-0.0083240520
-0.0220923700
-0.0299723400
-0.0304923600
-0.0241389800
-0.0133746800
-0.0015507440
0.0084088030
0.0149867600
0.0184798100
0.0204850100
0.0229503100
0.0273375400
0.0337155100
0.0401422500
0.0436569300
0.0417993600
0.0338368200
0.0212679700
0.0070584090
-0.0056628270
-0.0147193900
-0.0194089900
-0.0204697600
-0.0196022100
-0.0187001600
-0.0191849800
-0.0216725400
-0.0259939900
-0.0312929500
-0.0357854300
-0.0371908000
-0.0337406000
-0.0248561900
-0.0113118500
0.0046439080
0.0198022000
0.0312642800
0.0374451400
0.0384018000
0.0356397500
0.0314299200
0.0279128400
0.0264007400
0.0268871000
0.0281650400
0.0285587000
0.0265702700
0.0213198700
0.0127583900
0.0015620800
-0.0111778800
-0.0239764600
-0.0347929500
-0.0416793200
-0.0435639600
-0.0405638300
-0.0337672100
-0.0247266100
-0.0149383900
-0.0055170500
0.0028783180
0.0100426300
0.0161482200
0.0215280600
0.0260459500
0.0287796200
0.0285671600
0.0246340500
0.0169146700
0.0060417750
-0.0069140520
-0.0208043400
-0.0345314700
-0.0463815600
-0.0540469900
-0.0556547400
-0.0505872600
-0.0398125200
-0.0257035900
-0.0111201400
0.0016127550
0.0113091100
0.0179888700
0.0224747500
0.0257370000
0.0284895500
0.0310910600
0.0336044000
0.0359231000
0.0379032400
0.0394759800
0.0407883300
0.0422045000
0.0439862800
0.0458843200
0.0472544500
0.0475283900
0.0465572700
0.0446081900
0.0421649500
0.0395474300
0.0366046100
0.0328742100
0.0279372600
0.0217332000
0.0146024400
0.0072636280
0.0008525078
-0.0034602590
-0.0049576220
-0.0036054060
0.0000242715
0.0050208370
0.0102440400
0.0141175900
0.0150041600
0.0117987800
0.0042429390
-0.0070844770
-0.0210943400
-0.0364367100
-0.0513657400
-0.0640718800
-0.0733273000
-0.0788218100
-0.0809833900
-0.0806183100
-0.0785314600
-0.0752424500
-0.0709893900
-0.0657978400
-0.0594480200
-0.0516000500
-0.0419311900
-0.0302133600
-0.0165514100
-0.0017983140
0.0125884300
0.0251913700
0.0351470500
0.0421386200
0.0461859300
0.0476100700
0.0469850200
0.0450037800
0.0421909700
0.0385684600
0.0337543800
0.0271822400
0.0183201100
0.0070185730
-0.0061667690
-0.0201256700
-0.0336685000
-0.0457246700
-0.0549316500
-0.0598379300
-0.0596005100
-0.0544476900
-0.0455881400
-0.0347083200
-0.0234019600
-0.0127626100
-0.0031983930
0.0056137230
0.0143807700
0.0230582300
0.0302352800
0.0339546400
0.0327794600
0.0263949400
0.0156182800
0.0019849630
-0.0127750100
-0.0271643500
-0.0402151700
-0.0512578600
-0.0594948000
-0.0642180400
-0.0650606600
-0.0620113200
-0.0554555800
-0.0461277300
-0.0349190800
-0.0226667800
-0.0100097000
0.0026701300
0.0151931000
0.0274145700
0.0391723800
0.0503471800
0.0609163400
0.0709232700
0.0799815600
0.0868036000
0.0898069800
0.0879670100
0.0811527400
0.0697752400
0.0545043100
0.0362588600
0.0164339400
-0.0032429740
-0.0212825700
-0.0368736100
-0.0496881600
-0.0590434700
-0.0639556900
-0.0638236000
-0.0591367400
-0.0515896400
-0.0433869000
-0.0364166300
-0.0317168400
-0.0291598700
-0.0274135700
-0.0246307500
-0.0193027000
-0.0108781400
-0.0004082526
0.0096277740
0.0165382500
0.0185562100
0.0153459200
0.0078637690
-0.0021926030
-0.0130422900
-0.0233105500
-0.0322277500
-0.0396427800
-0.0458764100
-0.0512497800
-0.0553447100
-0.0571249400
-0.0556146000
-0.0504658400
-0.0421624100
-0.0317893700
-0.0206033800
-0.0096489440
0.0003612113
0.0089809410
0.0160568900
0.0217361900
0.0263868600
0.0304598100
0.0343553000
0.0383370000
0.0424734900
0.0464045800
0.0492966100
0.0502779400
0.0488885600
0.0452469400
0.0399372700
0.0337594300
0.0275613700
0.0221455800
0.0180680200
0.0154961700
0.0142181900
0.0137227600
0.0133305100
0.0124272700
0.0106550800
0.0079716630
0.0045885020
0.0008448072
-0.0028145780
-0.0056927630
-0.0070190790
-0.0062907870
-0.0034611090
0.0010886260
0.0067262820
0.0127919100
0.0187780100
0.0243971500
0.0293677200
0.0332103300
0.0354369800
0.0358047800
0.0344417600
0.0319813400
0.0295279300
0.0282235600
0.0288132100
0.0314520400
0.0357619600
0.0410391800
0.0465274000
0.0516544100
0.0560621000
0.0592926300
0.0607541500
0.0600120800
0.0568667700
0.0506987900
0.0404702000
0.0260382600
0.0087550950
-0.0092004500
-0.0257796200
-0.0397379900
-0.0507693200
-0.0588735400
-0.0638729700
-0.0656001100
-0.0641724500
-0.0601109700
-0.0544238200
-0.0484413100
-0.0433688200
-0.0399249400
-0.0382264800
-0.0379018300
-0.0382201300
-0.0377149600
-0.0342766100
-0.0263511900
-0.0139680200
0.0014228620
0.0177445000
0.0327094900
0.0438206400
0.0490911600
0.0477853700
0.0405810100
0.0291989100
0.0157959200
0.0023144390
-0.0099894420
-0.0206961100
-0.0300356500
-0.0381603200
-0.0445507200
-0.0483438400
-0.0489071100
-0.0461841700
-0.0407520300
-0.0336297200
-0.0259247700
-0.0185121100
-0.0119119100
-0.0065262600
-0.0027538240
-0.0008307379
-0.0007038389
-0.0020396820
-0.0043405550
-0.0070956140
-0.0099029620
-0.0124500300
-0.0143488600
-0.0152350100
-0.0149523500
-0.0136034900
-0.0114835000
-0.0089606700
-0.0063611920
-0.0038993600
-0.0017307670
-0.0000700546
0.0008613702
0.0009497005
0.0003402617
-0.0004231715
-0.0005972198
0.0004619084
0.0031811500
0.0077001620
0.0138425300
0.0211905300
0.0292279600
0.0374876100
0.0456507600
0.0533627900
0.0591896400
0.0606008300
0.0556480600
0.0444258800
0.0289071100
0.0118800900
-0.0041560160
-0.0176607600
-0.0282040000
-0.0362640000
-0.0425951500
-0.0474028700
-0.0503137900
-0.0508392900
-0.0489026500
-0.0451182600
-0.0405476700
-0.0362595600
-0.0329858600
-0.0309796800
-0.0300662600
-0.0297797600
-0.0294000400
-0.0281068200
-0.0251839600
-0.0201464600
-0.0128855500
-0.0036926320
0.0068269290
0.0176025000
0.0270642900
0.0337371300
0.0368713000
0.0367065100
0.0342476900
0.0307925400
0.0274753100
0.0249902500
0.0236124600
0.0233874300
0.0242120300
0.0258725900
0.0281027500
0.0306433100
0.0331987200
0.0353088200
0.0364676000
0.0363398200
0.0347788700
0.0315932500
0.0265622900
0.0196178200
0.0109470600
0.0011281610
-0.0085351580
-0.0163301500
-0.0209388200
-0.0220624500
-0.0204243600
-0.0173192200
-0.0140675500
-0.0116078600
-0.0103239300
-0.0100945300
-0.0104874200
-0.0109935900
-0.0112171900
-0.0109679400
-0.0101553100
-0.0085479920
-0.0058221910
-0.0017559080
0.0036655900
0.0102648000
0.0177350300
0.0257164500
0.0336352300
0.0403646600
0.0445717600
0.0453412300
0.0425293800
0.0367397600
0.0290350700
0.0205605700
0.0122221500
0.0045205010
-0.0023308900
-0.0080863450
-0.0124621200
-0.0153030600
-0.0166844700
-0.0168929600
-0.0162169500
-0.0146439000
-0.0119181800
-0.0077925350
-0.0022155960
0.0046182070
0.0122161800
0.0192388000
0.0235009400
0.0229968800
0.0169523500
0.0061594710
-0.0071490600
-0.0196226200
-0.0280023800
-0.0303196100
-0.0263765000
-0.0174835200
-0.0057592770
0.0063798000
0.0163479400
0.0220276100
0.0224457600
0.0179527600
0.0099277460
0.0001968537
-0.0095909050
-0.0183835700
-0.0258491100
-0.0322384800
-0.0379197000
-0.0424311200
-0.0444094200
-0.0424278500
-0.0357532000
-0.0246316900
-0.0101232400
0.0063056050
0.0228363500
0.0369731800
0.0462238100
0.0491092500
0.0456033400
0.0368542200
0.0246150200
0.0106876300
-0.0032234190
-0.0151132600
-0.0230297800
-0.0258159700
-0.0234800300
-0.0170544900
-0.0081048090
0.0018847130
0.0119138100
0.0215595300
0.0308599800
0.0400926400
0.0495303800
0.0592291000
0.0683256600
0.0746630700
0.0758254000
0.0703318300
0.0581938900
0.0407647100
0.0201326600
-0.0015967110
-0.0228490300
-0.0427145200
-0.0607915300
-0.0770371800
-0.0908693000
-0.1002839000
-0.1028060000
-0.0968810400
-0.0826011200
-0.0615960100
-0.0363742500
-0.0094967600
0.0170858600
0.0423498000
0.0660916200
0.0877144300
0.1050113000
0.1151380000
0.1161888000
0.1080645000
0.0924116000
0.0719199900
0.0494126300
0.0270946200
0.0062160370
-0.0123209300
-0.0271276900
-0.0367564900
-0.0404665700
-0.0385809900
-0.0323482900
-0.0237048800
-0.0152244300
-0.0094511070
-0.0080326070
-0.0113070400
-0.0184425300
-0.0279378200
-0.0381521600
-0.0474083000
-0.0541492700
-0.0574381700
-0.0574257700
-0.0552998200
-0.0526829400
-0.0509786900
-0.0509626200
-0.0526433800
-0.0552855200
-0.0577670500
-0.0590032300
-0.0579050000
-0.0534741300
-0.0452069600
-0.0333406200
-0.0189899000
-0.0039325860
0.0100407500
0.0215594100
0.0298562400
0.0348889400
0.0372552800
0.0379319500
0.0380652300
0.0387853800
0.0409833300
0.0452747200
0.0517241400
0.0595919200
0.0676688700
0.0748206000
0.0803769200
0.0842526200
0.0866908400
0.0873599500
0.0851154200
0.0787319000
0.0676182300
0.0520952200
0.0333640500
0.0133667800
-0.0058055410
-0.0225072700
-0.0353884300
-0.0433744200
-0.0460696900
-0.0439543000
-0.0382142400
-0.0303768900
-0.0223158400
-0.0163428700
-0.0145007800
-0.0178152100
-0.0260491200
-0.0376897600
-0.0497277300
-0.0585209900
-0.0612900100
-0.0571257100
-0.0470623600
-0.0334259200
-0.0190991300
-0.0067457430
0.0019438750
0.0066073840
0.0082987160
0.0091846340
0.0114671700
0.0164331900
0.0240032900
0.0329639300
0.0416953400
0.0488802800
0.0540522700
0.0578836900
0.0617467400
0.0664361400
0.0707235300
0.0719091200
0.0673985800
0.0558959400
0.0378017800
0.0151517300
-0.0089374430
-0.0314190000
-0.0502525500
-0.0643070300
-0.0728597600
-0.0757345400
-0.0734844200
-0.0672932300
-0.0588556900
-0.0504462800
-0.0443655600
-0.0421479400
-0.0441520000
-0.0496326000
-0.0571824000
-0.0653088600
-0.0728791100
-0.0792542100
-0.0842512000
-0.0880536500
-0.0909715900
-0.0930687500
-0.0941380200
-0.0939071400
-0.0918042500
-0.0863318200
-0.0756162700
-0.0584427300
-0.0348381300
-0.0060179440
0.0261070100
0.0594624400
0.0910556100
0.1160797000
0.1296760000
0.1291392000
0.1148655000
0.0899011800
0.0586371100
0.0253925200
-0.0063328480
-0.0341199600
-0.0562338400
-0.0709276600
-0.0769606700
-0.0742953900
-0.0642251600
-0.0489531300
-0.0309156700
-0.0121581900
0.0059754750
0.0221943200
0.0344325700
0.0405394300
0.0393275800
0.0310590300
0.0172571800
0.0000201865
-0.0190346100
-0.0391445800
-0.0594616800
-0.0785792300
-0.0950152100
-0.1074488000
-0.1148335000
-0.1167932000
-0.1138131000
-0.1070688000
-0.0980436100
-0.0881253400
-0.0783691000
-0.0694221100
-0.0614885000
-0.0541359000
-0.0461130900
-0.0358931200
-0.0223958700
-0.0053786620
0.0145872000
0.0364349800
0.0590860200
0.0816865500
0.1028622000
0.1204616000
0.1325082000
0.1381090000
0.1377292000
0.1327411000
0.1246719000
0.1147853000
0.1039447000
0.0926413700
0.0813054700
0.0706318100
0.0613911500
0.0540965600
0.0487794700
0.0448977000
0.0415475900
0.0378430600
0.0332852100
0.0280009100
0.0225794300
0.0177087500
0.0138703600
0.0111812100
0.0093561560
0.0078491650
0.0060982830
0.0037236710
0.0006751013
-0.0025728210
-0.0051657390
-0.0062964860
-0.0055567960
-0.0031141890
0.0003501498
0.0038417180
0.0063958690
0.0074082910
0.0067680700
0.0047030910
0.0014756620
-0.0027169150
-0.0077167320
-0.0133715700
-0.0195185700
-0.0259795500
-0.0325821000
-0.0391900300
-0.0456848200
-0.0516814800
-0.0564034300
-0.0590454600
-0.0590518100
-0.0561708800
-0.0505307200
-0.0426277900
-0.0332106100
-0.0232181300
-0.0137337300
-0.0057797760
0.0000038431
0.0035321560
0.0052189540
0.0057791750
0.0060738610
0.0069268350
0.0088881420
0.0120161200
0.0154606900
0.0176180300
0.0169328000
0.0126711400
0.0052819490
-0.0039233600
-0.0133642500
-0.0215656700
-0.0274577100
-0.0306367900
-0.0313688700
-0.0301825000
-0.0273760100
-0.0230202900
-0.0172820300
-0.0106023600
-0.0035718390
0.0032737630
0.0095044600
0.0145798200
0.0179053800
0.0191100500
0.0182150400
0.0156174400
0.0120384900
0.0085481520
0.0062590970
0.0058414330
0.0072940000
0.0100798400
0.0134320000
0.0166549600
0.0193174300
0.0212618400
0.0223869600
0.0225541400
0.0216744900
0.0197890200
0.0171467200
0.0143971400
0.0124658100
0.0121498600
0.0138126400
0.0172558400
0.0217542600
0.0263586100
0.0302862200
0.0332767700
0.0356465000
0.0378095100
0.0396819200
0.0407375500
0.0403896000
0.0382654400
0.0341931000
0.0282820700
0.0210630000
0.0133215800
0.0058326790
-0.0005785303
-0.0049374590
-0.0065071220
-0.0052728190
-0.0019853220
0.0022162220
0.0062550600
0.0094314380
0.0115290400
0.0127403100
0.0135363800
0.0145524600
0.0163683200
0.0193047000
0.0233545900
0.0282458500
0.0335098900
0.0383863100
0.0419745400
0.0436080700
0.0430948300
0.0406981900
0.0369505900
0.0324544700
0.0277210300
0.0230486400
0.0183734000
0.0133154900
0.0074340510
0.0004574008
-0.0075611000
-0.0161230700
-0.0244539900
-0.0318113900
-0.0375361500
-0.0410906800
-0.0422405000
-0.0410050900
-0.0374913700
-0.0319112500
-0.0246614100
-0.0164387900
-0.0081251490
-0.0004887861
0.0060397870
0.0114157600
0.0157100300
0.0187162100
0.0200440700
0.0194177400
0.0168943400
0.0129052200
0.0080969630
0.0031085920
-0.0016054450
-0.0058816040
-0.0098375620
-0.0137416000
-0.0178622700
-0.0223556900
-0.0271516800
-0.0319232300
-0.0361316500
-0.0389574600
-0.0395589200
-0.0374528800
-0.0326468100
-0.0255699400
-0.0169126600
-0.0074205610
0.0022824740
0.0115843800
0.0194366500
0.0245709900
0.0261001700
0.0238877500
0.0185421800
0.0111359700
0.0028274850
-0.0054589860
-0.0132036600
-0.0202287100
-0.0261937900
-0.0303607700
-0.0319819000
-0.0307936100
-0.0272513200
-0.0223163400
-0.0170532700
-0.0122859900
-0.0084476380
-0.0056560920
-0.0038160000
-0.0026960880
-0.0020135550
-0.0015131740
-0.0010200290
-0.0004393756
0.0003354912
0.0014564120
0.0030537190
0.0051728810
0.0076814040
0.0100833100
0.0116486400
0.0117604800
0.0101623700
0.0070182050
0.0029910020
-0.0007045710
-0.0027514010
-0.0022694080
0.0009179451
0.0063385610
0.0131399400
0.0204104500
0.0272485000
0.0325765400
0.0353945500
0.0351840900
0.0320768200
0.0267420700
0.0200694600
0.0128038300
0.0053787140
-0.0020672610
-0.0095807510
-0.0171832400
-0.0246930300
-0.0317704000
-0.0379196400
-0.0425761000
-0.0453607200
-0.0462478800
-0.0455156800
-0.0434470100
-0.0401805500
-0.0358035900
-0.0305798800
-0.0250437200
-0.0198088100
-0.0153226900
-0.0117040800
-0.0087586430
-0.0061251280
-0.0034413750
-0.0004633796
0.0028409700
0.0061802460
0.0090519200
0.0110007900
0.0118093100
0.0115484000
0.0105096100
0.0090776710
0.0076524180
0.0067004610
0.0066747470
0.0078437150
0.0102048200
0.0135159000
0.0174055900
0.0215015300
0.0255260200
0.0292470000
0.0322706000
0.0341129100
0.0344391300
0.0331955100
0.0304016800
0.0258531400
0.0193533000
0.0112364500
0.0023982050
-0.0061094520
-0.0134871600
-0.0193684400
-0.0236159300
-0.0261306300
-0.0269136100
-0.0261417000
-0.0241563700
-0.0213868200
-0.0183422600
-0.0156858200
-0.0140695200
-0.0138931100
-0.0151906500
-0.0176691300
-0.0207133100
-0.0233289500
-0.0244601800
-0.0234143600
-0.0200757200
-0.0148569900
-0.0084801980
-0.0018303090
0.0039937750
0.0079414680
0.0093996630
0.0083681000
0.0053728590
0.0012155840
-0.0032986780
-0.0074324120
-0.0104782300
-0.0119277600
-0.0116341900
-0.0098228470
-0.0069676580
-0.0036107580
-0.0002030440
0.0029639030
0.0056892490
0.0078303710
0.0093382510
0.0102721800
0.0107743700
0.0110298200
0.0112692200
0.0117448500
0.0126476000
0.0140462100
0.0157959400
0.0173383700
0.0178550200
0.0166671600
0.0135707900
0.0089398840
0.0035153570
-0.0019191550
-0.0067961290
-0.0108819100
-0.0142358600
-0.0169577900
-0.0189900400
-0.0201888600
-0.0204603500
-0.0198405800
-0.0184974400
-0.0166783200
-0.0146749800
-0.0128626500
-0.0116287500
-0.0112302200
-0.0116955100
-0.0127543000
-0.0139180400
-0.0146951800
-0.0147708100
-0.0140781100
-0.0127644600
-0.0110891000
-0.0092332870
-0.0071497920
-0.0047047470
-0.0019230400
0.0009916425
0.0037735670
0.0062267300
0.0084255220
0.0108038400
0.0139271100
0.0182124400
0.0237433700
0.0302041400
0.0370274100
0.0435805400
0.0490749100
0.0526479100
0.0537195100
0.0522249200
0.0485805900
0.0433722600
0.0370749700
0.0299985600
0.0223308800
0.0142725700
0.0062144600
-0.0012669950
-0.0075403400
-0.0121612700
-0.0150383800
-0.0164343300
-0.0168414800
-0.0168561300
-0.0171093100
-0.0181135900
-0.0201207400
-0.0230875800
-0.0266462300
-0.0300095800
-0.0322269400
-0.0325963200
-0.0308900400
-0.0272895300
-0.0222227900
-0.0162160400
-0.0097543380
-0.0031381630
0.0034462620
0.0097142220
0.0153375300
0.0200923700
0.0239435600
0.0270241800
0.0294305000
0.0310453800
0.0316496100
0.0311027900
0.0294453900
0.0268963100
0.0237816200
0.0205046700
0.0175506700
0.0153505000
0.0141321800
0.0138455000
0.0141003700
0.0142768600
0.0137910100
0.0123061500
0.0098018490
0.0065174570
0.0028822760
-0.0005229612
-0.0031470130
-0.0046664070
-0.0050658070
-0.0045894540
-0.0036481370
-0.0027926700
-0.0025890310
-0.0034185160
-0.0053689880
-0.0082551490
-0.0117286200
-0.0154150500
-0.0190252900
-0.0223906400
-0.0253098700
-0.0274461700
-0.0284759600
-0.0282553100
-0.0268798400
-0.0246373600
-0.0219006100
-0.0190468000
-0.0165315500
-0.0148582300
-0.0143891300
-0.0152136700
-0.0171453800
-0.0198195800
-0.0228010500
-0.0254881700
-0.0270945400
-0.0269497200
-0.0247624900
-0.0206459500
-0.0149941400
-0.0083347520
-0.0011828920
0.0060696290
0.0132056000
0.0201634200
0.0267791600
0.0323863000
0.0360359000
0.0370048800
0.0351216200
0.0307948000
0.0248174800
0.0180837000
0.0114612200
0.0059147850
0.0023270300
0.0011749370
0.0023878100
0.0054027120
0.0093037920
0.0131113200
0.0160965900
0.0179368200
0.0186413800
0.0184125900
0.0175421200
0.0163236500
0.0149802500
0.0135960200
0.0121129200
0.0104093400
0.0083850110
0.0060114290
0.0033386730
0.0004666450
-0.0025284040
-0.0056505230
-0.0089567970
-0.0125041000
-0.0163115900
-0.0203328600
-0.0243392400
-0.0278921300
-0.0305414600
-0.0319439400
-0.0317671100
-0.0297543400
-0.0258769000
-0.0203901800
-0.0138755100
-0.0072457480
-0.0014472100
0.0028826950
0.0055795300
0.0069113740
0.0074224240
0.0077514910
0.0084334820
0.0097612870
0.0117575800
0.0141934800
0.0165370100
0.0180972700
0.0183273800
0.0170281200
0.0143765200
0.0108777800
0.0072742670
0.0042892900
0.0023805320
0.0016373320
0.0017996220
0.0023507750
0.0027221120
0.0024979530
0.0015209310
-0.0000995035
-0.0020464220
-0.0039380150
-0.0054755710
-0.0065368070
-0.0072026510
-0.0076900590
-0.0082407580
-0.0090295520
-0.0101214600
-0.0114780400
-0.0129956900
-0.0145729300
-0.0162113600
-0.0180249300
-0.0201565800
-0.0226566800
-0.0252565300
-0.0273790900
-0.0284288200
-0.0279832900
-0.0258039900
-0.0218857000
-0.0164890300
-0.0102284000
-0.0040479320
0.0011215260
0.0047006320
0.0066007010
0.0071743120
0.0070508850
0.0068934300
0.0071660030
0.0079190730
0.0087860930
0.0092353030
0.0088392690
0.0074301490
0.0051123630
0.0021637180
-0.0010914380
-0.0043816340
-0.0075440340
-0.0105302100
-0.0132828000
-0.0154860100
-0.0166418500
-0.0163452900
-0.0144803700
-0.0112975300
-0.0073576480
-0.0033154110
0.0003072371
0.0032503310
0.0055255850
0.0073304130
0.0088524720
0.0100922000
0.0109054900
0.0111351500
0.0107120700
0.0096921180
0.0082535870
0.0066545840
0.0051452640
0.0038923360
0.0029541620
0.0023234340
0.0019687000
0.0018441610
0.0018941750
0.0020611280
0.0022933790
0.0025377760
0.0027293270
0.0028083380
0.0027419580
0.0025325510
0.0022114720
0.0018189270
0.0013457540
0.0007056406
-0.0002110006
-0.0014737200
-0.0030807750
-0.0049640880
-0.0070181350
-0.0091295260
-0.0111326800
-0.0127576200
-0.0137300600
-0.0138875200
-0.0132020300
-0.0117614300
-0.0097402170
-0.0073513660
-0.0047938400
-0.0022134170
0.0003134655
0.0027730530
0.0051885380
0.0075115620
0.0094669060
0.0106527300
0.0107563500
0.0096937580
0.0076263860
0.0049141180
0.0020378730
-0.0005538747
-0.0025808320
-0.0039799370
-0.0048414920
-0.0052875830
-0.0054195150
-0.0053118330
-0.0050055310
-0.0045062060
-0.0038066440
-0.0029109960
-0.0018458120
-0.0006572056
0.0005960989
0.0018094760
0.0028129020
0.0034392760
0.0035983810
0.0033061680
0.0026690840
0.0018651870
0.0011185870
0.0006270530
0.0004980993
0.0007299786
0.0012344720
0.0018833840
0.0025552540
0.0031520650
0.0035555460
0.0036310280
0.0032857740
0.0025090410
0.0013717270
-0.0000043788
-0.0014885560
-0.0029756810
-0.0043816340
-0.0055934220
-0.0064864270
-0.0069791740
-0.0070250050
-0.0065549960
-0.0055057670
-0.0038736040
-0.0017348960
0.0007510954
0.0032826020
0.0054582510
0.0069396590
0.0075767520
0.0074798670
0.0070609110
0.0068792780
0.0074033270
0.0088539290
0.0111393700
0.0137547200
0.0159078100
0.0168744300
0.0162770200
0.0141728800
0.0110210800
0.0075352020
0.0044111460
0.0021000460
0.0007191416
0.0000976767
-0.0000952570
-0.0002069538
-0.0005145121
-0.0012247650
-0.0024550610
-0.0042084900
-0.0063782660
-0.0086896910
-0.0106615400
-0.0117921500
-0.0117734100
-0.0105873000
-0.0084710040
-0.0058107580
-0.0030661390
-0.0006776326
0.0010618050
0.0020742770
0.0024773610
0.0025039100
0.0024051390
0.0023735840
0.0025269920
0.0029853710
0.0038866580
0.0053065700
0.0071129170
0.0089475580
0.0103974200
0.0111713100
0.0111875100
0.0105624600
0.0095338790
0.0083630310
0.0072633970
0.0064268180
0.0060496730
0.0062698700
0.0071112190
0.0084802750
0.0102026500
0.0120185500
0.0135766400
0.0145513500
0.0147659200
0.0142369200
0.0131444700
0.0117780400
0.0104494000
0.0093927530
0.0087089970
0.0083678340
0.0082520210
0.0082153480
0.0080877320
0.0076283900
0.0065933220
0.0048423980
0.0023902220
-0.0006125222
-0.0039260110
-0.0072733400
-0.0104208300
-0.0132405500
-0.0157243100
-0.0179096600
-0.0197037500
-0.0208830700
-0.0212397800
-0.0207005000
-0.0193601400
-0.0174402400
-0.0152107600
-0.0129100800
-0.0106672600
-0.0084451180
-0.0060924900
-0.0034492480
-0.0004659177
0.0026809880
0.0056558730
0.0081349540
0.0099377290
0.0110708200
0.0117112100
0.0121889800
0.0128916800
0.0141185400
0.0159911300
0.0184448300
0.0212140900
0.0237619700
0.0254493900
0.0258141700
0.0247338100
0.0224227400
0.0193081900
0.0158598200
0.0124487200
0.0092764690
0.0063749330
0.0036565620
0.0009873279
-0.0017301580
-0.0045055900
-0.0072798440
-0.0099715360
-0.0125185200
-0.0149002200
-0.0171385000
-0.0192835000
-0.0213929200
-0.0235047000
-0.0255558000
-0.0273528500
-0.0286719100
-0.0293228200
-0.0291570800
-0.0281207200
-0.0262894700
-0.0238501100
-0.0210422100
-0.0180780200
-0.0150209000
-0.0117527900
-0.0080833450
-0.0038717600
0.0008905610
0.0059896670
0.0110177700
0.0155530600
0.0192802900
0.0219860500
0.0235932600
0.0241940700
0.0240221900
0.0233723400
0.0224695600
0.0213879400
0.0200907700
0.0185093500
0.0166053800
0.0143919500
0.0118994500
0.0091509080
0.0061713420
0.0030080300
-0.0002406639
-0.0034434800
-0.0064526960
-0.0090685220
-0.0110902500
-0.0124096600
-0.0130558800
-0.0131770900
-0.0129824200
-0.0126814900
-0.0124794000
-0.0125732500
-0.0130821200
-0.0139256200
-0.0148132200
-0.0153939200
-0.0154122700
-0.0147822700
-0.0135451200
-0.0117992300
-0.0096680090
-0.0072788810
-0.0047432700
-0.0021426180
0.0004760220
0.0030955190
0.0057181260
0.0083538730
0.0110089900
0.0136088800
0.0158440200
0.0172641400
0.0175132600
0.0164865300
0.0143504000
0.0114574400
0.0082555770
0.0052569370
0.0029154700
0.0014834500
0.0009596585
0.0011363960
0.0017051770
0.0023685000
0.0029119420
0.0031989170
0.0031562700
0.0027802990
0.0021422030
0.0013839240
0.0006688030
0.0001212977
-0.0002065489
-0.0003350301
-0.0003324232
-0.0002813895
-0.0002499145
-0.0002755223
-0.0003828389
-0.0006606058
-0.0012613450
-0.0023194510
-0.0038844400
-0.0059040490
-0.0082268680
-0.0105178500
-0.0122812700
-0.0130732600
-0.0126815100
-0.0111783200
-0.0088558150
-0.0060992430
-0.0032607110
-0.0005737080
0.0018651600
0.0040074420
0.0057740180
0.0070870980
0.0079218380
0.0083261800
0.0084066610
0.0082944530
0.0081098120
0.0079343340
0.0077667130
0.0074967550
0.0069699590
0.0060715550
0.0047744120
0.0031401020
0.0012868880
-0.0006446515
-0.0024716600
-0.0039796930
-0.0050036890
-0.0054898590
-0.0055033500
-0.0051909360
-0.0047333480
-0.0043258440
-0.0041410460
-0.0042788980
-0.0047462970
-0.0054725910
-0.0063475290
-0.0072624730
-0.0081391280
-0.0089169220
-0.0095173630
-0.0098635550
-0.0099171710
-0.0096947540
-0.0092592010
-0.0086968400
-0.0081118310
-0.0076407310
-0.0074165410
-0.0075174930
-0.0079434980
-0.0086268480
-0.0094640170
-0.0103475500
-0.0111478900
-0.0116968800
-0.0118473200
-0.0115342800
-0.0107934000
-0.0097374790
-0.0085218010
-0.0073582250
-0.0064953950
-0.0061272360
-0.0063239340
-0.0070235480
-0.0080721380
-0.0092864000
-0.0105105900
-0.0116486300
-0.0126257700
-0.0133004900
-0.0134981100
-0.0131023300
-0.0121094000
-0.0106259100
-0.0088270110
-0.0068981300
-0.0049848860
-0.0031678860
-0.0014754260
0.0000856217
0.0015206200
0.0028463140
0.0040879110
0.0052736690
0.0064299140
0.0075948610
0.0088393630
0.0102430600
0.0118577800
0.0136880900
0.0156941900
0.0178009200
0.0199000900
0.0218808800
0.0236562800
0.0251556200
0.0263363700
0.0272028500
0.0278076900
0.0282343000
0.0285637800
0.0288258000
0.0289916900
0.0290111000
0.0288494500
0.0285067600
0.0280174000
0.0274362300
0.0268185700
0.0261703600
0.0253966300
0.0243511000
0.0229193300
0.0210700400
0.0188687600
0.0165064500
0.0142787900
0.0124665700
0.0112290400
0.0105658500
0.0103452300
0.0103671300
0.0104156000
0.0103065700
0.0099338130
0.0092843300
0.0084202180
0.0074410910
0.0064439840
0.0054943820
0.0045964150
0.0036662040
0.0025766750
0.0012641450
-0.0001922688
-0.0016166880
-0.0028307290
-0.0037180820
-0.0042387030
-0.0044244790
-0.0043603080
-0.0041533790
-0.0039015340
-0.0036715830
-0.0034921720
-0.0033593010
-0.0032498440
-0.0031367560
-0.0030100920
-0.0029159950
-0.0029488670
-0.0031999700
-0.0037150870
-0.0044867040
-0.0054714900
-0.0066082210
-0.0078332620
-0.0090939020
-0.0103556100
-0.0116025400
-0.0128338600
-0.0140554600
-0.0152409000
-0.0162856200
-0.0170509400
-0.0174372100
-0.0174263300
-0.0170820400
-0.0165197000
-0.0158640300
-0.0151916800
-0.0144645400
-0.0135571800
-0.0123409600
-0.0107514200
-0.0088269640
-0.0067023810
-0.0045551770
-0.0025945280
-0.0010552900
-0.0001158914
0.0001712158
-0.0001108835
-0.0007861876
-0.0016512770
-0.0025350770
-0.0033340660
-0.0040197530
-0.0046348890
-0.0052733690
-0.0060328190
-0.0069735330
-0.0081017920
-0.0093769930
-0.0107286700
-0.0120301900
-0.0130854700
-0.0137078400
-0.0138016500
-0.0134012300
-0.0126803500
-0.0118932200
-0.0112739200
-0.0109621600
-0.0109798600
-0.0112535800
-0.0116616700
-0.0120838400
-0.0124120400
-0.0125120400
-0.0122483500
-0.0115436100
-0.0104085500
-0.0089319300
-0.0072443000
-0.0054815600
-0.0037798160
-0.0022602700
-0.0009948736
0.0000108802
0.0008085989
0.0014806020
0.0021019920
0.0026595950
0.0030195560
0.0030103770
0.0025181640
0.0015348020
0.0001522136
-0.0014792480
-0.0032031960
-0.0048997360
-0.0065064980
-0.0080167150
-0.0094281470
-0.0106042200
-0.0112768600
-0.0111955100
-0.0102516200
-0.0085166130
-0.0062009530
-0.0035724340
-0.0008737829
0.0017331120
0.0041830010
0.0064358040
0.0083222190
0.0095760720
0.0099840850
0.0094911270
0.0082168890
0.0064025950
0.0043513010
0.0023911480
0.0007941168
-0.0002998984
-0.0009020420
-0.0011385400
-0.0011860680
-0.0012077500
-0.0013162270
-0.0015861180
-0.0020652840
-0.0027656400
-0.0036608010
-0.0046972040
-0.0058125260
-0.0069529460
-0.0080837890
-0.0091917690
-0.0102760900
-0.0113089400
-0.0122153300
-0.0129110500
-0.0133465700
-0.0135270400
-0.0135061800
-0.0133635800
-0.0131783000
-0.0130089100
-0.0128828400
-0.0127501300
-0.0123901200
-0.0114848800
-0.0097837690
-0.0072122100
-0.0039149130
-0.0002780228
0.0031956180
0.0060867170
0.0081926100
0.0095537810
0.0104203000
0.0111737600
0.0121826700
0.0136772700
0.0156526800
0.0178151900
0.0197215000
0.0209900300
0.0214408200
0.0211248700
0.0202632400
0.0191444600
0.0180252100
0.0170663500
0.0163158400
0.0157312300
0.0152322200
0.0147602300
0.0142984700
0.0138611100
0.0134735100
0.0131553100
0.0129111600
0.0127300500
0.0125902700
0.0124652100
0.0122891600
0.0119103700
0.0111493900
0.0098880530
0.0081178500
0.0059630150
0.0037184260
0.0017638830
0.0004055149
-0.0002288311
-0.0002041923
0.0002786816
0.0009719673
0.0016622310
0.0022112650
0.0025250030
0.0025331370
0.0022086140
0.0015790000
0.0007160601
-0.0002885862
-0.0013498970
-0.0024066890
-0.0034026240
-0.0042403140
-0.0048053780
-0.0050194120
-0.0048632280
-0.0043758730
-0.0036396880
-0.0027546890
-0.0018121420
-0.0008759585
0.0000237592
0.0008803143
0.0016566540
0.0022558240
0.0025697980
0.0025363500
0.0021646300
0.0015268060
0.0007283402
-0.0001265688
-0.0009612613
-0.0017381200
-0.0024555890
-0.0031314330
-0.0037781150
-0.0043949190
-0.0049740300
-0.0055089140
-0.0059990250
-0.0064508710
-0.0068759920
-0.0072874050
-0.0076964830
-0.0081269110
-0.0086700730
-0.0094743290
-0.0106685300
-0.0122728300
-0.0140477200
-0.0155210100
-0.0162186400
-0.0158661500
-0.0144691300
-0.0122873100
-0.0097226950
-0.0071689940
-0.0048952920
-0.0030000650
-0.0014313020
-0.0000484272
0.0013059350
0.0027502080
0.0043363610
0.0060280420
0.0076571310
0.0089792540
0.0097931060
0.0100219500
0.0097271980
0.0090577920
0.0081718140
0.0071904670
0.0061839950
0.0051765280
0.0041546850
0.0030671850
0.0018474860
0.0004484814
-0.0011224790
-0.0027365480
-0.0041598970
-0.0051663480
-0.0056333850
-0.0055753540
-0.0051181630
-0.0044409940
-0.0037142650
-0.0030557970
-0.0025142880
-0.0020781360
-0.0016996980
-0.0013233280
-0.0009071569
-0.0004336741
0.0000862888
0.0005859194
0.0009396728
0.0010222880
0.0007659763
0.0001821900
-0.0006504660
-0.0015951930
-0.0024623260
-0.0030711110
-0.0033155730
-0.0031914030
-0.0027952080
-0.0023080220
-0.0019291220
-0.0018025450
-0.0019786070
-0.0024178950
-0.0030243630
-0.0036883950
-0.0043180250
-0.0048116570
-0.0050302630
-0.0048488440
-0.0042143500
-0.0031646410
-0.0018080270
-0.0002817678
0.0012904750
0.0028263180
0.0042928890
0.0056983730
0.0070738340
0.0084337500
0.0096922830
0.0106714600
0.0112001100
0.0111965400
0.0106957900
0.0098278480
0.0087837690
0.0077690840
0.0069418830
0.0063739980
0.0060493640
0.0058907290
0.0057935070
0.0056575900
0.0054159710
0.0050480620
0.0045744600
0.0040396950
0.0034918260
0.0029666700
0.0024802390
0.0020298460
0.0016007160
0.0011745910
0.0007370055
0.0002811340
-0.0001920294
-0.0006760706
-0.0011621670
-0.0016204780
-0.0019556860
-0.0020348860
-0.0017563120
-0.0010940180
-0.0001020321
0.0011124410
0.0024283770
0.0037460470
0.0050069720
0.0061963620
0.0073316370
0.0084404100
0.0095422230
0.0106435900
0.0117412700
0.0128274100
0.0138858000
0.0148801500
0.0157673800
0.0165195800
0.0171369000
0.0176447500
0.0180840400
0.0184972900
0.0189163200
0.0193578500
0.0198236200
0.0203009400
0.0207241200
0.0209521500
0.0208339600
0.0202820200
0.0192869100
0.0178448000
0.0159298400
0.0135329100
0.0107028900
0.0076011400
0.0044893310
0.0016267370
-0.0008232388
-0.0028304190
-0.0044754930
-0.0058656140
-0.0070630560
-0.0080849050
-0.0089301330
-0.0096005050
-0.0100846500
-0.0103399200
-0.0103222700
-0.0100200400
-0.0094606020
-0.0086789080
-0.0077001470
-0.0065470930
-0.0052480860
-0.0038385250
-0.0023567670
-0.0008376008
0.0006927678
0.0022111990
0.0036180940
0.0046852680
0.0051612840
0.0048972170
0.0039046390
0.0023509950
0.0005221196
-0.0012716650
-0.0027975290
-0.0039473220
-0.0047185430
-0.0051800100
-0.0054372480
-0.0055976770
-0.0057438810
-0.0059206370
-0.0061365630
-0.0063758490
-0.0066135040
-0.0068284220
-0.0070108210
-0.0071632670
-0.0072970590
-0.0074262240
-0.0075616820
-0.0076992690
-0.0078107420
-0.0078582350
-0.0078138990
-0.0076712660
-0.0074453770
-0.0071649680
-0.0068617860
-0.0065614990
-0.0062784450
-0.0060154190
-0.0057667070
-0.0055291940
-0.0053414980
-0.0052929680
-0.0054763470
-0.0059416390
-0.0066774780
-0.0076208750
-0.0086785230
-0.0097452940
-0.0107314300
-0.0115865200
-0.0123061500
-0.0129096000
-0.0133863900
-0.0136905100
-0.0137759900
-0.0136275700
-0.0132704000
-0.0127606400
-0.0121667900
-0.0115465600
-0.0109259800
-0.0103001700
-0.0096486500
-0.0089514730
-0.0081995280
-0.0073971880
-0.0065592500
-0.0057046780
-0.0048503060
-0.0040068290
-0.0031776170
-0.0023625120
-0.0015855010
-0.0009133654
-0.0004232442
-0.0001624360
-0.0001293382
-0.0002787322
-0.0005565987
-0.0009426399
-0.0014479700
-0.0020874220
-0.0028431690
-0.0036543740
-0.0044436490
-0.0051484270
-0.0057396560
-0.0062237940
-0.0066326490
-0.0070072560
-0.0073837960
-0.0077844830
-0.0082147810
-0.0086581090
-0.0090675460
-0.0093844800
-0.0095667430
-0.0096046710
-0.0095189050
-0.0092978840
-0.0087999220
-0.0078106850
-0.0062240780
-0.0041931370
-0.0020598460
-0.0001843910
0.0011930820
0.0020106960
0.0023652300
0.0024447110
0.0024504400
0.0025465850
0.0028412530
0.0033733950
0.0041165650
0.0050016030
0.0059472220
0.0068865110
0.0077819490
0.0086269610
0.0094375360
0.0102389600
0.0110520200
0.0118477000
0.0124970200
0.0128277600
0.0127142300
0.0121297000
0.0111473900
0.0099040850
0.0085500540
0.0072062620
0.0059406720
0.0047707950
0.0037076620
0.0027895260
0.0020620190
0.0015489080
0.0012381360
0.0010858290
0.0010315510
0.0010114370
0.0009583100
0.0008131060
0.0005425220
0.0001463436
-0.0003482798
-0.0009003275
-0.0014696230
-0.0020275280
-0.0025599680
-0.0030531650
-0.0034803760
-0.0038128250
-0.0040288210
-0.0040841180
-0.0039025720
-0.0034179160
-0.0026115590
-0.0015225610
-0.0002322196
0.0011600440
0.0025370820
0.0037706690
0.0047629080
0.0054781680
0.0059467370
0.0062442590
0.0064607100
0.0066724040
0.0069252180
0.0072319100
0.0075795630
0.0079410820
0.0082685500
0.0084896250
0.0085365370
0.0083524700
0.0078637800
0.0070020400
0.0057447330
0.0041326470
0.0022569060
0.0002305393
-0.0018130630
-0.0036775940
-0.0051493120
-0.0060871480
-0.0064727290
-0.0064032150
-0.0060441440
-0.0055703010
-0.0051187600
-0.0047641970
-0.0045186360
-0.0043495490
-0.0042057460
-0.0040411640
-0.0038250080
-0.0035132350
-0.0030306030
-0.0023053200
-0.0013061240
-0.0000550596
0.0013816430
0.0028790910
0.0042303460
0.0052178500
0.0057050560
0.0056798860
0.0052418020
0.0045524780
0.0037772280
0.0030395330
0.0024002260
0.0018610980
0.0013947420
0.0009906979
0.0006651664
0.0004427957
0.0003379433
0.0003456403
0.0004429185
0.0005967651
0.0007739855
0.0009484791
0.0010965760
0.0011890240
0.0011994840
0.0011161080
0.0009456937
0.0007099277
0.0004381733
0.0001731733
-0.0000218281
-0.0000853977
0.0000161846
0.0002784053
0.0006647725
0.0011229770
0.0016024880
0.0020674760
0.0024993420
0.0028802450
0.0031838890
0.0033871940
0.0034826480
0.0034818580
0.0034108380
0.0033009590
0.0031800650
0.0030667000
0.0029683420
0.0028836340
0.0028164380
0.0028078920
0.0029284760
0.0032395170
0.0037640730
0.0044802720
0.0053331000
0.0062552060
0.0071743710
0.0079993530
0.0086394260
0.0090402790
0.0092020090
0.0091729120
0.0090214860
0.0087780820
0.0084093960
0.0078547640
0.0070707090
0.0060556810
0.0048507260
0.0035231450
0.0021474330
0.0008184490
-0.0003386605
-0.0012132380
-0.0017546670
-0.0019862520
-0.0019885760
-0.0018666070
-0.0017161730
-0.0016090530
-0.0016063570
-0.0017567530
-0.0020809600
-0.0025657200
-0.0031633540
-0.0037860490
-0.0043296550
-0.0047143210
-0.0049096830
-0.0049362820
-0.0048488410
-0.0047123930
-0.0045811270
-0.0044866250
-0.0044446660
-0.0044857490
-0.0046555090
-0.0049898650
-0.0054962870
-0.0061508030
-0.0069080470
-0.0077124870
-0.0084880560
-0.0091423020
-0.0096013750
-0.0098375950
-0.0098742020
-0.0097702570
-0.0095971340
-0.0094165360
-0.0092664630
-0.0091586940
-0.0090843700
-0.0090242150
-0.0089586890
-0.0088749640
-0.0087696570
-0.0086474360
-0.0085171780
-0.0083880200
-0.0082662220
-0.0081539650
-0.0080492350
-0.0079360400
-0.0077681940
-0.0074858490
-0.0070456690
-0.0064390910
-0.0056954470
-0.0048919270
-0.0041449140
-0.0035634600
-0.0032083020
-0.0030775370
-0.0031184530
-0.0032536600
-0.0034090550
-0.0035331070
-0.0035953900
-0.0035635250
-0.0034040900
-0.0030993380
-0.0026681970
-0.0021786800
-0.0017211270
-0.0013702690
-0.0011611120
-0.0010854050
-0.0011038390
-0.0011652790
-0.0012238090
-0.0012379100
-0.0011621490
-0.0009598998
-0.0006183876
-0.0001523451
0.0004029386
0.0009984496
0.0015733650
0.0020716140
0.0024607740
0.0027392150
0.0029310490
0.0030734130
0.0032027430
0.0033477820
0.0035421730
0.0038287630
0.0042421400
0.0047929050
0.0054647690
0.0062222160
0.0070234410
0.0078326820
0.0086274460
0.0094000980
0.0101547500
0.0109016100
0.0116512900
0.0124106600
0.0131719700
0.0138584800
0.0143170300
0.0143954800
0.0140161000
0.0132020800
0.0120592500
0.0107337100
0.0093877440
0.0081867730
0.0072552740
0.0066407990
0.0063108080
0.0061777690
0.0061364250
0.0060975150
0.0060077960
0.0058534700
0.0056507280
0.0054299850
0.0052206720
0.0050409540
0.0048945470
0.0047731760
0.0046627250
0.0045493300
0.0044224300
0.0042699430
0.0040773860
0.0038346230
0.0035404550
0.0032024580
0.0028195540
0.0023597180
0.0017754540
0.0010324510
0.0001268363
-0.0009140902
-0.0020328640
-0.0031286570
-0.0040823840
-0.0048056410
-0.0052708660
-0.0055121710
-0.0056041140
-0.0056318300
-0.0056687110
-0.0057890410
-0.0060769760
-0.0065974050
-0.0073671980
-0.0083113990
-0.0092288720
-0.0098722820
-0.0100586300
-0.0097315550
-0.0089615640
-0.0079009460
-0.0067219350
-0.0055678200
-0.0045512270
-0.0037623450
-0.0032485640
-0.0030013050
-0.0029641930
-0.0030562710
-0.0031943160
-0.0032893350
-0.0032507600
-0.0030153980
-0.0025676060
-0.0019389160
-0.0012010230
-0.0004589737
0.0001821017
0.0006539192
0.0009420931
0.0010799010
0.0011277210
0.0011488220
0.0012061380
0.0014071200
0.0018941070
0.0027773850
0.0040855010
0.0057274460
0.0074700110
0.0090220280
0.0101557400
0.0107796400
0.0109439000
0.0107944300
0.0104951600
0.0101618100
0.0098435930
0.0095367800
0.0092103360
0.0088317630
0.0083931410
0.0079257250
0.0074833510
0.0071155850
0.0068489800
0.0066813690
0.0065881570
0.0065340790
0.0064855420
0.0064047640
0.0062129520
0.0058042590
0.0050980380
0.0040745670
0.0027786840
0.0012980800
-0.0002685173
-0.0018395010
-0.0033666070
-0.0048371410
-0.0062650090
-0.0076586270
-0.0089241530
-0.0098584150
-0.0102598000
-0.0100281500
-0.0092001090
-0.0079231690
-0.0063956880
-0.0048031800
-0.0032737490
-0.0018616460
-0.0005631478
0.0006232745
0.0016616450
0.0025029300
0.0031187320
0.0035181270
0.0037450410
0.0038627060
0.0039344740
0.0040086340
0.0041111920
0.0042467080
0.0044049600
0.0045697660
0.0047267470
0.0048679840
0.0049928460
0.0051010480
0.0051598690
0.0050957550
0.0048331710
0.0043325170
0.0036051560
0.0027047180
0.0017050960
0.0006774388
-0.0003122442
-0.0011909420
-0.0018966280
-0.0024020430
-0.0027222720
-0.0029051390
-0.0030122160
-0.0031000470
-0.0032192110
-0.0034253310
-0.0037660070
-0.0042622810
-0.0049025910
-0.0056502740
-0.0064579360
-0.0072822700
-0.0080934040
-0.0088662570
-0.0095628550
-0.0101427800
-0.0105829600
-0.0108876400
-0.0110850500
-0.0112162600
-0.0113220400
-0.0114326300
-0.0115630200
-0.0117064300
-0.0118273000
-0.0118773500
-0.0118197300
-0.0116438900
-0.0113664900
-0.0110219600
-0.0106492000
-0.0102798900
-0.0099320140
-0.0096091600
-0.0093023740
-0.0089933310
-0.0086622120
-0.0082958850
-0.0078918560
-0.0074570770
-0.0070041600
-0.0065462640
-0.0060930990
-0.0056496040
-0.0052203300
-0.0048150160
-0.0044447770
-0.0041160460
-0.0038275320
-0.0035709300
-0.0033340880
-0.0031049610
-0.0028745170
-0.0026381700
-0.0023954390
-0.0021485070
-0.0019008870
-0.0016632720
-0.0014685560
-0.0013623150
-0.0013792930
-0.0015281030
-0.0017899430
-0.0021278370
-0.0024976870
-0.0028346170
-0.0030437350
-0.0030365840
-0.0027692840
-0.0022560000
-0.0015573990
-0.0007553464
0.0000736994
0.0008773075
0.0016336300
0.0023469480
0.0030276990
0.0036483090
0.0041405270
0.0044356580
0.0045002610
0.0043488880
0.0040349360
0.0036292490
0.0031896900
0.0027323070
0.0022363820
0.0016689420
0.0010068460
0.0002496429
-0.0005661598
-0.0013693590
-0.0020850110
-0.0026646500
-0.0031061950
-0.0034802090
-0.0039138160
-0.0045309970
-0.0054025350
-0.0065283420
-0.0078498350
-0.0092735680
-0.0106445900
-0.0117325500
-0.0123222300
-0.0123051100
-0.0117116100
-0.0106838600
-0.0094151220
-0.0080861100
-0.0068206160
-0.0056697490
-0.0046222210
-0.0036298480
-0.0026378840
-0.0016229500
-0.0006177574
0.0003119751
0.0011061780
0.0017372220
0.0022217790
0.0026362200
0.0030981530
0.0037158470
0.0045429200
0.0055357870
0.0065609110
0.0074623850
0.0081282190
0.0085237060
0.0086880310
0.0087064290
0.0086741870
0.0086666970
0.0087236210
0.0088483280
0.0090186500
0.0092025500
0.0093710890
0.0094990350
0.0095618000
0.0095430310
0.0094414150
0.0092707190
0.0090541470
0.0088165220
0.0085784110
0.0083611110
0.0081918520
0.0080945890
0.0080796610
0.0081403880
0.0082571220
0.0084048940
0.0087510320
0.0089034060
0.0090406760
0.0091495430
0.0091958550
0.0091387850
0.0089525340
0.0086374660
0.0082182480
0.0077350840
0.0072428070
0.0068052640
0.0064735650
0.0062691260
0.0061809550
0.0061748760
0.0062082920
0.0062441800
0.0062595940
0.0062477080
0.0062142670
0.0061713640
0.0061280470
0.0060753270
0.0059867250
0.0058342150
0.0056022870
0.0052934450
0.0049254260
0.0045234560
0.0041106340
0.0036960720
0.0032735050
0.0028298100
0.0023540200
0.0018426490
0.0013004530
0.0007379331
0.0001673495
-0.0004009296
-0.0009584645
-0.0014753010
-0.0018845830
-0.0021135120
-0.0021203240
-0.0019106270
-0.0015315130
-0.0010517740
-0.0005390840
-0.0000482981
0.0003548653
0.0005865341
0.0005791557
0.0003115281
-0.0001844291
-0.0008227323
-0.0014680500
-0.0019820990
-0.0022741510
-0.0023240180
-0.0021746560
-0.0019050450
-0.0015984110
-0.0013174440
-0.0010924840
-0.0009238736
-0.0008031329
-0.0007359114
-0.0007387325
-0.0008251807
-0.0009966245
-0.0012403840
-0.0015341920
-0.0018530460
-0.0021700910
-0.0024339440
-0.0025703110
-0.0025166280
-0.0022500230
-0.0017933320
-0.0012024650
-0.0005450003
0.0001201768
0.0007514763
0.0013034560
0.0017179470
0.0019482580
0.0019810850
0.0018410550
0.0015863870
0.0013049470
0.0010885220
0.0010007430
0.0010609260
0.0012470670
0.0015120190
0.0018028570
0.0020676040
0.0022548450
0.0023275540
0.0022751510
0.0021144520
0.0018849740
0.0016570850
0.0015195480
0.0015432980
0.0017557370
0.0021371060
0.0026339170
0.0031669240
0.0036337350
0.0039413080
0.0040397140
0.0039340060
0.0036734680
0.0033281590
0.0029644310
0.0026278090
0.0023369010
0.0020869730
0.0018597540
0.0016368480
0.0014149720
0.0012069090
0.0010310300
0.0009004991
0.0008172999
0.0007503676
0.0006052733
0.0002594095
-0.0003769647
-0.0013243530
-0.0025313160
-0.0038725400
-0.0051595320
-0.0062094760
-0.0069128410
-0.0072601230
-0.0073264440
-0.0072309510
-0.0070921310
-0.0069947500
-0.0069762860
-0.0070315710
-0.0071289160
-0.0072294130
-0.0072946560
-0.0072727780
-0.0071077840
-0.0067655410
-0.0062485910
-0.0055930880
-0.0048538600
-0.0040912030
-0.0033797010
-0.0028006710
-0.0024114210
-0.0022248520
-0.0022099850
-0.0023083340
-0.0024555500
-0.0026000460
-0.0027126810
-0.0027802820
-0.0027751730
-0.0026513080
-0.0023698850
-0.0019201050
-0.0013237650
-0.0006260437
0.0001203126
0.0008696757
0.0015824420
0.0021917820
0.0026082060
0.0027629740
0.0026396300
0.0022777160
0.0017543720
0.0011589440
0.0005849105
0.0001216806
-0.0001708548
-0.0002787167
-0.0002311467
-0.0000835860
0.0001038635
0.0002839408
0.0004312696
0.0005420815
0.0006277273
0.0007053830
0.0007901021
0.0008875201
0.0009846870
0.0010540620
0.0010688080
0.0010150930
0.0008961574
0.0007289577
0.0005366807
0.0003410231
0.0001567433
-0.0000101580
-0.0001596139
-0.0002897944
-0.0003955529
-0.0004723288
-0.0005194082
-0.0005407449
-0.0005441129
-0.0005469002
-0.0005839722
-0.0006942172
-0.0009020590
-0.0012083040
-0.0015923340
-0.0020214970
-0.0024625870
-0.0028905800
-0.0032928980
-0.0036684720
-0.0040206740
-0.0043272160
-0.0045268910
-0.0045529710
-0.0043690780
-0.0039842060
-0.0034461310
-0.0028218970
-0.0021762580
-0.0015557250
-0.0009820542
-0.0004553565
0.0000189105
0.0003811171
0.0005350760
0.0004043471
-0.0000297248
-0.0007228011
-0.0015879970
-0.0025259780
-0.0034226650
-0.0041024100
-0.0043719020
-0.0041091120
-0.0033112780
-0.0020857650
-0.0006022785
0.0009587464
0.0023699140
0.0033077590
0.0034700880
0.0027119140
0.0010942710
-0.0011571020
-0.0037431440
-0.0063620310
-0.0086388040
-0.0101303500
-0.0105027400
-0.0096766970
-0.0079094380
-0.0057320750
-0.0037246230
-0.0023057930
-0.0016324050
-0.0016098520
-0.0019201310
-0.0020828680
-0.0016459960
-0.0003575312
0.0017751670
0.0045189340
0.0073705250
0.0095832230
0.0104720400
0.0096943510
0.0073389070
0.0038754500
0.0001095850
-0.0030490020
-0.0049267900
-0.0052843710
-0.0043114620
-0.0024746300
-0.0003131033
0.0017345010
0.0034187090
0.0046102350
0.0051797280
0.0050270590
0.0041482270
0.0026539740
0.0007459213
-0.0012543980
-0.0029118900
-0.0038404500
-0.0038516760
-0.0030136040
-0.0016684470
-0.0003192979
0.0005810102
0.0007839454
0.0003088180
-0.0005656392
-0.0014380980
-0.0019616060
-0.0019571240
-0.0014450220
-0.0006143047
0.0002733886
0.0009919133
0.0014197050
0.0015648080
0.0015391230
0.0014917880
0.0015452690
0.0017592690
0.0021251580
0.0025648710
0.0029436980
0.0031291600
0.0030463050
0.0026981010
0.0021515760
0.0015048610
0.0008520910
0.0002586958
-0.0002459937
-0.0006308898
-0.0008118520
-0.0006889829
-0.0002084630
0.0006068024
0.0016391440
0.0026680960
0.0034508920
0.0038225690
0.0037452890
0.0032981620
0.0026285650
0.0018934760
0.0012140480
0.0006664741
0.0002987007
0.0001281602
0.0001372137
0.0002804095
0.0004991301
0.0007302601
0.0009154116
0.0010167650
0.0010252410
0.0009571609
0.0008431754
0.0007156424
0.0006004371
0.0005174550
0.0004795638
0.0004893409
0.0005391178
0.0006146605
0.0007002921
0.0007842797
0.0008636881
0.0009430145
0.0010287160
0.0011246530
0.0012301910
0.0013387350
0.0014307040
0.0014774580
0.0014564840
0.0013619260
0.0012056590
0.0010112240
0.0008050000
0.0006086023
0.0004347461
0.0002902956
0.0001873289
0.0001414493
0.0001614058
0.0002431960
0.0003710632
0.0005231290
0.0006771893
0.0008077548
0.0008846163
0.0008851210
0.0008044432
0.0006565051
0.0004680972
0.0002747031
0.0001134215
0.0000102934
-0.0000271878
-0.0000090636
0.0000439734
0.0001078756
0.0001587836
0.0001786330
0.0001603995
0.0001096110
0.0000425801
-0.0000208259
-0.0000652731
-0.0000842581
-0.0000800315
-0.0000605299
-0.0000353310
-0.0000122893
0.0000043063
0.0000143691
0.0000210217
0.0000282917
0.0000390664
0.0000541514
0.0000724000
0.0000916637
0.0001101012
0.0001268362
0.0001417423
0.0001550285
0.0001668164
0.0001762437
0.0001811800
0.0001795728
0.0001706974
0.0001556947
0.0001372918
0.0001186528
0.0001022182
0.0000891223
0.0000791410
0.0000707165
0.0000615809
0.0000499288
0.0000351470
0.0000178526
-0.0000005526
-0.0000184957
-0.0000347306
-0.0000485566
-0.0000595246
-0.0000672464
-0.0000716676
-0.0000732226
-0.0000727481
-0.0000712334
-0.0000695980
-0.0000685941
-0.0000686807
-0.0000699423
-0.0000721552
-0.0000749293
-0.0000778384
-0.0000804268
-0.0000823259
-0.0000834034
-0.0000837995
-0.0000838342
-0.0000838841
-0.0000843042
-0.0000853959
-0.0000873013
-0.0000899661
-0.0000931753
-0.0000966371
-0.0001000434
-0.0001031639
-0.0001059068
-0.0001083139
-0.0001105075
-0.0001126293
-0.0001147895
-0.0001170455
-0.0001194181
-0.0001219179
-0.0001245317
-0.0001272153
-0.0001299026
-0.0001325253
-0.0001350287
-0.0001373761
-0.0001395419
-0.0001415234
-0.0001433407
-0.0001450303
-0.0001466320
-0.0001481793
-0.0001496923
-0.0001511809
-0.0001526460
-0.0001540818
-0.0001554782
-0.0001568250
-0.0001581150
-0.0001593446
-0.0001605126
-0.0001616203
-0.0001626711
-0.0001636698
-0.0001646222
-0.0001655328
-0.0001664045
-0.0001672394
-0.0001680378
-0.0001688004
-0.0001695266
-0.0001702164
-0.0001708698
-0.0001714878
-0.0001720713
-0.0001726219
-0.0001731409
-0.0001736301
-0.0001740909
-0.0001745248
-0.0001749334
-0.0001753180
-0.0001756800
-0.0001760206
-0.0001763411
-0.0001766427
-0.0001769264
-0.0001771935
-0.0001774448
-0.0001776816
-0.0001779048
-0.0001781154
-0.0001783145
-0.0001785031
-0.0001786822
-0.0001788528
-0.0001790158
0.0000000000
0.0000000000
0.0000000000
