0.0005433396
0.0005424385
0.0005415408
0.0005406140
0.0005396788
0.0005387202
0.0005377641
0.0005368076
0.0005358757
0.0005349657
0.0005340943
0.0005332283
0.0005323453
0.0005314000
0.0005303817
0.0005292416
0.0005279669
0.0005265146
0.0005248266
0.0005227624
0.0005201524
0.0005167481
0.0005123470
0.0005067608
0.0004998989
0.0004918189
0.0004827189
0.0004728476
0.0004624250
0.0004516670
0.0004408911
0.0004304217
0.0004204659
0.0004107833
0.0004008415
0.0003903958
0.0003796500
0.0003690970
0.0003591966
0.0003499092
0.0003408081
0.0003309527
0.0003189962
0.0003034451
0.0002831792
0.0002584960
0.0002313044
0.0002049903
0.0001844100
0.0001749197
0.0001797347
0.0001989547
0.0002304059
0.0002708311
0.0003167476
0.0003645359
0.0004110335
0.0004521204
0.0004837058
0.0005046932
0.0005172563
0.0005246222
0.0005298079
0.0005363785
0.0005483384
0.0005690314
0.0005977044
0.0006282300
0.0006523803
0.0006651810
0.0006658994
0.0006550860
0.0006336537
0.0006047804
0.0005749028
0.0005537062
0.0005505738
0.0005689226
0.0006064031
0.0006572281
0.0007149935
0.0007750583
0.0008377779
0.0009077328
0.0009907237
0.0010901570
0.0012037900
0.0013262260
0.0014526650
0.0015830880
0.0017177250
0.0018565130
0.0020007770
0.0021485760
0.0022940610
0.0024262550
0.0025305350
0.0025940710
0.0026055390
0.0025541020
0.0024325710
0.0022436480
0.0019987400
0.0017139980
0.0014074240
0.0010979670
0.0008072486
0.0005582398
0.0003707227
0.0002553280
0.0002124954
0.0002306106
0.0002874381
0.0003509831
0.0003852111
0.0003593071
0.0002535466
0.0000625701
-0.0002018641
-0.0005141574
-0.0008412989
-0.0011507780
-0.0014198340
-0.0016431790
-0.0018317430
-0.0020052500
-0.0021794490
-0.0023586120
-0.0025381470
-0.0027104080
-0.0028671820
-0.0030019780
-0.0031066680
-0.0031780770
-0.0032223890
-0.0032507390
-0.0032667190
-0.0032655180
-0.0032381850
-0.0031835560
-0.0031137240
-0.0030473940
-0.0029980120
-0.0029733650
-0.0029705710
-0.0029830220
-0.0030097690
-0.0030633650
-0.0031654000
-0.0033337590
-0.0035776700
-0.0039013400
-0.0042982190
-0.0047519620
-0.0052438720
-0.0057434280
-0.0062035440
-0.0065764440
-0.0068281670
-0.0069412400
-0.0069220690
-0.0067951100
-0.0065943260
-0.0063586280
-0.0061194050
-0.0058989170
-0.0057173200
-0.0055918580
-0.0055264430
-0.0054973550
-0.0054479310
-0.0053105360
-0.0050447350
-0.0046476890
-0.0041342090
-0.0035280390
-0.0028471660
-0.0021168830
-0.0013752120
-0.0006577221
0.0000250518
0.0007040094
0.0014348900
0.0022580620
0.0031704400
0.0041277790
0.0050724190
0.0059780450
0.0068707600
0.0077970660
0.0087743360
0.0097834360
0.0107694900
0.0116753900
0.0124679400
0.0131381600
0.0136857000
0.0141080500
0.0144137400
0.0146391700
0.0148177100
0.0149634600
0.0150663500
0.0150520500
0.0148442500
0.0144272200
0.0137932400
0.0129160900
0.0118481600
0.0107261000
0.0097208750
0.0089751680
0.0085502890
0.0084074960
0.0084341310
0.0085067620
0.0085451510
0.0085122150
0.0083915040
0.0081662390
0.0077919770
0.0072153810
0.0064265200
0.0054605810
0.0043824790
0.0032463820
0.0020608110
0.0007843877
-0.0006176920
-0.0021195800
-0.0036321340
-0.0050472750
-0.0062892090
-0.0073167840
-0.0081335880
-0.0088151020
-0.0094606940
-0.0101556800
-0.0109585900
-0.0119249100
-0.0130979600
-0.0144931700
-0.0161020400
-0.0178444300
-0.0195608500
-0.0210464500
-0.0221010700
-0.0225795000
-0.0224251700
-0.0216928600
-0.0205610400
-0.0192769700
-0.0180362800
-0.0169137200
-0.0158923600
-0.0149123200
-0.0138922700
-0.0127512800
-0.0114253300
-0.0099076980
-0.0082476870
-0.0065098910
-0.0047656070
-0.0030959030
-0.0015549360
-0.0001395957
0.0011885370
0.0024537170
0.0036728200
0.0048754340
0.0061292780
0.0075180770
0.0090016680
0.0103993800
0.0115162200
0.0122308800
0.0125067800
0.0123697600
0.0118829000
0.0111144000
0.0101168500
0.0089223270
0.0075686900
0.0061737680
0.0048994280
0.0038889480
0.0032277200
0.0029286770
0.0029655660
0.0032871650
0.0038151670
0.0044452960
0.0050448960
0.0054905350
0.0057283830
0.0058096650
0.0058552300
0.0060032860
0.0063665240
0.0069634510
0.0077306700
0.0086057060
0.0095690270
0.0106432300
0.0118597000
0.0131903700
0.0145388200
0.0157805400
0.0168202800
0.0176002000
0.0180738800
0.0181647700
0.0177923500
0.0169242100
0.0156224600
0.0140121200
0.0122285000
0.0103790600
0.0084894290
0.0065414360
0.0045635010
0.0026072260
0.0007517650
-0.0009057434
-0.0022708220
-0.0032888420
-0.0039930260
-0.0044617560
-0.0047368310
-0.0048009660
-0.0046170430
-0.0041943830
-0.0036641690
-0.0032491540
-0.0031862090
-0.0036006990
-0.0044004540
-0.0052873130
-0.0059077330
-0.0060221800
-0.0055592370
-0.0045513320
-0.0031287950
-0.0015179690
0.0000151909
0.0012549800
0.0020550550
0.0023324790
0.0020669250
0.0013103780
0.0002003822
-0.0010862960
-0.0023519690
-0.0034117080
-0.0041345630
-0.0045187140
-0.0046997890
-0.0048888740
-0.0053219260
-0.0061870860
-0.0075220590
-0.0091848700
-0.0109356800
-0.0125386900
-0.0138479300
-0.0148221100
-0.0154897500
-0.0159560500
-0.0163778800
-0.0168910800
-0.0175525800
-0.0183347400
-0.0191669500
-0.0199532300
-0.0205728300
-0.0208886200
-0.0207988900
-0.0202429000
-0.0191990700
-0.0177155200
-0.0158799800
-0.0138034000
-0.0116448100
-0.0096059590
-0.0078552190
-0.0064843960
-0.0055116330
-0.0048579770
-0.0043343880
-0.0037350340
-0.0028985850
-0.0017117270
-0.0000680964
0.0021055870
0.0048521000
0.0082053030
0.0120928800
0.0162812500
0.0204258400
0.0241405000
0.0271063200
0.0291816100
0.0304307400
0.0311038300
0.0315133200
0.0319250200
0.0325259800
0.0334013500
0.0344974900
0.0355893400
0.0363572600
0.0365059100
0.0358721100
0.0344925600
0.0325906100
0.0304809100
0.0284508200
0.0266860800
0.0252491500
0.0240909400
0.0230756800
0.0220211900
0.0207473600
0.0191160600
0.0170883600
0.0147184100
0.0121171500
0.0094347500
0.0068346200
0.0044490750
0.0023706210
0.0006582925
-0.0006915679
-0.0017368270
-0.0025449980
-0.0031634650
-0.0036266190
-0.0039811880
-0.0042861950
-0.0046189080
-0.0050223900
-0.0054921790
-0.0059888540
-0.0064722800
-0.0069357460
-0.0073903190
-0.0078434900
-0.0082978970
-0.0087419320
-0.0091508170
-0.0094961810
-0.0097782040
-0.0100487100
-0.0103954900
-0.0109039100
-0.0116369200
-0.0126172700
-0.0138094600
-0.0151099900
-0.0163635600
-0.0174064700
-0.0181191900
-0.0184518000
-0.0184383400
-0.0181846500
-0.0178247100
-0.0174799000
-0.0172245500
-0.0170691700
-0.0169700000
-0.0168620500
-0.0166952800
-0.0164293900
-0.0160114700
-0.0153514700
-0.0143602000
-0.0130406600
-0.0115196100
-0.0099833880
-0.0086030380
-0.0074816190
-0.0066249880
-0.0059572170
-0.0053580030
-0.0046990660
-0.0038754510
-0.0028037300
-0.0014308990
0.0002644893
0.0022550780
0.0044361900
0.0066255400
0.0086064820
0.0101854000
0.0112401600
0.0117245300
0.0116692400
0.0112049800
0.0105365600
0.0098831390
0.0094353540
0.0093164460
0.0095611590
0.0101067900
0.0108040300
0.0114546600
0.0118783900
0.0119877000
0.0118148800
0.0114703700
0.0110565100
0.0106305700
0.0102174700
0.0098055610
0.0093524380
0.0088149580
0.0081950840
0.0075357190
0.0068827760
0.0062856560
0.0058036890
0.0054847700
0.0053396730
0.0053362820
0.0054059300
0.0054407370
0.0053055160
0.0049011620
0.0042114550
0.0032965850
0.0022712700
0.0012560550
0.0003326147
-0.0004853408
-0.0012239280
-0.0018695060
-0.0023654240
-0.0026535940
-0.0027209900
-0.0026235590
-0.0024562800
-0.0023029790
-0.0022140650
-0.0022030400
-0.0022465200
-0.0022993520
-0.0023210870
-0.0023067120
-0.0022924150
-0.0023527100
-0.0025683320
-0.0029913190
-0.0036528220
-0.0045382760
-0.0055664600
-0.0066113700
-0.0075443890
-0.0082806400
-0.0087886730
-0.0090707120
-0.0091287900
-0.0089877610
-0.0087246460
-0.0084734020
-0.0083976970
-0.0086328650
-0.0092723040
-0.0103523000
-0.0117989900
-0.0134467700
-0.0151053800
-0.0166261000
-0.0179304500
-0.0190085200
-0.0198957000
-0.0206318000
-0.0212402900
-0.0217314300
-0.0221233800
-0.0224246700
-0.0226159100
-0.0226628100
-0.0225409100
-0.0222345500
-0.0217351000
-0.0210486000
-0.0202151600
-0.0192957900
-0.0183429400
-0.0173488600
-0.0162612800
-0.0150304000
-0.0136074600
-0.0119520000
-0.0100597400
-0.0079670160
-0.0057641820
-0.0036097280
-0.0016883520
-0.0001546991
0.0009091887
0.0014936120
0.0016541610
0.0014926420
0.0011431090
0.0007764332
0.0005860813
0.0007388672
0.0013202500
0.0023229040
0.0036451780
0.0051272270
0.0066308940
0.0080767800
0.0094567880
0.0107841300
0.0120605500
0.0132686200
0.0143623900
0.0152936000
0.0160327000
0.0165782200
0.0169741600
0.0172822400
0.0175302700
0.0177021800
0.0177585400
0.0176566300
0.0173501500
0.0168005800
0.0159993900
0.0149510500
0.0136658000
0.0121888500
0.0106199500
0.0091254650
0.0078757790
0.0069832830
0.0064595260
0.0062167790
0.0061258660
0.0060882720
0.0060621860
0.0060256640
0.0059564540
0.0058439020
0.0057221390
0.0056972210
0.0059016750
0.0063939890
0.0071029460
0.0078727490
0.0085422010
0.0090076870
0.0092393350
0.0092330360
0.0089730810
0.0084351300
0.0076089450
0.0065331380
0.0052959460
0.0040366880
0.0029315130
0.0021526800
0.0018272120
0.0020145080
0.0026874450
0.0037477080
0.0050460680
0.0063890170
0.0075746210
0.0084346540
0.0088899330
0.0089980330
0.0089418860
0.0089642670
0.0092777370
0.0099718590
0.0109565100
0.0120520000
0.0131011100
0.0139914200
0.0146675100
0.0151375300
0.0154396000
0.0156357800
0.0158168800
0.0160755800
0.0164520100
0.0169092000
0.0173495200
0.0176558300
0.0177022900
0.0173592800
0.0165469200
0.0152468800
0.0135024900
0.0114060000
0.0090959350
0.0067711830
0.0046011640
0.0026210860
0.0007566645
-0.0011317400
-0.0032138860
-0.0056242260
-0.0084295540
-0.0116071300
-0.0150610500
-0.0186411600
-0.0221542200
-0.0254331600
-0.0283462500
-0.0307815700
-0.0327270300
-0.0342944400
-0.0356735000
-0.0370877400
-0.0386922800
-0.0405202500
-0.0424884200
-0.0444226200
-0.0461359100
-0.0474984000
-0.0484558200
-0.0490093400
-0.0492104400
-0.0491661100
-0.0490201200
-0.0488845800
-0.0487980300
-0.0487366100
-0.0486483800
-0.0484735800
-0.0481407700
-0.0475436900
-0.0465543300
-0.0450807700
-0.0431242600
-0.0407648600
-0.0381127200
-0.0352614000
-0.0322762400
-0.0292018900
-0.0260578400
-0.0228613000
-0.0196333300
-0.0163854500
-0.0131206900
-0.0098238930
-0.0064815640
-0.0031045050
0.0002843052
0.0036693500
0.0070502390
0.0104212200
0.0137304900
0.0168753100
0.0197260100
0.0221467400
0.0240254200
0.0253105400
0.0260314400
0.0262962500
0.0262699400
0.0261306100
0.0260119100
0.0259604200
0.0259364200
0.0258414500
0.0255962900
0.0251640900
0.0245343700
0.0237289500
0.0227905900
0.0217710200
0.0207238800
0.0196855200
0.0186632900
0.0176571100
0.0166939600
0.0158419000
0.0151689500
0.0147073200
0.0144511200
0.0143614300
0.0144003900
0.0145448100
0.0147798700
0.0150851700
0.0154374600
0.0158013900
0.0161427500
0.0164731400
0.0168606800
0.0173724000
0.0180129900
0.0187061700
0.0193137300
0.0197042600
0.0198145400
0.0196772100
0.0194092200
0.0191616100
0.0190447900
0.0190930600
0.0192649600
0.0194896400
0.0196726200
0.0196759800
0.0193538400
0.0186279300
0.0175255700
0.0161671500
0.0147226500
0.0133729900
0.0122523500
0.0114326400
0.0109392900
0.0107684700
0.0108740000
0.0111587500
0.0115221700
0.0118963000
0.0122435700
0.0125670400
0.0128757000
0.0131424200
0.0132828700
0.0131734100
0.0127170100
0.0118880300
0.0107014500
0.0092016940
0.0074786990
0.0056465940
0.0038342420
0.0021578290
0.0006725484
-0.0006376902
-0.0018366380
-0.0030169640
-0.0042751290
-0.0056805430
-0.0072807430
-0.0090792830
-0.0110408600
-0.0131055800
-0.0151893400
-0.0171813200
-0.0189635400
-0.0204605800
-0.0216728400
-0.0226717800
-0.0235462400
-0.0243699100
-0.0251762900
-0.0259994300
-0.0269120700
-0.0279834100
-0.0292311700
-0.0305944000
-0.0319565900
-0.0331896700
-0.0341728700
-0.0348429100
-0.0352145200
-0.0353825400
-0.0354662600
-0.0355698100
-0.0357655000
-0.0360830400
-0.0365137300
-0.0370174000
-0.0375383500
-0.0380169500
-0.0383995100
-0.0386476800
-0.0387434300
-0.0386706900
-0.0383724000
-0.0377475700
-0.0366837600
-0.0350795500
-0.0328855400
-0.0301420700
-0.0269336200
-0.0233413300
-0.0194419200
-0.0153252700
-0.0110872700
-0.0068038950
-0.0024987760
0.0018822260
0.0064102230
0.0111242900
0.0160465700
0.0211768600
0.0264704100
0.0318132200
0.0370123600
0.0418292500
0.0460434000
0.0495369000
0.0523390600
0.0546109100
0.0565968300
0.0585644400
0.0607219900
0.0631035100
0.0655485800
0.0677915700
0.0695901900
0.0708103100
0.0714385100
0.0715320500
0.0711730200
0.0704384600
0.0693934000
0.0680986300
0.0666140100
0.0650198100
0.0633849300
0.0617115200
0.0599193100
0.0578891400
0.0555395200
0.0528418200
0.0498080600
0.0464827100
0.0428959700
0.0390217700
0.0347935400
0.0301645900
0.0252080700
0.0200987500
0.0150128900
0.0100173300
0.0050361420
-0.0000863209
-0.0054813460
-0.0111064300
-0.0167029400
-0.0219172400
-0.0264227200
-0.0299937100
-0.0325370600
-0.0341154700
-0.0349284400
-0.0352541000
-0.0353704300
-0.0354833700
-0.0357022500
-0.0360504000
-0.0364769000
-0.0369032200
-0.0372631200
-0.0375271800
-0.0377141600
-0.0378731500
-0.0380489100
-0.0382524200
-0.0384611000
-0.0386331200
-0.0387313000
-0.0387237000
-0.0385868300
-0.0382692000
-0.0376868200
-0.0367651500
-0.0354694500
-0.0337841600
-0.0317137400
-0.0292843700
-0.0265157900
-0.0234075400
-0.0199878100
-0.0163510100
-0.0126720600
-0.0091709030
-0.0060287670
-0.0033122300
-0.0009515708
0.0011901610
0.0032265270
0.0051657790
0.0069169490
0.0083480830
0.0093536170
0.0098922710
0.0099637250
0.0096030320
0.0088558600
0.0077717960
0.0064253900
0.0048971290
0.0032661200
0.0015883750
-0.0001135062
-0.0018356080
-0.0035753770
-0.0053363830
-0.0071248780
-0.0089357090
-0.0107433600
-0.0124879400
-0.0140625500
-0.0153237000
-0.0161560500
-0.0165295800
-0.0165139400
-0.0162599100
-0.0159306900
-0.0156231900
-0.0153474900
-0.0150615900
-0.0147232100
-0.0143145900
-0.0138383600
-0.0133137700
-0.0127631200
-0.0121744400
-0.0115054900
-0.0107165200
-0.0098008640
-0.0087958980
-0.0077893120
-0.0068818230
-0.0061342310
-0.0055424170
-0.0050614580
-0.0046447300
-0.0042611570
-0.0038765820
-0.0034238390
-0.0028076150
-0.0019632060
-0.0008885799
0.0003395684
0.0015890120
0.0027335980
0.0036884450
0.0044421630
0.0050460590
0.0055642660
0.0060438590
0.0064985440
0.0069294310
0.0073219940
0.0076394260
0.0078426850
0.0079090180
0.0078435240
0.0076759550
0.0074620920
0.0072748480
0.0071689480
0.0071650470
0.0072775240
0.0075333570
0.0079582450
0.0085388000
0.0092034780
0.0098583040
0.0104163100
0.0108266400
0.0110688900
0.0111302300
0.0109763300
0.0105495200
0.0097979010
0.0086736140
0.0071668220
0.0053057940
0.0031297250
0.0006761606
-0.0019777890
-0.0047354640
-0.0075247890
-0.0103143100
-0.0131219200
-0.0160239900
-0.0191119600
-0.0224621700
-0.0260936400
-0.0299858500
-0.0340972900
-0.0383576300
-0.0427172800
-0.0471243400
-0.0514878800
-0.0557235300
-0.0597582300
-0.0635424600
-0.0670441200
-0.0702495600
-0.0731354100
-0.0756587500
-0.0777941300
-0.0795274800
-0.0808661500
-0.0818352800
-0.0824763800
-0.0828240500
-0.0828910900
-0.0826726900
-0.0821303900
-0.0811979900
-0.0798487100
-0.0781326000
-0.0761650300
-0.0741039600
-0.0720992200
-0.0701899100
-0.0682644000
-0.0661517900
-0.0637284500
-0.0609585300
-0.0579060900
-0.0546769300
-0.0513744800
-0.0480960200
-0.0449164000
-0.0418847200
-0.0390267300
-0.0363563600
-0.0338645500
-0.0315055400
-0.0292186100
-0.0269322300
-0.0245766500
-0.0221155000
-0.0195488700
-0.0168700800
-0.0140178800
-0.0108751000
-0.0073125090
-0.0032476520
0.0012741710
0.0061001230
0.0110256900
0.0158816000
0.0205872000
0.0251548900
0.0296470200
0.0341351700
0.0386691100
0.0432804700
0.0479507800
0.0526082000
0.0571492600
0.0614947500
0.0656193000
0.0695360300
0.0732747700
0.0768451100
0.0802008900
0.0832484600
0.0858712000
0.0879748300
0.0895397200
0.0906163200
0.0912935500
0.0916609900
0.0917771800
0.0916275200
0.0911459400
0.0902771000
0.0889902700
0.0872865300
0.0852094900
0.0828065900
0.0801402000
0.0772705100
0.0742470800
0.0711319800
0.0679845400
0.0648345500
0.0617037400
0.0586314100
0.0556766900
0.0529156900
0.0504338800
0.0482893100
0.0465070400
0.0450592300
0.0438567300
0.0427670900
0.0416577400
0.0404124000
0.0389301500
0.0371372900
0.0349893500
0.0324872800
0.0297048000
0.0267847100
0.0238756700
0.0210842500
0.0184260800
0.0158453900
0.0132930300
0.0107490000
0.0082036420
0.0056727430
0.0031844140
0.0007368815
-0.0016935970
-0.0041539070
-0.0067188180
-0.0094776780
-0.0125035600
-0.0158467400
-0.0194959000
-0.0233506700
-0.0272505000
-0.0310172000
-0.0345078100
-0.0376493300
-0.0403997600
-0.0427115300
-0.0445432100
-0.0458615200
-0.0466352800
-0.0468312000
-0.0464300000
-0.0454516400
-0.0439328600
-0.0419311800
-0.0395403200
-0.0368858300
-0.0341338200
-0.0314846500
-0.0291158000
-0.0271380000
-0.0256135000
-0.0245841500
-0.0240957100
-0.0241880500
-0.0248853700
-0.0261788000
-0.0279857300
-0.0301222700
-0.0323194900
-0.0342618000
-0.0356286300
-0.0361723400
-0.0357534500
-0.0343234100
-0.0319255200
-0.0287318000
-0.0250069700
-0.0210301100
-0.0170604200
-0.0133095500
-0.0099194800
-0.0069673990
-0.0044701480
-0.0023558580
-0.0004444722
0.0014995590
0.0036905550
0.0062285810
0.0091135700
0.0122695300
0.0155667400
0.0188297800
0.0218724000
0.0245451100
0.0267464400
0.0284225500
0.0295771600
0.0302664000
0.0305891900
0.0306976100
0.0308017300
0.0311173700
0.0318249700
0.0330659900
0.0349261500
0.0373779500
0.0402941300
0.0435219000
0.0469384100
0.0504460500
0.0539509900
0.0573542200
0.0605407000
0.0634161700
0.0659205900
0.0679983700
0.0695917300
0.0706484700
0.0711266800
0.0710076700
0.0702571600
0.0688346500
0.0667031700
0.0638205200
0.0601462400
0.0556905300
0.0505522200
0.0449227800
0.0390564500
0.0331990000
0.0275408500
0.0222050200
0.0172769900
0.0128447900
0.0089571830
0.0055567530
0.0024921760
-0.0004640794
-0.0035761960
-0.0071171940
-0.0112928100
-0.0162245400
-0.0219251400
-0.0282596300
-0.0350094100
-0.0420053200
-0.0491270200
-0.0563408100
-0.0636481600
-0.0709970600
-0.0782661100
-0.0853635100
-0.0922632500
-0.0989425400
-0.1053588000
-0.1114621000
-0.1172222000
-0.1225878000
-0.1274904000
-0.1318636000
-0.1356131000
-0.1386306000
-0.1408563000
-0.1423106000
-0.1431035000
-0.1434027000
-0.1433741000
-0.1431394000
-0.1427760000
-0.1423213000
-0.1417682000
-0.1411283000
-0.1404310000
-0.1396939000
-0.1389238000
-0.1381401000
-0.1373671000
-0.1365992000
-0.1357991000
-0.1348794000
-0.1337162000
-0.1321393000
-0.1299604000
-0.1270339000
-0.1233177000
-0.1188663000
-0.1137721000
-0.1081633000
-0.1021400000
-0.0956860300
-0.0887152300
-0.0812168100
-0.0732982300
-0.0651803700
-0.0571300200
-0.0493114400
-0.0418436100
-0.0347813700
-0.0280320000
-0.0214181000
-0.0147891600
-0.0080420260
-0.0011191650
0.0059211120
0.0129103200
0.0196504700
0.0259518700
0.0317199400
0.0370583500
0.0421749000
0.0472687700
0.0524289400
0.0576075100
0.0626784000
0.0675222700
0.0720561800
0.0762435600
0.0801137900
0.0837531300
0.0873370400
0.0910369100
0.0948955400
0.0988208600
0.1026699000
0.1063243000
0.1097663000
0.1130913000
0.1164401000
0.1199262000
0.1236356000
0.1275942000
0.1317147000
0.1358543000
0.1399408000
0.1439852000
0.1480558000
0.1521947000
0.1563535000
0.1604046000
0.1642128000
0.1677202000
0.1709328000
0.1738928000
0.1766361000
0.1791582000
0.1814170000
0.1833359000
0.1848433000
0.1859041000
0.1865370000
0.1868038000
0.1867980000
0.1866103000
0.1862853000
0.1858323000
0.1852463000
0.1845331000
0.1837100000
0.1827415000
0.1815762000
0.1802173000
0.1787527000
0.1773370000
0.1761086000
0.1750982000
0.1742166000
0.1733019000
0.1721920000
0.1707749000
0.1690014000
0.1668819000
0.1644636000
0.1618297000
0.1590133000
0.1560146000
0.1528210000
0.1494026000
0.1457292000
0.1417476000
0.1374030000
0.1326592000
0.1275252000
0.1220463000
0.1162990000
0.1104242000
0.1045536000
0.0987188800
0.0928968200
0.0870548400
0.0811485800
0.0751579100
0.0690888400
0.0629407900
0.0566655100
0.0501791900
0.0434123200
0.0363740200
0.0291421900
0.0217730400
0.0142601600
0.0065366930
-0.0014588190
-0.0097012210
-0.0180842800
-0.0265018400
-0.0349392700
-0.0433976800
-0.0518226500
-0.0601212200
-0.0682316300
-0.0760898100
-0.0835949600
-0.0906641400
-0.0973000200
-0.1035985000
-0.1096954000
-0.1157139000
-0.1217356000
-0.1278092000
-0.1339292000
-0.1400538000
-0.1461494000
-0.1522046000
-0.1581990000
-0.1641221000
-0.1699632000
-0.1756958000
-0.1813087000
-0.1867681000
-0.1920215000
-0.1970026000
-0.2016087000
-0.2057034000
-0.2091570000
-0.2119285000
-0.2140992000
-0.2158133000
-0.2171969000
-0.2183489000
-0.2193177000
-0.2200344000
-0.2203132000
-0.2199440000
-0.2187112000
-0.2164440000
-0.2130335000
-0.2084192000
-0.2026410000
-0.1957882000
-0.1879646000
-0.1793733000
-0.1703365000
-0.1612271000
-0.1523149000
-0.1437786000
-0.1357003000
-0.1280525000
-0.1207542000
-0.1137391000
-0.1069549000
-0.1003502000
-0.0938936100
-0.0875916600
-0.0814780600
-0.0755814300
-0.0699316700
-0.0645980500
-0.0596356900
-0.0550585400
-0.0508498700
-0.0469592900
-0.0433521000
-0.0399972800
-0.0368384600
-0.0338415500
-0.0309917600
-0.0282841100
-0.0257170400
-0.0233223500
-0.0211570200
-0.0192738500
-0.0177134700
-0.0165150200
-0.0157253000
-0.0153815000
-0.0154636500
-0.0159075000
-0.0166245200
-0.0175113500
-0.0184597100
-0.0193625900
-0.0201284900
-0.0206888800
-0.0210081000
-0.0210637600
-0.0208377800
-0.0203148600
-0.0194830900
-0.0183483700
-0.0169423000
-0.0153140900
-0.0135128100
-0.0115837000
-0.0095606130
-0.0074481470
-0.0052150260
-0.0027953770
-0.0001229748
0.0028839600
0.0063269370
0.0102607200
0.0146292600
0.0193044600
0.0241258400
0.0288888100
0.0333539300
0.0372480300
0.0403002100
0.0423250000
0.0432981600
0.0433481500
0.0426642800
0.0413800200
0.0395089500
0.0369767800
0.0336342800
0.0293253600
0.0240105900
0.0177960400
0.0109442500
0.0038790760
-0.0029385460
-0.0090779780
-0.0141880600
-0.0180681000
-0.0207029700
-0.0222686700
-0.0230513300
-0.0233022300
-0.0231413500
-0.0225305000
-0.0213328800
-0.0194534600
-0.0169148800
-0.0138518100
-0.0104877300
-0.0070813270
-0.0038692510
-0.0010162130
0.0014214420
0.0034534590
0.0051294470
0.0065380510
0.0077722490
0.0088884620
0.0099085440
0.0108145800
0.0115665800
0.0121297700
0.0125165900
0.0128204200
0.0132053900
0.0138479600
0.0148339600
0.0161162400
0.0175715400
0.0190990600
0.0206581200
0.0222245100
0.0237850900
0.0253771600
0.0270408400
0.0287917900
0.0306267500
0.0325156900
0.0344168700
0.0362736100
0.0380382500
0.0397075100
0.0413273400
0.0429614300
0.0446787200
0.0465225900
0.0484773100
0.0505039700
0.0526027000
0.0548068000
0.0571242800
0.0595278500
0.0619798000
0.0644590500
0.0669582500
0.0694790400
0.0720019600
0.0744774200
0.0768204800
0.0789395600
0.0807823400
0.0823610800
0.0837340900
0.0849971800
0.0862514500
0.0875814000
0.0890239600
0.0905556600
0.0921059900
0.0936133700
0.0950705700
0.0965078600
0.0979679600
0.0995036200
0.1010955000
0.1026896000
0.1042739000
0.1058546000
0.1074383000
0.1090093000
0.1105173000
0.1118916000
0.1130798000
0.1140889000
0.1149871000
0.1158449000
0.1167040000
0.1175879000
0.1184996000
0.1194351000
0.1203956000
0.1213827000
0.1223905000
0.1233939000
0.1243575000
0.1252618000
0.1261219000
0.1269636000
0.1277581000
0.1283980000
0.1287252000
0.1285605000
0.1277612000
0.1262328000
0.1239123000
0.1207524000
0.1166854000
0.1116381000
0.1056588000
0.0989313200
0.0917256700
0.0843519800
0.0770836300
0.0700807500
0.0633542600
0.0568040700
0.0503114800
0.0437588800
0.0370864500
0.0302621000
0.0232148700
0.0158913600
0.0082771110
0.0004591246
-0.0073928080
-0.0151143100
-0.0226170600
-0.0299422500
-0.0371704900
-0.0443644900
-0.0515356800
-0.0586452900
-0.0656335000
-0.0724332900
-0.0790270400
-0.0854855500
-0.0918789100
-0.0981951500
-0.1043628000
-0.1102922000
-0.1159473000
-0.1213505000
-0.1265811000
-0.1316872000
-0.1366056000
-0.1411879000
-0.1452897000
-0.1488454000
-0.1518832000
-0.1544486000
-0.1565559000
-0.1581849000
-0.1593089000
-0.1599158000
-0.1599944000
-0.1595223000
-0.1584913000
-0.1569027000
-0.1547229000
-0.1519576000
-0.1487104000
-0.1451829000
-0.1416362000
-0.1383043000
-0.1353219000
-0.1327030000
-0.1303713000
-0.1281854000
-0.1259928000
-0.1237034000
-0.1213084000
-0.1188667000
-0.1164727000
-0.1141915000
-0.1120462000
-0.1100091000
-0.1080098000
-0.1059796000
-0.1038947000
-0.1017931000
-0.0997153500
-0.0976811600
-0.0957011500
-0.0937791000
-0.0919086400
-0.0900635900
-0.0882127900
-0.0863510700
-0.0844618800
-0.0824999400
-0.0804228100
-0.0782274400
-0.0759205300
-0.0734741800
-0.0708517300
-0.0680154000
-0.0649369200
-0.0616369300
-0.0582366600
-0.0549240600
-0.0518332000
-0.0489793700
-0.0462908100
-0.0436519600
-0.0409439300
-0.0380810500
-0.0350354200
-0.0318136600
-0.0284605200
-0.0250474300
-0.0216183000
-0.0181897400
-0.0147192000
-0.0111156900
-0.0073131330
-0.0033149520
0.0008513410
0.0051718690
0.0096134980
0.0140767400
0.0183756600
0.0223062700
0.0257263800
0.0286105500
0.0310475200
0.0331823300
0.0351394800
0.0369614900
0.0386165600
0.0400286200
0.0411174300
0.0418179600
0.0421075400
0.0420496700
0.0417746200
0.0414293500
0.0411406600
0.0409858500
0.0409995300
0.0411855800
0.0415164300
0.0419491000
0.0424493300
0.0430088400
0.0436450600
0.0443786500
0.0451990000
0.0460598100
0.0468897400
0.0476173300
0.0481956100
0.0486067500
0.0488606500
0.0489751500
0.0489597800
0.0487945400
0.0484479900
0.0478940600
0.0471153600
0.0460853100
0.0447784600
0.0431859600
0.0413356900
0.0393156800
0.0372617600
0.0353195400
0.0336167400
0.0322410600
0.0312238600
0.0305277600
0.0300558000
0.0297014200
0.0293790300
0.0290245500
0.0285673600
0.0279570900
0.0271861300
0.0262683700
0.0252334200
0.0241496900
0.0230917000
0.0221359600
0.0213616000
0.0208546300
0.0207087300
0.0210007700
0.0217525800
0.0229215100
0.0244476000
0.0262631500
0.0283002000
0.0305023800
0.0328163400
0.0351753700
0.0375295700
0.0398701300
0.0421711700
0.0443505900
0.0462594500
0.0477424900
0.0487101700
0.0491665400
0.0491942100
0.0489236700
0.0484757800
0.0479231400
0.0473028800
0.0466284100
0.0459285800
0.0452732300
0.0447517900
0.0444368600
0.0443656300
0.0445572800
0.0450125900
0.0457370700
0.0467453500
0.0480524500
0.0496556200
0.0514944200
0.0534490400
0.0554144800
0.0573694900
0.0593748500
0.0615285200
0.0639095900
0.0665109900
0.0692481000
0.0720159400
0.0747181300
0.0773111200
0.0798085100
0.0822354800
0.0846004100
0.0869155000
0.0892010400
0.0914618900
0.0936792700
0.0957710200
0.0976352400
0.0992053800
0.1004656000
0.1014397000
0.1021626000
0.1026513000
0.1028531000
0.1025922000
0.1015617000
0.0994037200
0.0957467500
0.0903261100
0.0832370800
0.0749139400
0.0660502900
0.0573941600
0.0495132800
0.0426853400
0.0368982800
0.0319043200
0.0273687900
0.0230501100
0.0188079700
0.0145792300
0.0104202200
0.0064754850
0.0028715770
-0.0003382350
-0.0031716600
-0.0056900290
-0.0079738790
-0.0100742100
-0.0119955400
-0.0137361900
-0.0153027300
-0.0167145200
-0.0179941000
-0.0191601500
-0.0202281900
-0.0212152900
-0.0221515000
-0.0230652600
-0.0239876600
-0.0249448200
-0.0259579300
-0.0270015900
-0.0280185800
-0.0289585100
-0.0297912600
-0.0305343500
-0.0312447200
-0.0319768800
-0.0327854100
-0.0337039200
-0.0347406300
-0.0358885200
-0.0371437700
-0.0384909700
-0.0399337400
-0.0415268500
-0.0433814900
-0.0456607900
-0.0484961500
-0.0519127000
-0.0557954300
-0.0599589700
-0.0642161400
-0.0684509300
-0.0725998100
-0.0766549600
-0.0806458800
-0.0845969600
-0.0885045800
-0.0923388200
-0.0960740600
-0.0996997600
-0.1032030000
-0.1065430000
-0.1096439000
-0.1123880000
-0.1146591000
-0.1164065000
-0.1176470000
-0.1184363000
-0.1188206000
-0.1187858000
-0.1182464000
-0.1170932000
-0.1152552000
-0.1127309000
-0.1096096000
-0.1060761000
-0.1023319000
-0.0985491500
-0.0948908200
-0.0914929300
-0.0884204400
-0.0856680700
-0.0831797800
-0.0808825900
-0.0787136800
-0.0766132800
-0.0745358300
-0.0724713200
-0.0704232700
-0.0683684500
-0.0662699400
-0.0640520600
-0.0616140600
-0.0588817500
-0.0558353100
-0.0525374800
-0.0491600400
-0.0459158300
-0.0429622000
-0.0404045500
-0.0382807200
-0.0365334600
-0.0350251200
-0.0336105400
-0.0321829100
-0.0306954000
-0.0291567600
-0.0275838000
-0.0259529500
-0.0242048000
-0.0222716000
-0.0200781500
-0.0175632200
-0.0147177000
-0.0115752500
-0.0081991000
-0.0046522230
-0.0009322548
0.0030369990
0.0073241870
0.0119531400
0.0168915500
0.0220644300
0.0274116000
0.0329034900
0.0384906900
0.0441202500
0.0497465100
0.0553059100
0.0607290700
0.0659713100
0.0710056400
0.0758118200
0.0803566200
0.0846255200
0.0886063400
0.0922615500
0.0955500000
0.0984158800
0.1008202000
0.1027730000
0.1043529000
0.1056579000
0.1067276000
0.1075060000
0.1078875000
0.1077763000
0.1071235000
0.1059279000
0.1042151000
0.1020095000
0.0993083300
0.0960839300
0.0923501300
0.0881802500
0.0837040300
0.0791435800
0.0747064200
0.0704980200
0.0665341700
0.0627461500
0.0590416700
0.0553682100
0.0517246200
0.0481156000
0.0445407900
0.0410134400
0.0375897600
0.0343498100
0.0313610900
0.0286507400
0.0261975100
0.0239180400
0.0216840100
0.0193584700
0.0168408500
0.0141473600
0.0114155000
0.0088078950
0.0064198470
0.0042788920
0.0023634740
0.0006298630
-0.0009379689
-0.0023441070
-0.0036137370
-0.0048234940
-0.0060855990
-0.0074679650
-0.0089349950
-0.0103972800
-0.0117769200
-0.0130276500
-0.0141565400
-0.0152152700
-0.0162711700
-0.0173716000
-0.0185285200
-0.0197183000
-0.0208843300
-0.0219527900
-0.0228596500
-0.0235780800
-0.0241192600
-0.0245212100
-0.0248221200
-0.0250359900
-0.0251483400
-0.0251458800
-0.0250421100
-0.0248653700
-0.0246464900
-0.0244144900
-0.0241929800
-0.0240147500
-0.0239187200
-0.0239068000
-0.0239385100
-0.0239641800
-0.0239466600
-0.0238431800
-0.0236143500
-0.0232237300
-0.0226377300
-0.0218259300
-0.0207433800
-0.0193376400
-0.0175885500
-0.0155362700
-0.0132757800
-0.0109428200
-0.0086655300
-0.0065383670
-0.0045635140
-0.0026689020
-0.0007879149
0.0011105990
0.0030089580
0.0048628450
0.0066491220
0.0083626000
0.0099700210
0.0114232100
0.0126670600
0.0136438900
0.0143174300
0.0146914100
0.0148099700
0.0147490200
0.0145983200
0.0144242600
0.0142550100
0.0140777400
0.0138674200
0.0136023300
0.0132636200
0.0128363600
0.0123053900
0.0116592700
0.0108937500
0.0100199300
0.0090738060
0.0081192630
0.0072259090
0.0064410460
0.0057586460
0.0051175120
0.0044673580
0.0038130640
0.0032135970
0.0027328320
0.0023764210
0.0020765960
0.0017166290
0.0011800090
0.0004018566
-0.0006209056
-0.0018518880
-0.0032329950
-0.0046861790
-0.0061064740
-0.0073754560
-0.0083754800
-0.0090253950
-0.0093157870
-0.0092895030
-0.0089997130
-0.0084775140
-0.0077043740
-0.0066111350
-0.0051280440
-0.0032479410
-0.0010496620
0.0013105970
0.0036488140
0.0058070590
0.0076879550
0.0092517130
0.0105127200
0.0115049900
0.0122549400
0.0127919000
0.0131559100
0.0133902700
0.0135224300
0.0135482500
0.0134394300
0.0131697600
0.0127527900
0.0122412200
0.0116725000
0.0110365600
0.0103017400
0.0094221600
0.0083577530
0.0071269490
0.0057862530
0.0043686670
0.0028846200
0.0013281470
-0.0003382544
-0.0021394710
-0.0040685590
-0.0061125610
-0.0082489490
-0.0104426000
-0.0126652600
-0.0148975800
-0.0171220200
-0.0193039700
-0.0213858700
-0.0233114800
-0.0250629800
-0.0266665600
-0.0281631500
-0.0295750400
-0.0308797000
-0.0320198500
-0.0329248300
-0.0335377900
-0.0338188200
-0.0337573100
-0.0333994400
-0.0328281900
-0.0321078800
-0.0312499100
-0.0302315300
-0.0290204900
-0.0275548200
-0.0257335400
-0.0234471900
-0.0206660400
-0.0175196700
-0.0142694500
-0.0111834900
-0.0084316530
-0.0060418490
-0.0039260390
-0.0019760370
-0.0001327160
0.0015880400
0.0031186240
0.0043988500
0.0054095050
0.0061510760
0.0066347370
0.0068748360
0.0068919390
0.0067094390
0.0063661480
0.0058938980
0.0053172490
0.0046556470
0.0039332970
0.0031922500
0.0024849090
0.0018678620
0.0014040930
0.0011846300
0.0012981750
0.0017875320
0.0026408440
0.0038055700
0.0052331720
0.0068684490
0.0086651760
0.0105998500
0.0126604000
0.0148025700
0.0169317200
0.0189516500
0.0207841700
0.0223583000
0.0236134900
0.0245467900
0.0252190700
0.0257023000
0.0260226400
0.0261527600
0.0259923000
0.0253817600
0.0241854800
0.0223558100
0.0199487800
0.0171005700
0.0139943200
0.0108258000
0.0077603190
0.0049023400
0.0022754290
-0.0001530117
-0.0024342290
-0.0046227640
-0.0067857100
-0.0089602660
-0.0111255700
-0.0132115500
-0.0151137000
-0.0167173100
-0.0179380100
-0.0187305900
-0.0190831000
-0.0190047600
-0.0185176100
-0.0176497700
-0.0164499200
-0.0149929000
-0.0133729200
-0.0116527700
-0.0098418670
-0.0079191900
-0.0058562860
-0.0036466800
-0.0013654810
0.0008555177
0.0028768310
0.0045978510
0.0059816580
0.0070397140
0.0078045200
0.0083131410
0.0086060350
0.0087080930
0.0085990330
0.0082224030
0.0075609900
0.0066486350
0.0055598510
0.0043925580
0.0032322830
0.0021504620
0.0012011220
0.0004119781
-0.0002059417
-0.0006592760
-0.0009750713
-0.0011917660
-0.0013346260
-0.0014022370
-0.0013703440
-0.0012102800
-0.0009202738
-0.0005274081
-0.0000786623
0.0003471011
0.0006492817
0.0007591572
0.0006768447
0.0004472437
0.0001478668
-0.0001519009
-0.0004355220
-0.0007486664
-0.0011807330
-0.0018094440
-0.0026574500
-0.0037078170
-0.0049169020
-0.0062336260
-0.0076325000
-0.0091301230
-0.0107522500
-0.0125079600
-0.0143636600
-0.0162757400
-0.0181863000
-0.0200312100
-0.0217689500
-0.0233466200
-0.0247188500
-0.0258618200
-0.0267726400
-0.0274756600
-0.0280284900
-0.0284826700
-0.0288538300
-0.0291193900
-0.0292245000
-0.0291022300
-0.0287281200
-0.0281339400
-0.0274019200
-0.0266192800
-0.0258348700
-0.0250651100
-0.0243032900
-0.0235316800
-0.0227177500
-0.0217966600
-0.0206859800
-0.0193359800
-0.0177631800
-0.0160220700
-0.0142012200
-0.0124054700
-0.0107066600
-0.0091216250
-0.0076088550
-0.0060901400
-0.0044747330
-0.0026950420
-0.0007062424
0.0015102380
0.0039284210
0.0064572490
0.0089403170
0.0112480000
0.0133765300
0.0154189500
0.0174762300
0.0196064200
0.0218331100
0.0241488300
0.0265005700
0.0287813100
0.0308907200
0.0327894900
0.0345051300
0.0361084300
0.0376836800
0.0392953300
0.0409509200
0.0425928400
0.0441288500
0.0455040600
0.0467304600
0.0478426400
0.0488796800
0.0498791800
0.0508566400
0.0518083800
0.0527237400
0.0535670400
0.0542750100
0.0547785000
0.0550217100
0.0549519000
0.0545323000
0.0537579300
0.0526640000
0.0512882600
0.0496622300
0.0478253800
0.0458347700
0.0437691800
0.0416978700
0.0396699100
0.0377495500
0.0360021700
0.0344562100
0.0330824700
0.0318127700
0.0305873200
0.0293668700
0.0281348300
0.0269111800
0.0257437600
0.0246904100
0.0237764100
0.0229875500
0.0222893900
0.0216399100
0.0210031200
0.0203502800
0.0196488800
0.0188706700
0.0179669500
0.0168861900
0.0156435200
0.0143064600
0.0129466400
0.0115884200
0.0102217100
0.0088421570
0.0074409580
0.0060271400
0.0046426500
0.0033208570
0.0020564400
0.0008074540
-0.0004952519
-0.0019169650
-0.0034723810
-0.0051471980
-0.0069594800
-0.0089727370
-0.0112634300
-0.0138888800
-0.0168558600
-0.0200910300
-0.0234695900
-0.0268637200
-0.0301686900
-0.0333104300
-0.0362570800
-0.0390235500
-0.0416421700
-0.0441304300
-0.0464468600
-0.0485030600
-0.0502164700
-0.0515488900
-0.0525355200
-0.0532544800
-0.0537988600
-0.0542748300
-0.0547425500
-0.0551881100
-0.0555644500
-0.0558399500
-0.0560283800
-0.0561795400
-0.0563445000
-0.0565663200
-0.0568652700
-0.0572247700
-0.0575770000
-0.0578516400
-0.0580061200
-0.0580282900
-0.0579228700
-0.0577238000
-0.0575099300
-0.0573932300
-0.0574775100
-0.0578277700
-0.0584532500
-0.0592837200
-0.0602021000
-0.0611017500
-0.0619193900
-0.0626437500
-0.0633043000
-0.0639249800
-0.0644955100
-0.0649949900
-0.0653993200
-0.0656912700
-0.0658762800
-0.0659712600
-0.0659663100
-0.0658088400
-0.0654356700
-0.0648128400
-0.0639425700
-0.0628656800
-0.0616197100
-0.0601576800
-0.0583450400
-0.0560256000
-0.0530923500
-0.0495165600
-0.0453871400
-0.0409288300
-0.0364277300
-0.0321303000
-0.0281303100
-0.0244146400
-0.0209308400
-0.0176011900
-0.0143292500
-0.0110413100
-0.0076889730
-0.0042492770
-0.0007683544
0.0026338030
0.0058247770
0.0087170070
0.0113033900
0.0136687300
0.0159333400
0.0182124900
0.0206045500
0.0231183500
0.0256666600
0.0281628800
0.0305575600
0.0328375300
0.0349902300
0.0369788200
0.0387684000
0.0403588300
0.0417653400
0.0429874800
0.0440071800
0.0448053500
0.0453695600
0.0457011600
0.0458100700
0.0457151300
0.0454346300
0.0449501700
0.0442125100
0.0431930700
0.0419152900
0.0404523200
0.0389064400
0.0373771400
0.0359297300
0.0345858000
0.0333418200
0.0321752300
0.0310501400
0.0299271000
0.0287717900
0.0275525100
0.0262463000
0.0248464700
0.0233700200
0.0218377700
0.0202464700
0.0185778400
0.0168239500
0.0150098200
0.0132037400
0.0114738500
0.0098545270
0.0083485900
0.0069535700
0.0056866130
0.0045918720
0.0037092660
0.0030227410
0.0024711650
0.0020039380
0.0016029560
0.0012739470
0.0010419710
0.0009549395
0.0010532520
0.0013541940
0.0018353540
0.0024249160
0.0030289040
0.0035652520
0.0039984320
0.0043292590
0.0045647620
0.0047235060
0.0048567900
0.0050337400
0.0053040910
0.0056779070
0.0061322610
0.0065903610
0.0069056670
0.0069602460
0.0067471300
0.0063530490
0.0058850790
0.0054207340
0.0049963990
0.0046021690
0.0042042820
0.0037892520
0.0033536770
0.0028978160
0.0024423750
0.0020110830
0.0016134530
0.0012332900
0.0008531171
0.0004421356
-0.0000301413
-0.0005433317
-0.0010532310
-0.0015325410
-0.0019672370
-0.0023437450
-0.0026419410
-0.0028250000
-0.0028610240
-0.0027566070
-0.0025673430
-0.0023792710
-0.0022599310
-0.0022393610
-0.0023438790
-0.0026029940
-0.0030129570
-0.0035438550
-0.0041621420
-0.0048429600
-0.0055441120
-0.0061947410
-0.0067505910
-0.0072127390
-0.0075883280
-0.0078607060
-0.0079712500
-0.0078432390
-0.0074410320
-0.0067819820
-0.0059132790
-0.0048901880
-0.0037641130
-0.0025971480
-0.0014671620
-0.0004562132
0.0003800752
0.0010376730
0.0015562860
0.0019623170
0.0022606110
0.0024462960
0.0025084110
0.0024440050
0.0022703820
0.0020408010
0.0018447010
0.0017845940
0.0019433390
0.0023526860
0.0029817860
0.0037775950
0.0047092780
0.0057721780
0.0069640320
0.0082697510
0.0096633750
0.0111023500
0.0125323800
0.0138635000
0.0149928200
0.0158401100
0.0163432200
0.0164593800
0.0162190600
0.0157383100
0.0151644100
0.0145988400
0.0140742600
0.0135887900
0.0131133500
0.0125935400
0.0119845100
0.0112834700
0.0105256000
0.0097393160
0.0089301430
0.0081080900
0.0072860820
0.0064513550
0.0055766780
0.0046363020
0.0035941400
0.0024279930
0.0011627910
-0.0001375935
-0.0014088940
-0.0026143310
-0.0037375160
-0.0047741090
-0.0057354770
-0.0066426850
-0.0075069790
-0.0083076040
-0.0089858820
-0.0094799000
-0.0097841270
-0.0099532900
-0.0100515600
-0.0101226500
-0.0101893300
-0.0102539400
-0.0102921000
-0.0102640000
-0.0101444700
-0.0099353010
-0.0096827330
-0.0094590750
-0.0093319770
-0.0093555850
-0.0095808380
-0.0100494100
-0.0107582000
-0.0116413100
-0.0126208100
-0.0136414600
-0.0146581800
-0.0156279500
-0.0165224000
-0.0173510500
-0.0181529700
-0.0189599800
-0.0197780700
-0.0206185100
-0.0215005200
-0.0224146000
-0.0233047300
-0.0240837300
-0.0246741700
-0.0250516500
-0.0252453600
-0.0253151900
-0.0253062800
-0.0252262200
-0.0250627000
-0.0248125300
-0.0244665300
-0.0240027400
-0.0233901700
-0.0225718100
-0.0215123800
-0.0202685000
-0.0189576000
-0.0176783700
-0.0164947500
-0.0154451500
-0.0145424600
-0.0137507800
-0.0130141000
-0.0123242900
-0.0117491200
-0.0113878300
-0.0112869900
-0.0114201100
-0.0116946200
-0.0119813100
-0.0121656700
-0.0121811400
-0.0120162100
-0.0116887000
-0.0112274800
-0.0106546300
-0.0099607910
-0.0091096610
-0.0080703980
-0.0068330920
-0.0054321910
-0.0039387350
-0.0024165460
-0.0009036469
0.0005790883
0.0020144650
0.0033752250
0.0046388090
0.0057914840
0.0068311030
0.0077870580
0.0086955720
0.0095670540
0.0103878600
0.0111218000
0.0117295200
0.0122086400
0.0126008500
0.0129630900
0.0133567400
0.0138504600
0.0144897500
0.0152464100
0.0160330100
0.0167428400
0.0172919100
0.0176628900
0.0178771300
0.0179463500
0.0178575600
0.0176244900
0.0173029100
0.0169693100
0.0166754500
0.0164329900
0.0162405000
0.0161059700
0.0160471300
0.0160904600
0.0162431900
0.0164926400
0.0168219500
0.0172353500
0.0177675300
0.0184498700
0.0192944000
0.0202763200
0.0213150200
0.0223198200
0.0232377300
0.0240655700
0.0248101200
0.0254544200
0.0259865400
0.0264060600
0.0267088100
0.0268834200
0.0269204300
0.0268379800
0.0266833700
0.0264991400
0.0263145600
0.0261598600
0.0260460500
0.0259736300
0.0259238300
0.0258535400
0.0256981500
0.0253624700
0.0247715900
0.0239156600
0.0228463100
0.0216459100
0.0203823700
0.0190688000
0.0176985400
0.0162674500
0.0147917400
0.0132862200
0.0117590100
0.0102521200
0.0088418420
0.0076004660
0.0065749590
0.0057662590
0.0051394180
0.0046501110
0.0042732250
0.0040203530
0.0039269290
0.0040163400
0.0042729800
0.0046097150
0.0049041060
0.0050575640
0.0050186470
0.0048040180
0.0044868150
0.0041390040
0.0037877490
0.0033973690
0.0028816320
0.0021743600
0.0013004060
0.0003602837
-0.0005204387
-0.0012796870
-0.0019380660
-0.0025491230
-0.0031849090
-0.0039253280
-0.0048253220
-0.0058901820
-0.0070748800
-0.0083371630
-0.0096860710
-0.0111703500
-0.0128253400
-0.0146029500
-0.0163733400
-0.0179950600
-0.0193806500
-0.0205437800
-0.0216067300
-0.0227159000
-0.0239644900
-0.0253455700
-0.0267691500
-0.0281216700
-0.0293216200
-0.0303323300
-0.0311697900
-0.0318792900
-0.0324884100
-0.0330071200
-0.0334305100
-0.0337494300
-0.0339434700
-0.0339799300
-0.0338386900
-0.0335165700
-0.0330158000
-0.0323517900
-0.0315490700
-0.0306279100
-0.0296035800
-0.0284746100
-0.0272094100
-0.0258035100
-0.0243161700
-0.0228571500
-0.0215267500
-0.0203489700
-0.0192693600
-0.0182094600
-0.0171464400
-0.0161216600
-0.0151806500
-0.0143549300
-0.0136927100
-0.0132463400
-0.0130501800
-0.0131039400
-0.0133549400
-0.0137272200
-0.0141495200
-0.0145659100
-0.0149242100
-0.0151730100
-0.0152770200
-0.0152058900
-0.0149428700
-0.0145064500
-0.0139559300
-0.0133803500
-0.0128702800
-0.0124799600
-0.0121968400
-0.0119408500
-0.0115994400
-0.0110874900
-0.0103913400
-0.0095669300
-0.0086740320
-0.0077301000
-0.0067123890
-0.0055796510
-0.0043177850
-0.0029771790
-0.0016326020
-0.0003412242
0.0008467250
0.0018660410
0.0026466230
0.0031539970
0.0033970730
0.0034041580
0.0031862280
0.0027373080
0.0020523060
0.0011545060
0.0001102458
-0.0010148490
-0.0021874530
-0.0033998090
-0.0046413980
-0.0059029910
-0.0071992280
-0.0085587360
-0.0099852110
-0.0114414600
-0.0128623700
-0.0141836600
-0.0153476100
-0.0163258200
-0.0171432400
-0.0178318800
-0.0184013200
-0.0188354500
-0.0191019900
-0.0191821000
-0.0190943000
-0.0189009900
-0.0186912200
-0.0185342300
-0.0184568900
-0.0184573000
-0.0185178000
-0.0186090400
-0.0187010500
-0.0187852900
-0.0188600600
-0.0189072900
-0.0189031300
-0.0188365300
-0.0186820100
-0.0183962500
-0.0179338700
-0.0172771100
-0.0164470900
-0.0154924300
-0.0144815400
-0.0134633100
-0.0124350400
-0.0113448800
-0.0101166000
-0.0086835890
-0.0070807070
-0.0054274880
-0.0038369440
-0.0023220430
-0.0008174617
0.0007722725
0.0025113260
0.0043954640
0.0063823540
0.0084060020
0.0104098500
0.0123918600
0.0143647900
0.0163171300
0.0182510600
0.0201896600
0.0221221400
0.0239764800
0.0256615000
0.0271362700
0.0284351700
0.0296574300
0.0309011200
0.0322155100
0.0335969500
0.0350056300
0.0363873000
0.0377027200
0.0389170500
0.0399902000
0.0408859800
0.0415827400
0.0420826400
0.0424199600
0.0426517200
0.0428308300
0.0429756200
0.0430643800
0.0430733500
0.0430000100
0.0428841800
0.0427986200
0.0428210900
0.0430341900
0.0434968300
0.0442095000
0.0451151500
0.0461382000
0.0471953500
0.0482165700
0.0491740600
0.0500856200
0.0509736700
0.0518405000
0.0526611100
0.0534075700
0.0540534000
0.0545523600
0.0548560600
0.0549347400
0.0547924900
0.0544566400
0.0539263500
0.0531900100
0.0522251500
0.0510013400
0.0495239600
0.0478446600
0.0460187000
0.0440885900
0.0421128800
0.0401792400
0.0383466500
0.0365841400
0.0347858200
0.0328303800
0.0306291200
0.0281708000
0.0255210400
0.0227775300
0.0200520100
0.0174206400
0.0149235200
0.0125769200
0.0103632300
0.0082468900
0.0061880250
0.0041532510
0.0021631130
0.0002660917
-0.0015087970
-0.0031792870
-0.0047865200
-0.0063729860
-0.0079526180
-0.0094979020
-0.0109802800
-0.0123893700
-0.0137234000
-0.0150288100
-0.0163764500
-0.0178033900
-0.0192975800
-0.0208175900
-0.0223270500
-0.0238194800
-0.0253190900
-0.0268472600
-0.0284029800
-0.0299605800
-0.0315024700
-0.0330540500
-0.0346274000
-0.0361883800
-0.0376857800
-0.0390629200
-0.0402962800
-0.0414232300
-0.0424989900
-0.0435629400
-0.0446343200
-0.0456879500
-0.0466597100
-0.0474770800
-0.0480713700
-0.0484049100
-0.0484754900
-0.0482886500
-0.0478861600
-0.0473398900
-0.0467175500
-0.0460813300
-0.0454718900
-0.0448960500
-0.0443500600
-0.0438483600
-0.0434111900
-0.0430622000
-0.0428231100
-0.0426942400
-0.0426653100
-0.0427293000
-0.0428810800
-0.0430991900
-0.0433563600
-0.0436269900
-0.0439164900
-0.0442762300
-0.0447631000
-0.0453945900
-0.0461407600
-0.0469474800
-0.0477472400
-0.0484771900
-0.0490931200
-0.0495761800
-0.0499263600
-0.0501592400
-0.0502910800
-0.0503248800
-0.0502426800
-0.0500220900
-0.0496596500
-0.0491849100
-0.0486481100
-0.0480901800
-0.0475210600
-0.0469255400
-0.0462801300
-0.0455444200
-0.0446610900
-0.0435736700
-0.0422665800
-0.0407663800
-0.0391320300
-0.0374632400
-0.0358668500
-0.0344413700
-0.0332519500
-0.0322938600
-0.0314909400
-0.0307274100
-0.0299189900
-0.0290332700
-0.0280786200
-0.0270948900
-0.0261049900
-0.0251153500
-0.0241392500
-0.0231986700
-0.0223118800
-0.0214828800
-0.0206857000
-0.0198562800
-0.0189216800
-0.0178363300
-0.0166215400
-0.0153643500
-0.0141625800
-0.0130590100
-0.0120336900
-0.0110202500
-0.0099465630
-0.0087901990
-0.0075665360
-0.0062839950
-0.0049194330
-0.0034468490
-0.0018736950
-0.0002431666
0.0013934920
0.0030096630
0.0046117610
0.0062451060
0.0079759440
0.0098685050
0.0119565300
0.0142429000
0.0166962400
0.0192858000
0.0219609800
0.0246726200
0.0273788000
0.0300313000
0.0325510600
0.0348664200
0.0369558100
0.0388241000
0.0404873700
0.0419716300
0.0432832900
0.0444060800
0.0453252700
0.0460351500
0.0465316800
0.0468016900
0.0468358600
0.0466492900
0.0462608500
0.0456673100
0.0448625800
0.0438828700
0.0428205000
0.0417809700
0.0408287000
0.0399586200
0.0391281900
0.0382871600
0.0374163300
0.0365532100
0.0357596000
0.0351010800
0.0346314100
0.0343682300
0.0342840300
0.0343147100
0.0343849000
0.0344367300
0.0344467500
0.0344132000
0.0343259000
0.0341731500
0.0339681600
0.0337313400
0.0334738000
0.0332043300
0.0329339800
0.0326663400
0.0324053100
0.0321696400
0.0319971400
0.0319473100
0.0320935900
0.0325009900
0.0331652200
0.0339954000
0.0348832900
0.0357449200
0.0365201800
0.0371836300
0.0377445300
0.0382529200
0.0387779900
0.0393611900
0.0399982600
0.0406407800
0.0412375400
0.0417514000
0.0421548600
0.0424361600
0.0425971500
0.0426510800
0.0426303200
0.0425765200
0.0425386800
0.0425586800
0.0426358500
0.0427106500
0.0426988900
0.0425387700
0.0422010900
0.0416772000
0.0409770000
0.0401233900
0.0391372400
0.0380260600
0.0367805200
0.0354003300
0.0339359300
0.0324808400
0.0310947300
0.0297862300
0.0285367500
0.0273062700
0.0260329000
0.0246387000
0.0230899900
0.0214175700
0.0196759100
0.0178919800
0.0160682800
0.0142052300
0.0123205000
0.0104496400
0.0086109370
0.0068229570
0.0050870700
0.0033946430
0.0017292970
0.0000741204
-0.0015769540
-0.0032178630
-0.0048414700
-0.0064384350
-0.0079916490
-0.0094847810
-0.0109161100
-0.0122919200
-0.0136329700
-0.0149585600
-0.0162740300
-0.0175852300
-0.0188868000
-0.0201435000
-0.0212947400
-0.0223033200
-0.0232036600
-0.0240744700
-0.0249861000
-0.0259831500
-0.0270690600
-0.0281952000
-0.0292588400
-0.0301243300
-0.0306724000
-0.0308775600
-0.0308149300
-0.0306079000
-0.0303705400
-0.0301773600
-0.0300481300
-0.0299532200
-0.0298342400
-0.0296390800
-0.0293731200
-0.0290984400
-0.0288878600
-0.0287766900
-0.0287663100
-0.0288486300
-0.0289985000
-0.0291649000
-0.0292672200
-0.0292245200
-0.0289997700
-0.0285827900
-0.0279755500
-0.0271998300
-0.0262721000
-0.0251731000
-0.0238640200
-0.0223550200
-0.0206976300
-0.0189363500
-0.0171127500
-0.0152754200
-0.0134687800
-0.0117522500
-0.0101826100
-0.0087978510
-0.0076205520
-0.0066487380
-0.0058500420
-0.0051808880
-0.0046012360
-0.0040911000
-0.0036291310
-0.0031938610
-0.0027924580
-0.0024607850
-0.0022395530
-0.0021313280
-0.0020821330
-0.0020472790
-0.0020209080
-0.0020079580
-0.0020009960
-0.0019855220
-0.0019494920
-0.0018835790
-0.0017826830
-0.0016432100
-0.0014508420
-0.0011831620
-0.0008196812
-0.0003583915
0.0001848111
0.0007843316
0.0014288340
0.0021223260
0.0028511420
0.0035883870
0.0043320040
0.0050851100
0.0058314240
0.0065439520
0.0071944410
0.0077663760
0.0082587680
0.0086728490
0.0089818180
0.0091257160
0.0090651820
0.0088243280
0.0084741210
0.0080873540
0.0077142560
0.0073777060
0.0070787050
0.0067928670
0.0064906620
0.0061795370
0.0059001290
0.0056879610
0.0055711030
0.0055619300
0.0056349670
0.0057386170
0.0058079810
0.0057804110
0.0056221610
0.0053461440
0.0049897940
0.0045989600
0.0042329210
0.0039388880
0.0037360160
0.0036195570
0.0035494960
0.0034698270
0.0033547180
0.0032231560
0.0031323710
0.0031281560
0.0032024130
0.0033187780
0.0034443270
0.0035434950
0.0035661620
0.0034952050
0.0033693160
0.0032456150
0.0031772960
0.0031867390
0.0032588420
0.0033664260
0.0034926520
0.0036435480
0.0038476520
0.0041385970
0.0045396620
0.0050712810
0.0057408510
0.0065254100
0.0073937180
0.0083426800
0.0093636000
0.0104623600
0.0116119800
0.0127776500
0.0139476800
0.0151187200
0.0162746800
0.0173978000
0.0184859300
0.0195471600
0.0205890900
0.0215992100
0.0225637700
0.0234772200
0.0243261700
0.0250979700
0.0257827000
0.0263701600
0.0268593200
0.0272496500
0.0275428500
0.0277714100
0.0279971100
0.0282634200
0.0285596700
0.0288322000
0.0290317500
0.0291589900
0.0292594700
0.0293841400
0.0295562100
0.0297553900
0.0299370700
0.0300424200
0.0300053900
0.0298049700
0.0294590700
0.0289817500
0.0283915500
0.0277027900
0.0269346000
0.0260996700
0.0252004700
0.0242291800
0.0231546300
0.0219412700
0.0205880400
0.0191526200
0.0177368900
0.0164613700
0.0154105400
0.0146219200
0.0140691400
0.0136591900
0.0132860600
0.0128750000
0.0124013000
0.0118895000
0.0113759400
0.0108525300
0.0102575800
0.0095180490
0.0085810620
0.0074173230
0.0060530220
0.0045881330
0.0031461500
0.0018138480
0.0006152952
-0.0004710002
-0.0014901980
-0.0024749240
-0.0034527080
-0.0044419880
-0.0054631580
-0.0065209600
-0.0075977730
-0.0086691560
-0.0097357450
-0.0108174100
-0.0119288300
-0.0130911800
-0.0143302700
-0.0156570500
-0.0170500900
-0.0184557700
-0.0198126800
-0.0210852500
-0.0222804100
-0.0234615600
-0.0246952400
-0.0259976100
-0.0273330800
-0.0286629400
-0.0299518800
-0.0311626700
-0.0322754800
-0.0332729300
-0.0341359700
-0.0348643900
-0.0354771900
-0.0359931400
-0.0364285200
-0.0367814400
-0.0370423700
-0.0372064000
-0.0372687600
-0.0372184200
-0.0370295800
-0.0366597200
-0.0360836000
-0.0353006100
-0.0343437600
-0.0332633300
-0.0320969200
-0.0308636500
-0.0295838500
-0.0282585600
-0.0268713600
-0.0254288400
-0.0239640900
-0.0224978900
-0.0210326100
-0.0195797800
-0.0181670300
-0.0168392500
-0.0156374100
-0.0145813500
-0.0136466100
-0.0127783600
-0.0119195500
-0.0110473800
-0.0101770000
-0.0093244210
-0.0084932470
-0.0076972380
-0.0069559240
-0.0062533480
-0.0055545320
-0.0048392910
-0.0041143120
-0.0034032610
-0.0027127010
-0.0020192740
-0.0012778650
-0.0004356687
0.0005538608
0.0017295070
0.0030990710
0.0046473430
0.0063476970
0.0081452030
0.0099790170
0.0118033400
0.0136089500
0.0154226900
0.0172656100
0.0191175200
0.0209192300
0.0225970300
0.0240717400
0.0252895800
0.0262457200
0.0269771200
0.0275345600
0.0279820100
0.0283703500
0.0287261000
0.0290444000
0.0293064100
0.0295024800
0.0296502100
0.0297847200
0.0299227600
0.0300492200
0.0301489400
0.0302257000
0.0302870500
0.0303271200
0.0303234500
0.0302433700
0.0300649800
0.0297531600
0.0292470200
0.0284887300
0.0274506000
0.0261685000
0.0247279900
0.0232468900
0.0218147600
0.0204675400
0.0191746700
0.0178600600
0.0164496700
0.0149254400
0.0133190700
0.0116729900
0.0100189100
0.0083745840
0.0067546590
0.0051836800
0.0036988160
0.0023209440
0.0010454860
-0.0001707462
-0.0014116100
-0.0027464830
-0.0042026710
-0.0057692070
-0.0073895520
-0.0089874430
-0.0105090300
-0.0119495500
-0.0133598600
-0.0148062000
-0.0163311400
-0.0179347600
-0.0195815200
-0.0212328100
-0.0228299800
-0.0243157900
-0.0256647100
-0.0268654500
-0.0279230700
-0.0288586200
-0.0296934200
-0.0304422300
-0.0311064000
-0.0316693700
-0.0321142100
-0.0324359300
-0.0326341400
-0.0326997700
-0.0326282000
-0.0324476400
-0.0322090000
-0.0319445800
-0.0316638200
-0.0313781600
-0.0311168700
-0.0309076100
-0.0307322900
-0.0305244800
-0.0302142000
-0.0297677700
-0.0291959600
-0.0285529100
-0.0279073800
-0.0272763900
-0.0265931000
-0.0257556500
-0.0247158300
-0.0235193100
-0.0222635600
-0.0210364800
-0.0198810700
-0.0187958500
-0.0177419200
-0.0166497700
-0.0154898800
-0.0142891300
-0.0131067200
-0.0120150300
-0.0110643300
-0.0102744500
-0.0096440880
-0.0091420680
-0.0086972300
-0.0082363020
-0.0076966120
-0.0070398900
-0.0062866800
-0.0054984010
-0.0047449210
-0.0040801830
-0.0035069110
-0.0029702630
-0.0023964330
-0.0017455990
-0.0010092560
-0.0002144626
0.0005796008
0.0013283590
0.0019998310
0.0025583500
0.0030051330
0.0034002700
0.0038041960
0.0042341470
0.0046725620
0.0050861740
0.0054292780
0.0056656520
0.0057816790
0.0058010610
0.0057578870
0.0056798560
0.0055964900
0.0055254890
0.0054456540
0.0053143290
0.0051153590
0.0048789770
0.0046310860
0.0043532740
0.0040279980
0.0036593880
0.0032623360
0.0028434350
0.0023963580
0.0019350330
0.0014866940
0.0010621080
0.0006529004
0.0002619377
-0.0000894575
-0.0003906496
-0.0006626558
-0.0009411371
-0.0012530330
-0.0015681420
-0.0018180950
-0.0019655580
-0.0020216390
-0.0020136510
-0.0019547610
-0.0018487170
-0.0016845410
-0.0014379520
-0.0010862210
-0.0006134025
-0.0000374461
0.0005655512
0.0010698930
0.0013578750
0.0013959520
0.0012459810
0.0010141810
0.0007887365
0.0005961006
0.0004188103
0.0002247040
-0.0000046573
-0.0002549313
-0.0004821131
-0.0006478517
-0.0007395224
-0.0007656609
-0.0007290192
-0.0006309175
-0.0004879461
-0.0003403140
-0.0002427579
-0.0002307169
-0.0002993874
-0.0004429918
-0.0006644804
-0.0009342261
-0.0012027490
-0.0014431330
-0.0016577410
-0.0018605250
-0.0020727520
-0.0023167380
-0.0026003660
-0.0029121110
-0.0032156310
-0.0034531290
-0.0035640970
-0.0035010280
-0.0032399020
-0.0027972130
-0.0022093060
-0.0015162050
-0.0007446811
0.0000880044
0.0009733488
0.0019052660
0.0028545540
0.0037645710
0.0045887840
0.0053061710
0.0059039840
0.0064035090
0.0068810260
0.0074399530
0.0081548970
0.0090593860
0.0101201800
0.0112516800
0.0123552400
0.0133680900
0.0142788700
0.0150885300
0.0158010000
0.0164388300
0.0170391400
0.0176374600
0.0182437000
0.0188318700
0.0193620000
0.0198080400
0.0201675400
0.0204643500
0.0207310600
0.0209966200
0.0212672500
0.0215018000
0.0216315900
0.0216267200
0.0215024700
0.0213005100
0.0210669400
0.0208270800
0.0205863900
0.0203460800
0.0201111000
0.0198884700
0.0196769900
0.0194742600
0.0192885300
0.0191250800
0.0189878000
0.0188681900
0.0187295700
0.0185132600
0.0181716900
0.0176996000
0.0171560900
0.0166355600
0.0162118100
0.0158921500
0.0156469000
0.0154144600
0.0151228400
0.0147203100
0.0142003600
0.0135849600
0.0128964500
0.0121517500
0.0113784200
0.0106028200
0.0098261620
0.0090320840
0.0082104490
0.0073567560
0.0064772790
0.0055911820
0.0047219190
0.0038965100
0.0031366330
0.0024460850
0.0018124200
0.0012051500
0.0005971476
-0.0000097151
-0.0005911490
-0.0011292100
-0.0016118560
-0.0020463990
-0.0024984070
-0.0030544550
-0.0037734750
-0.0046694710
-0.0056982770
-0.0067578340
-0.0077313650
-0.0085546470
-0.0092417980
-0.0098771220
-0.0105592200
-0.0113400700
-0.0122095700
-0.0131159700
-0.0140005900
-0.0148356300
-0.0156207500
-0.0163809700
-0.0171617200
-0.0179922500
-0.0188717500
-0.0197686100
-0.0206524400
-0.0215247500
-0.0224009000
-0.0232495600
-0.0239852600
-0.0245254800
-0.0248257800
-0.0248979600
-0.0248073400
-0.0246351000
-0.0244417700
-0.0242783400
-0.0241887200
-0.0241899100
-0.0242736100
-0.0244189700
-0.0246068100
-0.0248247700
-0.0250637200
-0.0253353200
-0.0256705700
-0.0260729200
-0.0264910300
-0.0268579000
-0.0271353000
-0.0273021000
-0.0273329800
-0.0272004500
-0.0268979400
-0.0264499600
-0.0258980200
-0.0252959500
-0.0246894700
-0.0241001100
-0.0235254800
-0.0229525700
-0.0223733700
-0.0217892100
-0.0212009900
-0.0205985400
-0.0199697100
-0.0193104400
-0.0186465700
-0.0180433200
-0.0175681300
-0.0172352200
-0.0169989900
-0.0167721300
-0.0164700200
-0.0160411800
-0.0154642300
-0.0147474800
-0.0139129900
-0.0129770900
-0.0119443100
-0.0108096300
-0.0095869470
-0.0083022110
-0.0069698790
-0.0056167550
-0.0043054890
-0.0030777630
-0.0019225180
-0.0008167026
0.0002675749
0.0013503470
0.0024298150
0.0034884780
0.0044955440
0.0054075530
0.0061831150
0.0068247980
0.0073731950
0.0078713920
0.0083416640
0.0087975720
0.0092505460
0.0096955020
0.0101055500
0.0104472900
0.0106937300
0.0108448700
0.0109269500
0.0109657200
0.0109746100
0.0109554800
0.0108928900
0.0107671700
0.0105637800
0.0102612500
0.0098360900
0.0092784190
0.0086021730
0.0078438450
0.0070408240
0.0062343080
0.0054633390
0.0047704280
0.0041992930
0.0037729760
0.0034617030
0.0031903070
0.0028854860
0.0025101390
0.0020630220
0.0015820870
0.0011262880
0.0007305899
0.0003837485
0.0000397740
-0.0003503407
-0.0008100110
-0.0013365880
-0.0019034730
-0.0024602490
-0.0029528560
-0.0033458340
-0.0036232890
-0.0037889980
-0.0038604820
-0.0038612080
-0.0038366540
-0.0038358380
-0.0038857260
-0.0039790590
-0.0040746510
-0.0041137710
-0.0040582560
-0.0039063220
-0.0036720020
-0.0033719470
-0.0030145060
-0.0026010520
-0.0021534150
-0.0017041510
-0.0012569000
-0.0007873043
-0.0002778515
0.0002612291
0.0008074312
0.0013761270
0.0020034430
0.0026949600
0.0034162440
0.0040956080
0.0046786200
0.0051857760
0.0056918460
0.0062552620
0.0068733300
0.0074930800
0.0080623870
0.0085609020
0.0089880420
0.0093564650
0.0097031070
0.0100848500
0.0105342800
0.0110470500
0.0116067600
0.0122055200
0.0128429900
0.0134993800
0.0141352100
0.0147183300
0.0152247900
0.0156344400
0.0159393900
0.0161559700
0.0163172900
0.0164663600
0.0166178800
0.0167555600
0.0168529000
0.0168982800
0.0169083300
0.0168998600
0.0168626300
0.0167598600
0.0165383100
0.0161646400
0.0156420100
0.0149816900
0.0141920500
0.0132770500
0.0122637200
0.0112150000
0.0102047000
0.0092770980
0.0084308460
0.0076207430
0.0067748560
0.0058399010
0.0047976490
0.0036639990
0.0024923030
0.0013329560
0.0001679584
-0.0010381850
-0.0023021700
-0.0036408650
-0.0050575540
-0.0065189220
-0.0079572440
-0.0093103350
-0.0105585000
-0.0117175800
-0.0127904800
-0.0137688300
-0.0146451400
-0.0154083000
-0.0160524500
-0.0165764400
-0.0169806200
-0.0172662300
-0.0174473900
-0.0175417700
-0.0175561300
-0.0175018400
-0.0173901400
-0.0172373700
-0.0170624800
-0.0168788000
-0.0166875900
-0.0164810100
-0.0162647400
-0.0160488700
-0.0158490200
-0.0156949000
-0.0156182300
-0.0156284400
-0.0157073100
-0.0158320200
-0.0159947000
-0.0162115200
-0.0164944600
-0.0168241500
-0.0171724500
-0.0175078700
-0.0177996700
-0.0180406000
-0.0182360900
-0.0183277000
-0.0182111600
-0.0178222700
-0.0171650000
-0.0162863500
-0.0152354100
-0.0140759800
-0.0128725800
-0.0116835200
-0.0105409900
-0.0094323970
-0.0083367730
-0.0072436600
-0.0061484730
-0.0050621970
-0.0039957940
-0.0029345030
-0.0018586300
-0.0007879026
0.0002237367
0.0011492450
0.0020085490
0.0028234710
0.0036028630
0.0043532300
0.0051088650
0.0059040120
0.0067595780
0.0076757490
0.0086135640
0.0094968570
0.0102408300
0.0107895700
0.0111535600
0.0114121000
0.0116540500
0.0119060900
0.0121203800
0.0122387000
0.0122352000
0.0120998900
0.0118282500
0.0114221000
0.0109075400
0.0103624600
0.0098784980
0.0095196220
0.0093102720
0.0092407430
0.0092742550
0.0093548090
0.0094303980
0.0094851340
0.0095563060
0.0096979660
0.0099302030
0.0102187500
0.0104967700
0.0106921200
0.0107463500
0.0106449600
0.0104346600
0.0102053400
0.0100475200
0.0100251500
0.0101253700
0.0102593700
0.0103184900
0.0102266200
0.0099698180
0.0095941250
0.0091783940
0.0088001570
0.0085024320
0.0082885930
0.0081324200
0.0079878890
0.0077977400
0.0075222100
0.0071607820
0.0067331190
0.0062641080
0.0057651090
0.0052361550
0.0046750330
0.0040690580
0.0033993360
0.0026442960
0.0017852210
0.0008222983
-0.0002289573
-0.0013225120
-0.0023838170
-0.0033614950
-0.0042461370
-0.0050647330
-0.0058516580
-0.0066130730
-0.0073308120
-0.0079872760
-0.0085642700
-0.0090538460
-0.0094768540
-0.0098716690
-0.0102512800
-0.0105730800
-0.0107815900
-0.0108395800
-0.0107323200
-0.0104802900
-0.0101275500
-0.0096983990
-0.0091815530
-0.0085574260
-0.0078276740
-0.0070152800
-0.0061428700
-0.0052310900
-0.0043211950
-0.0034633290
-0.0027045670
-0.0020532330
-0.0014800710
-0.0009575059
-0.0004774236
-0.0000575919
0.0002743595
0.0005104919
0.0006659632
0.0007615782
0.0008144331
0.0008294828
0.0007955390
0.0006984345
0.0005578652
0.0004144229
0.0002740062
0.0000922518
-0.0001865092
-0.0005740228
-0.0010351000
-0.0015010570
-0.0018970420
-0.0021584040
-0.0022472070
-0.0021774470
-0.0020035300
-0.0017886600
-0.0015623070
-0.0013029560
-0.0009610005
-0.0005034242
0.0000691667
0.0007431761
0.0015210680
0.0023994650
0.0033397070
0.0043011690
0.0052437460
0.0061085550
0.0068442360
0.0074474990
0.0079846570
0.0085567650
0.0092105860
0.0099145580
0.0105819900
0.0111276800
0.0114995900
0.0116827700
0.0117000100
0.0115832700
0.0113687200
0.0110874800
0.0107550600
0.0103456200
0.0098102220
0.0091134720
0.0082560440
0.0072609960
0.0061761190
0.0050394670
0.0038787530
0.0027459820
0.0017166040
0.0008643389
0.0002410213
-0.0001535728
-0.0003849637
-0.0005463494
-0.0007316156
-0.0009961600
-0.0013046290
-0.0015565020
-0.0016609020
-0.0015795550
-0.0013292680
-0.0009566725
-0.0005163598
-0.0000652972
0.0003523837
0.0007082097
0.0009843207
0.0011798610
0.0013203000
0.0014459990
0.0015842350
0.0017446000
0.0019285720
0.0021290410
0.0023256360
0.0025002730
0.0026424440
0.0027473920
0.0028076360
0.0028028420
0.0027248360
0.0025831920
0.0023789150
0.0021010780
0.0017462980
0.0013347990
0.0008940966
0.0004455664
0.0000099081
-0.0003945937
-0.0007687507
-0.0011305010
-0.0014978210
-0.0018710070
-0.0022170670
-0.0024912950
-0.0026694770
-0.0027449940
-0.0027246770
-0.0026265480
-0.0024974390
-0.0024294030
-0.0025002650
-0.0027222860
-0.0030456140
-0.0033797130
-0.0036378130
-0.0037788990
-0.0038105200
-0.0037614310
-0.0036629950
-0.0035431110
-0.0034147830
-0.0032884090
-0.0031799610
-0.0031055470
-0.0030753130
-0.0030894150
-0.0031303030
-0.0031744040
-0.0032049120
-0.0032195870
-0.0032374320
-0.0032802180
-0.0033361190
-0.0033704110
-0.0033434010
-0.0032053970
-0.0029137840
-0.0024440870
-0.0018056570
-0.0010648270
-0.0003147057
0.0003530032
0.0008557204
0.0011659030
0.0013210070
0.0013688620
0.0013517760
0.0013046860
0.0012509990
0.0012004610
0.0011586360
0.0011209650
0.0010548690
0.0009061194
0.0006367787
0.0002632461
-0.0001419172
-0.0004960737
-0.0007366366
-0.0008567915
-0.0008762692
-0.0008084343
-0.0006647164
-0.0004346433
-0.0000902050
0.0003741102
0.0009211975
0.0015187420
0.0021713790
0.0028601940
0.0035359750
0.0041565630
0.0047262300
0.0052823670
0.0058412980
0.0063924230
0.0069012910
0.0073419040
0.0077002530
0.0079572770
0.0080917580
0.0080844620
0.0079265170
0.0076355460
0.0072471160
0.0068034150
0.0063495810
0.0059304830
0.0055836300
0.0053413960
0.0051881030
0.0050564240
0.0048960620
0.0046979840
0.0044943460
0.0043273660
0.0042138980
0.0041312650
0.0040420800
0.0039148140
0.0037446830
0.0035474180
0.0033530130
0.0032056150
0.0031399690
0.0031800300
0.0033513580
0.0036508300
0.0040302160
0.0044058050
0.0046996630
0.0048853220
0.0049915860
0.0050668570
0.0051521780
0.0052738220
0.0054557020
0.0057097300
0.0060283550
0.0063915760
0.0067725760
0.0071408820
0.0074615080
0.0076944760
0.0078034830
0.0077749780
0.0076269600
0.0074039470
0.0071535140
0.0068795110
0.0065491460
0.0061502220
0.0056948510
0.0052253130
0.0048218020
0.0045686540
0.0044992090
0.0045749040
0.0047080550
0.0047989320
0.0047816920
0.0046422750
0.0044133350
0.0041411610
0.0038633930
0.0036005040
0.0033649330
0.0031535170
0.0029649050
0.0028070330
0.0026965870
0.0026518070
0.0026770290
0.0027585980
0.0028757610
0.0030158340
0.0031657150
0.0033155430
0.0034576730
0.0035612330
0.0035782790
0.0034843360
0.0032817930
0.0029809400
0.0025953130
0.0021498070
0.0016692680
0.0011714840
0.0006824197
0.0002197718
-0.0002224352
-0.0006663779
-0.0011294610
-0.0016089730
-0.0020899760
-0.0025395800
-0.0029161500
-0.0031746430
-0.0032760690
-0.0031970690
-0.0029558870
-0.0026115210
-0.0022437690
-0.0019177790
-0.0016644650
-0.0014727630
-0.0013057430
-0.0011179690
-0.0008841628
-0.0005963339
-0.0002641916
0.0000778753
0.0003870057
0.0006313715
0.0007760403
0.0007726086
0.0005992184
0.0002722327
-0.0001576243
-0.0006140239
-0.0010493130
-0.0014721480
-0.0019130790
-0.0023938980
-0.0029234890
-0.0034892450
-0.0040374220
-0.0044899830
-0.0048242040
-0.0050840270
-0.0053172300
-0.0055440400
-0.0057975870
-0.0061148140
-0.0065071790
-0.0069577100
-0.0074460520
-0.0079435690
-0.0084208090
-0.0088587740
-0.0092419130
-0.0095597810
-0.0098105180
-0.0100173500
-0.0102091400
-0.0103945800
-0.0105675300
-0.0107144100
-0.0108164500
-0.0108699700
-0.0109002400
-0.0109487900
-0.0110366600
-0.0111480900
-0.0112224000
-0.0111881800
-0.0110203900
-0.0107425000
-0.0104159600
-0.0101101600
-0.0098722480
-0.0096992740
-0.0095616680
-0.0094289550
-0.0092722310
-0.0090698990
-0.0088089860
-0.0084837100
-0.0080822450
-0.0075851090
-0.0069884870
-0.0063173160
-0.0056297600
-0.0049749480
-0.0043640280
-0.0038001140
-0.0032779940
-0.0027760180
-0.0022853270
-0.0018187490
-0.0013779580
-0.0009375664
-0.0004703391
0.0000377470
0.0005948708
0.0012032260
0.0018557730
0.0025371500
0.0032218660
0.0038876800
0.0045139120
0.0050879010
0.0055990620
0.0060260370
0.0063512030
0.0065564290
0.0066617190
0.0067282900
0.0068291780
0.0070070630
0.0072532190
0.0075085460
0.0077074750
0.0078383840
0.0079321410
0.0080260610
0.0081379920
0.0082695650
0.0084184320
0.0085893790
0.0088040030
0.0090696890
0.0093352990
0.0095178280
0.0095619950
0.0094579620
0.0092290590
0.0089154780
0.0085576110
0.0081921530
0.0078620550
0.0076134710
0.0074628760
0.0073821910
0.0073300150
0.0072703610
0.0071851220
0.0070571070
0.0068633480
0.0065804600
0.0061892020
0.0057171110
0.0052269990
0.0047616040
0.0043327860
0.0039456520
0.0035916870
0.0032351500
0.0028448090
0.0024399940
0.0020714510
0.0017724600
0.0015433240
0.0013695410
0.0012265900
0.0011027700
0.0010045060
0.0009445203
0.0009301957
0.0009471137
0.0009529094
0.0009038139
0.0007999110
0.0006843226
0.0006014641
0.0005729307
0.0005827886
0.0005848996
0.0005395091
0.0004277726
0.0002288492
-0.0000672838
-0.0004406680
-0.0008635500
-0.0013133180
-0.0017722000
-0.0022380130
-0.0027055060
-0.0031657700
-0.0036056040
-0.0040125790
-0.0043745980
-0.0046958000
-0.0049971120
-0.0053022190
-0.0056205360
-0.0059340860
-0.0062017070
-0.0063889640
-0.0064921040
-0.0065323820
-0.0065469600
-0.0065778040
-0.0066677320
-0.0068447150
-0.0071131580
-0.0074414640
-0.0077686290
-0.0080363010
-0.0082194500
-0.0083197350
-0.0083503180
-0.0083351900
-0.0083054110
-0.0083077930
-0.0083855880
-0.0085522150
-0.0087703500
-0.0089758560
-0.0091034810
-0.0091061080
-0.0089782800
-0.0087494680
-0.0084616160
-0.0081482170
-0.0078427310
-0.0075735680
-0.0073400630
-0.0071318160
-0.0069495240
-0.0068037510
-0.0067096660
-0.0066784460
-0.0067089240
-0.0067784800
-0.0068544820
-0.0069011600
-0.0068980390
-0.0068540200
-0.0067991310
-0.0067382540
-0.0066436270
-0.0064847410
-0.0062546980
-0.0059712040
-0.0056707270
-0.0053774410
-0.0050752320
-0.0047647490
-0.0044782590
-0.0042559090
-0.0041284390
-0.0041008370
-0.0041476830
-0.0042267060
-0.0043002600
-0.0043504230
-0.0043582580
-0.0043278280
-0.0042729720
-0.0042038610
-0.0041369090
-0.0040892990
-0.0040656800
-0.0040454040
-0.0039932520
-0.0038862690
-0.0037175050
-0.0034905370
-0.0032178030
-0.0029276060
-0.0026714380
-0.0024929410
-0.0024065970
-0.0023957010
-0.0024183030
-0.0024339810
-0.0024141330
-0.0023403360
-0.0022075350
-0.0020360740
-0.0018578630
-0.0017215470
-0.0016642590
-0.0016953840
-0.0017974940
-0.0019427400
-0.0020942950
-0.0022025530
-0.0022394830
-0.0022204980
-0.0021604450
-0.0020628180
-0.0019338960
-0.0018006600
-0.0017180360
-0.0017407760
-0.0018860940
-0.0021174800
-0.0023809580
-0.0026285750
-0.0028380180
-0.0029972520
-0.0031058740
-0.0031704130
-0.0031982820
-0.0031880990
-0.0031182960
-0.0029585970
-0.0026911400
-0.0023317170
-0.0018908840
-0.0013599880
-0.0007451878
-0.0000677456
0.0006595554
0.0014224380
0.0021944920
0.0029351520
0.0035977430
0.0041420570
0.0045581870
0.0048613010
0.0050790980
0.0052448990
0.0053629330
0.0054166930
0.0054117530
0.0053677260
0.0052976300
0.0052148790
0.0051161770
0.0049773850
0.0047819460
0.0045375290
0.0042641710
0.0039717250
0.0036735000
0.0033956890
0.0031644470
0.0029853890
0.0028407120
0.0027131630
0.0026026930
0.0025280250
0.0025277670
0.0026496630
0.0029173420
0.0033083580
0.0037528250
0.0041806090
0.0045613290
0.0049024080
0.0052301160
0.0055690780
0.0059289910
0.0063321520
0.0068148950
0.0074039870
0.0081073400
0.0089074020
0.0097539080
0.0105842600
0.0113636700
0.0120857800
0.0127442700
0.0133414100
0.0138990100
0.0144292700
0.0149057500
0.0153083700
0.0156389700
0.0159140800
0.0161728500
0.0164351900
0.0166775700
0.0168690600
0.0169919900
0.0170460600
0.0170377100
0.0169775700
0.0168834000
0.0167653700
0.0165994600
0.0163563100
0.0160201600
0.0156156900
0.0152110800
0.0148826700
0.0146746300
0.0145756500
0.0145581500
0.0146025100
0.0146907400
0.0148078600
0.0149436000
0.0150895200
0.0152366900
0.0153674000
0.0154558700
0.0154678900
0.0153842300
0.0152288100
0.0150465400
0.0148743000
0.0147286600
0.0145962700
0.0144423900
0.0142382400
0.0139471200
0.0135467000
0.0130576900
0.0125067900
0.0119046100
0.0112722500
0.0106464700
0.0100652600
0.0095321910
0.0090026200
0.0084356180
0.0078175260
0.0071543350
0.0064478540
0.0057034380
0.0049658370
0.0042987630
0.0037289230
0.0032330000
0.0027633260
0.0022665610
0.0017146040
0.0011162860
0.0005052820
-0.0001078213
-0.0007556679
-0.0014951990
-0.0023440040
-0.0032573000
-0.0041533030
-0.0049455260
-0.0055859380
-0.0060830370
-0.0064938940
-0.0069028380
-0.0073546400
-0.0078436340
-0.0083418960
-0.0088096740
-0.0092364420
-0.0096688310
-0.0101764800
-0.0107870000
-0.0114888100
-0.0122567800
-0.0130451500
-0.0137864000
-0.0144247100
-0.0149409300
-0.0153684700
-0.0157837100
-0.0162602600
-0.0168325700
-0.0174863900
-0.0181580600
-0.0187650000
-0.0192574400
-0.0196423000
-0.0199629800
-0.0202681200
-0.0205915500
-0.0209429000
-0.0213171700
-0.0216861900
-0.0219834900
-0.0221096500
-0.0220025500
-0.0217036300
-0.0213260300
-0.0209893500
-0.0207749800
-0.0206991900
-0.0207006700
-0.0206885700
-0.0205946900
-0.0203863000
-0.0200695700
-0.0197010300
-0.0193484400
-0.0190302200
-0.0187146900
-0.0183576200
-0.0179259500
-0.0174029200
-0.0168041500
-0.0161671200
-0.0155285600
-0.0149113500
-0.0143293400
-0.0137834200
-0.0132613600
-0.0127574400
-0.0122706800
-0.0118000500
-0.0113391700
-0.0108686600
-0.0103586900
-0.0097940080
-0.0092057170
-0.0086557700
-0.0081977800
-0.0078667960
-0.0076690390
-0.0075697570
-0.0075158500
-0.0074805290
-0.0074742220
-0.0075077090
-0.0075571560
-0.0075754390
-0.0075098620
-0.0073201790
-0.0070161410
-0.0066533700
-0.0063007350
-0.0060099060
-0.0057961000
-0.0056241990
-0.0054471350
-0.0052331370
-0.0049822650
-0.0046928340
-0.0043360480
-0.0038960900
-0.0033967440
-0.0028941310
-0.0024320160
-0.0020268000
-0.0016684720
-0.0013332470
-0.0010033740
-0.0006777084
-0.0003534814
-0.0000225507
0.0003176781
0.0006684035
0.0010488420
0.0014859770
0.0019775130
0.0024801240
0.0029162240
0.0032306040
0.0034189070
0.0035169450
0.0035829520
0.0036736340
0.0038347430
0.0040874110
0.0044152360
0.0047806560
0.0051621230
0.0055523440
0.0059317440
0.0062815080
0.0066044180
0.0069043420
0.0071832030
0.0074407260
0.0076810290
0.0079020550
0.0080949790
0.0082500950
0.0083545710
0.0084051270
0.0084305970
0.0084760570
0.0085713770
0.0087252170
0.0089188360
0.0091143970
0.0092671600
0.0093396390
0.0093224280
0.0092503260
0.0091918180
0.0091933630
0.0092460620
0.0093175600
0.0093780660
0.0094260740
0.0095020130
0.0096467230
0.0098646420
0.0101278300
0.0103906500
0.0105974400
0.0106983600
0.0106789200
0.0105885900
0.0105165400
0.0105459800
0.0107067800
0.0109712300
0.0112821400
0.0115746100
0.0118107900
0.0119817900
0.0120938200
0.0121582000
0.0121810400
0.0121602200
0.0120851800
0.0119503200
0.0117851100
0.0116533200
0.0115939400
0.0115801400
0.0115506900
0.0114767500
0.0113777300
0.0112980600
0.0112797000
0.0113458100
0.0114824400
0.0116436800
0.0117836500
0.0118878200
0.0119880600
0.0121159600
0.0122760000
0.0124750900
0.0127285900
0.0130367900
0.0133751700
0.0137169300
0.0140631900
0.0144404000
0.0148710400
0.0153460100
0.0158253700
0.0162440500
0.0165331500
0.0166706300
0.0166921500
0.0166575100
0.0166173800
0.0166083100
0.0166433800
0.0166808800
0.0166289500
0.0164061600
0.0159831900
0.0153939800
0.0147074500
0.0139842200
0.0132591000
0.0125500200
0.0118477000
0.0111257800
0.0103629000
0.0095449290
0.0086734920
0.0077580440
0.0067996720
0.0058091050
0.0048241190
0.0038816120
0.0029801180
0.0020954740
0.0012044810
0.0002838427
-0.0006996005
-0.0017612270
-0.0028628190
-0.0039229120
-0.0048591220
-0.0056410860
-0.0062900150
-0.0068408840
-0.0073338670
-0.0077960080
-0.0082401720
-0.0086791490
-0.0091236440
-0.0095762130
-0.0100310600
-0.0104646900
-0.0108520700
-0.0111871100
-0.0114836300
-0.0117607500
-0.0120269600
-0.0122806600
-0.0125288800
-0.0127973900
-0.0131188800
-0.0135222500
-0.0140212500
-0.0145912900
-0.0151906100
-0.0157575800
-0.0162368400
-0.0166126400
-0.0169142800
-0.0171780600
-0.0174356200
-0.0177216000
-0.0180605300
-0.0184448100
-0.0188376100
-0.0192007500
-0.0195120400
-0.0197743900
-0.0200188500
-0.0202592200
-0.0204702300
-0.0206137900
-0.0206779500
-0.0206810000
-0.0206458700
-0.0205853600
-0.0204940400
-0.0203406100
-0.0200863400
-0.0197129600
-0.0192222700
-0.0186400700
-0.0179884200
-0.0172776000
-0.0165035900
-0.0156581900
-0.0147675400
-0.0138825600
-0.0130573400
-0.0123275400
-0.0116815100
-0.0110883300
-0.0105227200
-0.0099789480
-0.0094765680
-0.0090388460
-0.0086828610
-0.0084048560
-0.0081669810
-0.0079350200
-0.0076906050
-0.0074187920
-0.0070944750
-0.0067116770
-0.0062984760
-0.0059035230
-0.0055668670
-0.0052899440
-0.0050421780
-0.0047842760
-0.0044875960
-0.0041453570
-0.0037568320
-0.0033139030
-0.0028077100
-0.0022324840
-0.0016055660
-0.0009543993
-0.0003272267
0.0002269056
0.0007010891
0.0011460560
0.0016358250
0.0022189260
0.0028936050
0.0036109490
0.0043179870
0.0049871180
0.0056490030
0.0063805110
0.0072468470
0.0082513720
0.0093430240
0.0104435800
0.0114784800
0.0123950600
0.0131801100
0.0138600500
0.0144816600
0.0150769000
0.0156544400
0.0161990800
0.0166756400
0.0170494400
0.0173079800
0.0174788200
0.0176121100
0.0177541000
0.0179181700
0.0180907400
0.0182290100
0.0182679300
0.0181705900
0.0179382500
0.0175923300
0.0171780000
0.0167446100
0.0163135600
0.0158658700
0.0153701300
0.0148110000
0.0142076100
0.0135783400
0.0129076000
0.0121816300
0.0114211100
0.0106843100
0.0100351400
0.0094939500
0.0090252160
0.0085761160
0.0081108100
0.0076301350
0.0071710360
0.0067731070
0.0064609360
0.0062296400
0.0059992730
0.0056514750
0.0050968500
0.0043188920
0.0033890990
0.0024140980
0.0014645400
0.0005419131
-0.0003799104
-0.0013093100
-0.0022315430
-0.0031336160
-0.0040365030
-0.0049771620
-0.0059605850
-0.0069470980
-0.0078741280
-0.0086894010
-0.0093730790
-0.0099404380
-0.0104262300
-0.0108501000
-0.0112171600
-0.0115377500
-0.0118230100
-0.0120743000
-0.0122935000
-0.0125046100
-0.0127456400
-0.0130284600
-0.0133356300
-0.0136613500
-0.0140197400
-0.0144183600
-0.0148493100
-0.0152984200
-0.0157348400
-0.0161315900
-0.0164753800
-0.0167479800
-0.0169237900
-0.0169860200
-0.0169358500
-0.0167901600
-0.0165961200
-0.0164015200
-0.0162188500
-0.0160377900
-0.0158435300
-0.0156390400
-0.0154507300
-0.0152927400
-0.0151254400
-0.0148849900
-0.0145229900
-0.0140212700
-0.0133946400
-0.0126767900
-0.0119273500
-0.0112007800
-0.0105193400
-0.0098988110
-0.0093368510
-0.0087958480
-0.0082166960
-0.0075579900
-0.0068189420
-0.0060325780
-0.0052545680
-0.0045517920
-0.0039622900
-0.0034705660
-0.0030339550
-0.0025926410
-0.0020890540
-0.0014857670
-0.0007740395
0.0000067602
0.0007990636
0.0015607490
0.0022770070
0.0029496780
0.0035917350
0.0042290010
0.0048834660
0.0055604480
0.0062583640
0.0069641820
0.0076611850
0.0083321640
0.0089565300
0.0095180240
0.0100293500
0.0105092100
0.0109482000
0.0113299500
0.0116694100
0.0120042300
0.0123794600
0.0128179500
0.0133051900
0.0137956300
0.0142498900
0.0146392400
0.0149298200
0.0150700700
0.0150446900
0.0149091300
0.0147422200
0.0145941100
0.0144943900
0.0144426200
0.0144054000
0.0143360700
0.0141812600
0.0139023900
0.0135030900
0.0130407700
0.0125791200
0.0121457700
0.0117324500
0.0113234100
0.0109237900
0.0105558600
0.0102381300
0.0099549020
0.0096646560
0.0093308880
0.0089173570
0.0084019620
0.0078071090
0.0071641550
0.0064978720
0.0058335800
0.0052082610
0.0046513330
0.0041717700
0.0037595360
0.0033955880
0.0030448860
0.0026702900
0.0022604840
0.0018427780
0.0014586680
0.0011306120
0.0008718610
0.0006810901
0.0005326995
0.0003906846
0.0002224381
0.0000143049
-0.0002236864
-0.0004531580
-0.0006225154
-0.0007010105
-0.0007035489
-0.0006627472
-0.0006069554
-0.0005780525
-0.0006234832
-0.0007692153
-0.0009934891
-0.0012380680
-0.0014513010
-0.0016145710
-0.0017306570
-0.0018170020
-0.0018988960
-0.0019987640
-0.0021215710
-0.0022608720
-0.0024010790
-0.0025200380
-0.0025974570
-0.0026336850
-0.0026418970
-0.0026328550
-0.0025909550
-0.0024842760
-0.0022950910
-0.0020349990
-0.0017354500
-0.0014325060
-0.0011606640
-0.0009355674
-0.0007581771
-0.0006375543
-0.0005839715
-0.0005854733
-0.0005897783
-0.0005321617
-0.0003976852
-0.0002402407
-0.0001444783
-0.0001836502
-0.0003789920
-0.0006998268
-0.0010907270
-0.0014866410
-0.0018548370
-0.0021875100
-0.0024797060
-0.0027357110
-0.0029622650
-0.0031511290
-0.0032979250
-0.0034125200
-0.0035063310
-0.0035823820
-0.0036374850
-0.0036731530
-0.0036979020
-0.0037247850
-0.0037591120
-0.0037995220
-0.0038477640
-0.0038975480
-0.0039423770
-0.0039923760
-0.0040496790
-0.0041141820
-0.0041989750
-0.0043061790
-0.0044015280
-0.0044445680
-0.0044248970
-0.0043717170
-0.0043324430
-0.0043621800
-0.0045071090
-0.0047907620
-0.0051855110
-0.0056244120
-0.0060485040
-0.0064161580
-0.0067055710
-0.0069326430
-0.0071358600
-0.0073374530
-0.0075425180
-0.0077423390
-0.0079157170
-0.0080418940
-0.0081264580
-0.0082041250
-0.0083087670
-0.0084449710
-0.0085922690
-0.0087466120
-0.0089179040
-0.0090928430
-0.0092171760
-0.0092314000
-0.0091162370
-0.0088962400
-0.0086165860
-0.0083123460
-0.0080012060
-0.0076867770
-0.0073524850
-0.0069825150
-0.0065927770
-0.0062253150
-0.0059208770
-0.0056960800
-0.0055400760
-0.0054317180
-0.0053424830
-0.0052301230
-0.0050421390
-0.0047522440
-0.0043808460
-0.0039924810
-0.0036658410
-0.0034516590
-0.0033454260
-0.0033056900
-0.0032755840
-0.0032015340
-0.0030481740
-0.0028101290
-0.0025106110
-0.0021824830
-0.0018574970
-0.0015397870
-0.0012118610
-0.0008495080
-0.0004352328
0.0000292518
0.0005233822
0.0010251030
0.0015302440
0.0020429850
0.0025559060
0.0030671630
0.0035847560
0.0041038450
0.0046094020
0.0050976510
0.0055872330
0.0060953490
0.0066362900
0.0072026470
0.0077608990
0.0082827750
0.0087596050
0.0091897120
0.0095769500
0.0099201290
0.0102056000
0.0104251000
0.0105882700
0.0107217600
0.0108433900
0.0109394000
0.0109923900
0.0109988600
0.0109748800
0.0109459600
0.0109285700
0.0109254500
0.0109447200
0.0109997700
0.0110863900
0.0111948600
0.0113255000
0.0114672300
0.0115863900
0.0116325900
0.0115720400
0.0114114300
0.0112028400
0.0110074800
0.0108525800
0.0107329200
0.0106327200
0.0105605900
0.0105628200
0.0106866500
0.0109366700
0.0112724200
0.0116390800
0.0119796400
0.0122647500
0.0124941100
0.0126772400
0.0128186000
0.0129072800
0.0129393200
0.0129330600
0.0129189700
0.0129242900
0.0129619200
0.0130120700
0.0130465600
0.0130491500
0.0130149600
0.0129359300
0.0127966900
0.0125936000
0.0123454100
0.0120910000
0.0118702400
0.0116993800
0.0115615300
0.0114283700
0.0112781100
0.0111190200
0.0109692700
0.0108382600
0.0107050100
0.0105245900
0.0102821100
0.0100052600
0.0097132890
0.0093907580
0.0090378880
0.0086897380
0.0083810950
0.0081186240
0.0078661870
0.0075747130
0.0072118040
0.0067684120
0.0062633650
0.0057330430
0.0052064060
0.0046831810
0.0041438820
0.0035803200
0.0030010480
0.0024059720
0.0017948700
0.0011736780
0.0005509248
-0.0000714523
-0.0006728569
-0.0012198160
-0.0016979270
-0.0021261830
-0.0025452250
-0.0029904600
-0.0034653620
-0.0039652780
-0.0045017540
-0.0050672890
-0.0056216870
-0.0061285510
-0.0065791340
-0.0070062450
-0.0074481800
-0.0079229420
-0.0084255200
-0.0089310270
-0.0094339500
-0.0099607690
-0.0105267200
-0.0110948600
-0.0115928700
-0.0119441200
-0.0121124000
-0.0121339900
-0.0120969100
-0.0121007500
-0.0121901400
-0.0123375700
-0.0125117300
-0.0127199300
-0.0129994700
-0.0133826100
-0.0138489100
-0.0143063900
-0.0146801000
-0.0149849200
-0.0152922100
-0.0156564800
-0.0161012100
-0.0166207400
-0.0171451400
-0.0175755600
-0.0178657800
-0.0180331900
-0.0181217600
-0.0181770200
-0.0182461300
-0.0183534100
-0.0184934500
-0.0186463500
-0.0187957500
-0.0189557700
-0.0191600200
-0.0194122000
-0.0196729800
-0.0198758300
-0.0199690100
-0.0199521500
-0.0198525700
-0.0197038600
-0.0195538400
-0.0194515000
-0.0194290600
-0.0194773200
-0.0195558800
-0.0196273700
-0.0196680000
-0.0196535600
-0.0195730600
-0.0194526900
-0.0193147500
-0.0191578600
-0.0189932900
-0.0188253900
-0.0186315300
-0.0183791100
-0.0180646100
-0.0177118500
-0.0173566300
-0.0170387500
-0.0167643000
-0.0164892000
-0.0161653200
-0.0157768000
-0.0153376900
-0.0148709100
-0.0144062700
-0.0139607700
-0.0135292100
-0.0131021100
-0.0126643800
-0.0121945400
-0.0116917000
-0.0111724400
-0.0106480300
-0.0101173500
-0.0095935500
-0.0091031990
-0.0086486090
-0.0081929830
-0.0076733900
-0.0070506270
-0.0063382540
-0.0056003950
-0.0049041280
-0.0042746530
-0.0036962380
-0.0031362070
-0.0025444170
-0.0018876640
-0.0011680380
-0.0004040749
0.0003891093
0.0011958570
0.0020047430
0.0028013010
0.0035532280
0.0042386570
0.0048724310
0.0054853570
0.0061039990
0.0067256510
0.0073260080
0.0078896930
0.0084470500
0.0090478280
0.0097144550
0.0104104800
0.0110594000
0.0115802500
0.0119400200
0.0121926700
0.0124280500
0.0127041400
0.0130250400
0.0133646800
0.0136887700
0.0139853100
0.0142645600
0.0145328500
0.0147900100
0.0150368300
0.0152741000
0.0155075000
0.0157505000
0.0160277700
0.0163505800
0.0166997300
0.0170320700
0.0173156600
0.0175356800
0.0176790800
0.0177529900
0.0178174000
0.0179500900
0.0181921400
0.0185350900
0.0189353700
0.0193306400
0.0196712600
0.0199325600
0.0201190600
0.0202656300
0.0204108500
0.0205822700
0.0207861000
0.0209910500
0.0211543700
0.0212327800
0.0212025600
0.0210607500
0.0208222700
0.0205174100
0.0201867200
0.0198526700
0.0195043400
0.0190978900
0.0185967100
0.0180175100
0.0174215200
0.0168661200
0.0163666700
0.0159098400
0.0154611800
0.0149758400
0.0144116200
0.0137308300
0.0129288700
0.0120504500
0.0111597000
0.0103033100
0.0095115500
0.0087859350
0.0080900240
0.0073955750
0.0066889900
0.0059472510
0.0051641050
0.0043818480
0.0036484490
0.0029677500
0.0023284590
0.0017356090
0.0011855960
0.0006681058
0.0001805137
-0.0002921314
-0.0007562967
-0.0011862520
-0.0015599210
-0.0018875720
-0.0021843960
-0.0024571300
-0.0027136710
-0.0029700250
-0.0032335840
-0.0034838960
-0.0036774780
-0.0037959350
-0.0038742020
-0.0039769370
-0.0041684120
-0.0044802060
-0.0048903600
-0.0053321720
-0.0057257310
-0.0060179300
-0.0061748260
-0.0062083420
-0.0062093470
-0.0063027390
-0.0065625890
-0.0069866640
-0.0075147810
-0.0080560660
-0.0085259680
-0.0088811540
-0.0091248720
-0.0092864410
-0.0094025930
-0.0095176500
-0.0096693520
-0.0098520420
-0.0100242400
-0.0101451300
-0.0102014600
-0.0102246700
-0.0102612500
-0.0103432100
-0.0104819900
-0.0106732800
-0.0109148800
-0.0112036400
-0.0115173500
-0.0118154800
-0.0120515900
-0.0121954600
-0.0122570500
-0.0122704000
-0.0122507800
-0.0121942900
-0.0121120500
-0.0120214500
-0.0119327900
-0.0118577600
-0.0118252700
-0.0118583800
-0.0119449600
-0.0120458800
-0.0121376900
-0.0122292900
-0.0123486300
-0.0124948800
-0.0126316600
-0.0127240000
-0.0127602900
-0.0127824300
-0.0128572900
-0.0129987200
-0.0131505800
-0.0132275000
-0.0131871200
-0.0130416400
-0.0128259700
-0.0125634400
-0.0122740400
-0.0119693100
-0.0116404500
-0.0112736400
-0.0108721000
-0.0104503100
-0.0100277900
-0.0096241940
-0.0092426390
-0.0088588300
-0.0084405480
-0.0079677150
-0.0074336470
-0.0068349410
-0.0061954960
-0.0055560680
-0.0049449120
-0.0043662350
-0.0037970490
-0.0032097370
-0.0025932450
-0.0019658340
-0.0013593930
-0.0008063174
-0.0003136564
0.0001434100
0.0005822272
0.0009953284
0.0013811690
0.0017597880
0.0021521800
0.0025519630
0.0029378300
0.0033043930
0.0036746960
0.0040711920
0.0044962100
0.0049227820
0.0053302610
0.0057291450
0.0061415220
0.0065906760
0.0071088090
0.0077104600
0.0083517940
0.0089479950
0.0094136760
0.0097097550
0.0098755750
0.0099954220
0.0101495300
0.0103752800
0.0106593200
0.0109514000
0.0112114400
0.0114536800
0.0117277600
0.0120429200
0.0123693200
0.0126945500
0.0130294100
0.0133886800
0.0137592500
0.0141130100
0.0144243400
0.0146846300
0.0148859800
0.0150109300
0.0150595000
0.0150705200
0.0150919800
0.0151631100
0.0153089900
0.0155089100
0.0157050300
0.0158397500
0.0158801500
0.0158285900
0.0157218400
0.0156132900
0.0155400000
0.0154996500
0.0154642000
0.0153994300
0.0152821400
0.0151107000
0.0149101000
0.0146985500
0.0144670500
0.0142026600
0.0139021200
0.0135691100
0.0131875300
0.0127423500
0.0122135400
0.0116182400
0.0110019300
0.0103842300
0.0097725950
0.0091829830
0.0086242400
0.0080849320
0.0075377540
0.0069760430
0.0064187060
0.0058926630
0.0054140040
0.0049852450
0.0045983550
0.0042366770
0.0038833670
0.0035403730
0.0032048530
0.0028643740
0.0025073430
0.0021399410
0.0017938140
0.0014843740
0.0011672020
0.0007617867
0.0002197114
-0.0004452713
-0.0011872400
-0.0019542850
-0.0026987990
-0.0033832850
-0.0039878570
-0.0045142800
-0.0049818430
-0.0054220640
-0.0058732100
-0.0063762580
-0.0069569860
-0.0075985380
-0.0082437780
-0.0088176900
-0.0092669750
-0.0095982210
-0.0098600320
-0.0100977600
-0.0103254200
-0.0105166800
-0.0106309500
-0.0106724900
-0.0107085000
-0.0108129900
-0.0110011600
-0.0112163100
-0.0113630200
-0.0113636700
-0.0111933700
-0.0108872800
-0.0105212900
-0.0101729200
-0.0098811280
-0.0096490940
-0.0094555470
-0.0092706460
-0.0090706800
-0.0088417700
-0.0085846700
-0.0083254640
-0.0081019740
-0.0079298600
-0.0078041490
-0.0077236180
-0.0077073290
-0.0077694040
-0.0078773260
-0.0079555900
-0.0079358530
-0.0077933360
-0.0075610900
-0.0073085060
-0.0071122190
-0.0070142120
-0.0070166660
-0.0070814660
-0.0071486830
-0.0071694770
-0.0071214100
-0.0070156040
-0.0068904270
-0.0067938140
-0.0067415940
-0.0067047820
-0.0066509040
-0.0065457750
-0.0063718670
-0.0061428770
-0.0058890560
-0.0056329500
-0.0053621240
-0.0050438190
-0.0046616390
-0.0042496860
-0.0038665890
-0.0035659370
-0.0033695750
-0.0032903760
-0.0033280430
-0.0034485880
-0.0035965620
-0.0037222660
-0.0037990760
-0.0038221540
-0.0037951780
-0.0037243530
-0.0036234180
-0.0037093580
-0.0036217230
-0.0035963950
-0.0036500320
-0.0037528580
-0.0038273060
-0.0037908150
-0.0036087490
-0.0032991440
-0.0029349880
-0.0026160480
-0.0024059700
-0.0022882930
-0.0021913510
-0.0020478750
-0.0018360360
-0.0015807110
-0.0013071060
-0.0010022450
-0.0006405826
-0.0002271233
0.0002012853
0.0005969473
0.0009103125
0.0011255030
0.0012684930
0.0013696980
0.0014564670
0.0015612140
0.0017173200
0.0019353960
0.0022079610
0.0025255860
0.0028738110
0.0032147990
0.0035031000
0.0036976430
0.0037581880
0.0036775160
0.0034988920
0.0032843020
0.0030871100
0.0029349490
0.0028316260
0.0027786660
0.0027676770
0.0027686260
0.0027598530
0.0027247200
0.0026442110
0.0025049100
0.0023086200
0.0020797060
0.0018551730
0.0016566520
0.0014744050
0.0012936340
0.0011023900
0.0008905388
0.0006496353
0.0004109213
0.0002341160
0.0001771228
0.0002525715
0.0004209136
0.0005984377
0.0006967401
0.0006904851
0.0006189158
0.0005390721
0.0004950379
0.0005079257
0.0005672151
0.0006316063
0.0006636039
0.0006349396
0.0005385206
0.0004053391
0.0002713750
0.0001504978
0.0000410366
-0.0000721037
-0.0002101670
-0.0003933563
-0.0006147335
-0.0008228495
-0.0009406864
-0.0009167016
-0.0007638944
-0.0005507233
-0.0003289154
-0.0001179764
0.0000807389
0.0002583956
0.0004028662
0.0005285614
0.0006685809
0.0008457888
0.0010705540
0.0013441950
0.0016405710
0.0019128660
0.0021325730
0.0023047790
0.0024406140
0.0025280530
0.0025459110
0.0025049550
0.0024532990
0.0024531800
0.0025349500
0.0026762320
0.0028231230
0.0029222550
0.0029413170
0.0028696650
0.0027206440
0.0025419880
0.0023837760
0.0022545610
0.0021237220
0.0019657280
0.0017676100
0.0015347290
0.0012954440
0.0010975840
0.0009736458
0.0009214532
0.0009171200
0.0009412921
0.0009856494
0.0010485610
0.0011514710
0.0013275370
0.0015888890
0.0019122510
0.0022390040
0.0025069440
0.0026787320
0.0027606550
0.0027870330
0.0027963410
0.0028002600
0.0027810310
0.0027309410
0.0026614440
0.0025808380
0.0025011750
0.0024234820
0.0023365490
0.0022228500
0.0020719450
0.0018782930
0.0016516980
0.0014292930
0.0012583010
0.0011627860
0.0011233410
0.0010812210
0.0009902195
0.0008579613
0.0007221442
0.0006312715
0.0006148511
0.0006554345
0.0007178248
0.0007827899
0.0008471175
0.0009036070
0.0009336186
0.0008993065
0.0007838012
0.0006061273
0.0004073736
0.0002274053
0.0000870516
0.0000000644
-0.0000153571
0.0000654424
0.0002588306
0.0005452664
0.0008630279
0.0011220780
0.0012578650
0.0012650890
0.0011848950
0.0010751340
0.0009845128
0.0009277191
0.0008909666
0.0008448953
0.0007576626
0.0006129333
0.0004243412
0.0002099089
-0.0000096691
-0.0001930050
-0.0003147696
-0.0003701937
-0.0003641854
-0.0003233079
-0.0002938929
-0.0003212600
-0.0004210250
-0.0005812027
-0.0007710034
-0.0009518957
-0.0010892920
-0.0011548480
-0.0011367200
-0.0010554580
-0.0009565351
-0.0008780644
-0.0008410014
-0.0008462478
-0.0008667049
-0.0008573277
-0.0008027443
-0.0007249803
-0.0006563513
-0.0006090504
-0.0005800407
-0.0005566042
-0.0005305406
-0.0004988014
-0.0004472325
-0.0003656279
-0.0002592465
-0.0001445269
-0.0000335719
0.0000602781
0.0001260361
0.0001700031
0.0002035829
0.0002164339
0.0001843370
0.0000692829
-0.0001592285
-0.0004981441
-0.0008982743
-0.0012862820
-0.0015932020
-0.0018023500
-0.0019509410
-0.0020907150
-0.0022429520
-0.0023947790
-0.0025091380
-0.0025464460
-0.0024924910
-0.0023686970
-0.0022086030
-0.0020472480
-0.0019067180
-0.0017868820
-0.0016697950
-0.0015415930
-0.0013892100
-0.0011928890
-0.0009276312
-0.0005866719
-0.0002048124
0.0001446628
0.0003897379
0.0004970796
0.0004857419
0.0004037361
0.0003008403
0.0002176125
0.0001743213
0.0001632076
0.0001618628
0.0001534458
0.0001362726
0.0001142035
0.0000897176
0.0000687260
0.0000591190
0.0000603474
0.0000610867
0.0000506728
0.0000355929
0.0000318266
0.0000542328
0.0000985397
0.0001546798
0.0002149683
0.0002720466
0.0003125860
0.0003338373
0.0003507691
0.0003760120
0.0004072252
0.0004294702
0.0004207031
0.0003728816
0.0002962294
0.0002105358
0.0001309098
0.0000558179
-0.0000251350
-0.0001136943
-0.0002067410
-0.0003064201
-0.0004123942
-0.0005076736
-0.0005685221
-0.0006043549
-0.0006414338
-0.0006910952
-0.0007467377
-0.0007966809
-0.0008343756
-0.0008583698
-0.0008714569
-0.0008818803
-0.0009037615
-0.0009451599
-0.0010157350
-0.0011210610
-0.0012455800
-0.0013639750
-0.0014660670
-0.0015607900
-0.0016660610
-0.0017884360
-0.0019135700
-0.0020138210
-0.0020698260
-0.0020886650
-0.0021007890
-0.0021337610
-0.0021894210
-0.0022391670
-0.0022612390
-0.0022719670
-0.0023053870
-0.0023778040
-0.0024871420
-0.0026072010
-0.0026911420
-0.0027056110
-0.0026525360
-0.0025652180
-0.0024772220
-0.0024006910
-0.0023283620
-0.0022451250
-0.0021331750
-0.0019873020
-0.0018171600
-0.0016406210
-0.0014686900
-0.0013016220
-0.0011361760
-0.0009706931
-0.0008044718
-0.0006413039
-0.0004930596
-0.0003781042
-0.0002994455
-0.0002396680
-0.0001762865
-0.0001014709
-0.0000214578
0.0000617192
0.0001485362
0.0002263321
0.0002800155
0.0003036918
0.0003039005
0.0002959937
0.0002943185
0.0003055251
0.0003276969
0.0003568015
0.0003954358
0.0004491478
0.0005164352
0.0005880524
0.0006569314
0.0007231510
0.0007961515
0.0008914958
0.0010177600
0.0011643930
0.0013092390
0.0014339370
0.0015356060
0.0016207620
0.0016945430
0.0017653910
0.0018367840
0.0019045300
0.0019635350
0.0020110690
0.0020499700
0.0020900130
0.0021404360
0.0021984240
0.0022506050
0.0022874850
0.0023099460
0.0023212830
0.0023177220
0.0023012180
0.0022902000
0.0023077640
0.0023692750
0.0024748870
0.0026038080
0.0027259130
0.0028223150
0.0028885350
0.0029238170
0.0029366130
0.0029419990
0.0029536040
0.0029802350
0.0030269970
0.0030903230
0.0031593340
0.0032154600
0.0032385780
0.0032200270
0.0031656220
0.0030916300
0.0030193190
0.0029665540
0.0029426700
0.0029416980
0.0029498950
0.0029572770
0.0029600950
0.0029574590
0.0029462750
0.0029188850
0.0028679730
0.0027910230
0.0026927730
0.0025838760
0.0024794670
0.0023921000
0.0023252880
0.0022742570
0.0022298980
0.0021834280
0.0021272080
0.0020573250
0.0019761340
0.0018905320
0.0018085340
0.0017372630
0.0016760280
0.0016154110
0.0015493070
0.0014775220
0.0014007070
0.0013204830
0.0012392830
0.0011613080
0.0010914180
0.0010366790
0.0009986673
0.0009733586
0.0009533426
0.0009314284
0.0009027196
0.0008644033
0.0008162192
0.0007612135
0.0007022541
0.0006434305
0.0005910234
0.0005485287
0.0005127382
0.0004754054
0.0004278706
0.0003628435
0.0002771599
0.0001747987
0.0000638245
-0.0000480653
-0.0001559761
-0.0002564205
-0.0003450938
-0.0004178908
-0.0004736763
-0.0005123725
-0.0005363889
-0.0005522898
-0.0005676397
-0.0005869626
-0.0006120635
-0.0006446757
-0.0006848689
-0.0007309263
-0.0007811578
-0.0008318329
-0.0008783064
-0.0009152014
-0.0009375001
-0.0009439650
-0.0009394167
-0.0009315548
-0.0009273136
-0.0009303296
-0.0009403599
-0.0009528224
-0.0009612381
-0.0009620455
-0.0009562647
-0.0009474876
-0.0009394846
-0.0009339931
-0.0009302158
-0.0009276993
-0.0009266197
-0.0009276467
-0.0009323425
-0.0009410303
-0.0009520302
-0.0009619460
-0.0009677266
-0.0009679062
-0.0009629201
-0.0009546360
-0.0009447102
-0.0009336197
-0.0009211473
-0.0009073179
-0.0008923913
-0.0008752786
-0.0008539214
-0.0008278050
-0.0007992481
-0.0007718103
-0.0007479574
-0.0007281151
-0.0007105438
-0.0006922143
-0.0006708287
-0.0006467443
-0.0006217153
-0.0005970439
-0.0005729620
-0.0005494765
-0.0005264622
-0.0005033823
-0.0004798004
-0.0004559986
-0.0004327654
-0.0004108729
-0.0003909008
-0.0003729326
-0.0003567364
-0.0003421196
-0.0003291987
-0.0003183081
-0.0003093390
-0.0003018122
-0.0002949401
-0.0002880661
-0.0002812644
-0.0002750120
-0.0002692948
-0.0002637082
-0.0002578192
-0.0002517174
-0.0002457874
-0.0002402377
-0.0002351462
-0.0002305988
-0.0002267354
-0.0002236420
-0.0002212399
-0.0002191637
-0.0002170591
-0.0002147548
-0.0002121357
-0.0002093266
-0.0002067551
-0.0002048742
-0.0002039749
-0.0002040959
-0.0002050728
-0.0002065474
-0.0002080083
-0.0002089599
-0.0002091166
-0.0002085330
-0.0002075965
-0.0002067577
-0.0002062549
-0.0002060280
-0.0002059925
-0.0002061446
-0.0002063021
-0.0002062075
-0.0002056913
-0.0002047221
-0.0002034179
-0.0002019977
-0.0002006907
-0.0001996184
-0.0001987411
-0.0001979526
-0.0001971269
-0.0001961860
-0.0001951265
-0.0001939840
-0.0001928066
-0.0001916471
-0.0001905275
-0.0001894166
-0.0001882668
-0.0001870671
-0.0001858492
-0.0001846510
-0.0001834956
-0.0001823868
-0.0001813072
-0.0001802268
-0.0001790894
-0.0001778513
-0.0001765366
-0.0001752195
-0.0001739684
-0.0001728063
-0.0001717404
-0.0001707571
-0.0001698096
-0.0001688578
-0.0001679049
-0.0001669873
-0.0001661403
-0.0001653831
-0.0001647203
-0.0001641419
-0.0001636203
-0.0001631266
-0.0001626441
-0.0001621761
-0.0001617368
-0.0001613363
-0.0001609722
-0.0001606364
-0.0001603205
-0.0001600232
-0.0001597463
-0.0001594941
-0.0001592714
-0.0001590781
-0.0001589079
-0.0001587558
-0.0001586189
-0.0001584949
-0.0001583812
-0.0001582738
-0.0001581678
-0.0001580588
-0.0001579465
-0.0001578333
-0.0001577223
-0.0001576160
-0.0001575147
-0.0001574178
-0.0001573250
-0.0001572358
-0.0001571487
-0.0001570626
-0.0001569768
-0.0001568911
-0.0001568055
-0.0001567202
-0.0001566359
-0.0001565536
-0.0001564736
-0.0001563964
-0.0001563214
-0.0001562486
-0.0001561779
-0.0001561094
-0.0001560436
-0.0001559808
-0.0001559211
-0.0001558646
-0.0001558110
-0.0001557604
-0.0001557129
-0.0001556683
-0.0001556267
-0.0001555883
-0.0001555530
-0.0001555210
-0.0001554922
-0.0001554667
-0.0001554445
-0.0001554256
-0.0001554101
-0.0001553978
-0.0001553888
-0.0001553831
-0.0001553806
-0.0001553815
-0.0001553856
-0.0001553931
-0.0001554037
-0.0001554177
-0.0001554348
-0.0001554552
-0.0001554788
-0.0001555057
-0.0001555356
-0.0001555688
-0.0001556051
-0.0001556445
-0.0001556870
-0.0001557326
0.0000000000
0.0000000000
0.0000000000
