0.0006537540
0.0006533055
0.0006526676
0.0006524034
0.0006524169
0.0006513744
0.0006512174
0.0006511278
0.0006503983
0.0006526642
0.0006491311
0.0006408003
0.0006418019
0.0006463704
0.0006479555
0.0006405645
0.0006304001
0.0006390745
0.0006475411
0.0006442937
0.0006362596
0.0006376143
0.0006697302
0.0006747530
0.0006451474
0.0006386015
0.0006544781
0.0006564871
0.0006377895
0.0006623199
0.0006848082
0.0006529141
0.0006156060
0.0006144099
0.0006364302
0.0005921020
0.0005751227
0.0006260994
0.0006221424
0.0006149079
0.0006214569
0.0006336659
0.0006097784
0.0005989466
0.0007503952
0.0007228157
0.0005595358
0.0006451509
0.0006141583
0.0005210794
0.0006051592
0.0006165276
0.0006389695
0.0006231304
0.0005881898
0.0006441727
0.0005914208
0.0005528039
0.0005704525
0.0006019764
0.0006783868
0.0006240506
0.0006113868
0.0007227138
0.0006401353
0.0004952411
0.0005226466
0.0005858026
0.0006127660
0.0005781870
0.0004955090
0.0004881178
0.0005105054
0.0006416853
0.0008790229
0.0007172573
0.0005003460
0.0007514245
0.0007509187
0.0005497179
0.0006213975
0.0007007836
0.0008280480
0.0007968011
0.0004937429
0.0003856805
0.0005989197
0.0007064234
0.0005400970
0.0006007113
0.0007663441
0.0006015854
0.0003728527
0.0004565092
0.0005892479
0.0004768132
0.0004412530
0.0004760668
0.0007082845
0.0008314214
0.0004181791
0.0002950642
0.0003618776
0.0006242978
0.0009979849
0.0007348440
0.0008318175
0.0009697182
0.0004845453
0.0004555019
0.0005276030
0.0003928541
0.0005941819
0.0007280975
0.0005882770
0.0005355472
0.0005206114
0.0007078845
0.0008370853
0.0005573141
0.0006607262
0.0011642550
0.0011311570
0.0006709389
0.0006280277
0.0004893157
0.0005046410
0.0009834919
0.0006213209
0.0004234078
0.0008300184
0.0009705545
0.0007827161
0.0003370636
0.0002466380
0.0006562005
0.0013115920
0.0005008715
-0.0004446786
0.0007538783
0.0010021790
0.0001271773
0.0005786094
0.0010699620
0.0006752405
0.0004407516
0.0004412036
0.0007604215
0.0008082893
0.0002057206
0.0006123113
0.0008077978
-0.0001978719
-0.0002076786
0.0004903241
0.0006519557
0.0007964091
0.0007277323
0.0009019020
0.0013534170
0.0005711427
0.0002419566
0.0012585670
0.0014023680
0.0001704961
-0.0002343978
0.0004881527
0.0003894460
0.0011797540
0.0017635740
0.0004752925
-0.0000724268
0.0000108768
0.0007873182
0.0009307581
0.0000275987
0.0006243783
0.0014220500
0.0014206440
0.0007084581
-0.0003756719
-0.0003080759
0.0004451860
0.0003696415
0.0001228652
0.0008113768
0.0012255860
0.0006978891
-0.0000571458
-0.0000932357
0.0010069180
0.0023114710
0.0019571820
0.0006671958
0.0008087873
0.0005833511
0.0000684050
0.0008838047
0.0007904069
0.0006819724
0.0017036040
0.0011583510
-0.0000594985
-0.0000077048
0.0002180117
0.0004413774
0.0001443049
0.0003517550
0.0012178490
-0.0000087796
-0.0002217100
0.0015511180
0.0011109540
0.0002066681
0.0006816756
0.0010968150
0.0011007970
0.0006227609
0.0007356869
0.0005210126
-0.0005235178
0.0003347670
0.0014417080
0.0012860540
0.0012711990
0.0014173400
0.0014910330
0.0008346279
-0.0000354919
-0.0001362356
0.0007333549
0.0010725730
0.0003680825
0.0005091446
0.0005972966
0.0003046409
0.0001441640
0.0000514336
0.0005272695
0.0004892586
-0.0001923684
-0.0000957107
0.0004397991
0.0004035242
0.0010204040
0.0014059130
0.0001935812
-0.0004211201
-0.0003480458
-0.0002143330
0.0000904173
0.0001582057
0.0005286263
0.0007778083
0.0002019082
-0.0000300577
0.0004869742
0.0000746377
-0.0005827507
-0.0002389593
0.0001352220
0.0002914098
0.0002681071
0.0003052321
0.0003984307
0.0007245768
0.0011961580
0.0008856661
0.0004250812
0.0008044543
0.0015474740
0.0012301240
0.0007677130
0.0007475397
-0.0000544112
-0.0005042640
-0.0000203330
0.0003810484
0.0005366237
0.0004307247
0.0000492149
0.0004963366
0.0001124835
-0.0011253140
0.0004882021
0.0022914520
0.0010848130
-0.0002922749
0.0007997653
0.0017604080
0.0006678176
0.0002164191
0.0002865229
0.0000842018
0.0005411246
0.0007207467
0.0004254494
0.0006969895
0.0005742652
0.0003014267
0.0007107028
0.0008253284
0.0008339922
0.0010964200
0.0013478670
0.0010211630
0.0010751650
0.0012267020
0.0003077614
0.0001571148
0.0004120751
0.0012593680
0.0021933330
0.0010524180
0.0005833754
0.0011131950
0.0007711682
0.0009148565
0.0018498930
0.0016457380
0.0000709786
-0.0000997672
0.0006276658
0.0004581162
0.0005138645
0.0012285740
0.0011010110
-0.0001486669
0.0002281036
0.0009513823
0.0000923348
0.0000775333
0.0012237840
0.0020098810
0.0011656600
0.0000676074
-0.0001783909
-0.0000299009
0.0003701612
-0.0002291076
0.0003527932
0.0016225840
0.0009594153
0.0007522699
0.0003346349
-0.0005556953
0.0004400441
0.0012383520
0.0006259346
0.0002601517
0.0004559243
0.0009135976
0.0008365182
0.0005024460
0.0010509430
0.0017825570
0.0017171460
0.0011623000
0.0005471109
-0.0001164825
0.0003993452
0.0009946013
-0.0000139712
-0.0000871875
0.0009620324
0.0009541753
0.0002154844
0.0001699948
0.0006133206
0.0005899968
0.0002979003
0.0004785653
0.0010102740
0.0006234227
-0.0000570613
0.0001373664
0.0006863299
0.0006209833
0.0006719050
0.0010246310
0.0001963515
-0.0001803426
-0.0001750247
-0.0002947549
0.0005645650
0.0005255193
-0.0001719055
0.0004260380
0.0014143050
0.0008219486
0.0007404516
0.0014573970
0.0004105792
-0.0000021349
0.0005116643
0.0010206900
0.0011452520
-0.0002579315
-0.0006402793
0.0002630810
0.0001234573
0.0000203114
0.0006811666
0.0005644534
0.0006018641
0.0010076020
0.0004782237
0.0004399423
0.0006984603
0.0003463195
0.0004022480
0.0002843831
-0.0000293665
0.0011619260
0.0015106830
-0.0000807329
-0.0002622860
-0.0003750351
-0.0007073811
0.0005465344
0.0004301179
-0.0004549836
0.0005279011
0.0012435660
0.0003467695
0.0000075731
0.0006312369
0.0004356200
0.0002361154
0.0000185202
-0.0003619283
0.0006017814
0.0012252080
0.0010092620
0.0008960575
0.0000898761
-0.0004555715
0.0000680070
0.0003788268
0.0002441457
0.0006230261
0.0003876509
-0.0001082938
0.0011898680
0.0016863130
0.0001964197
0.0001000068
0.0008613358
0.0000823730
0.0000247827
0.0011195880
0.0009315146
-0.0001772974
-0.0013327010
-0.0007547933
0.0005758652
-0.0000397165
-0.0004496695
-0.0001335261
0.0001029091
0.0005966768
0.0010785100
0.0017218160
0.0011350700
0.0002419943
0.0007107179
0.0013206830
0.0014168540
0.0003619768
-0.0001137892
0.0001973456
0.0001555268
0.0009893465
0.0009085360
0.0006696918
0.0009295888
0.0002488981
0.0003666923
0.0001664350
0.0001681868
0.0007751174
0.0000011333
0.0003508076
0.0010859010
-0.0001585677
-0.0009743778
-0.0005339237
0.0003434622
0.0010642030
0.0005147137
0.0006096800
0.0014545950
0.0007047432
0.0003405246
0.0003742458
0.0001541013
0.0010267830
0.0014141550
0.0007496948
0.0005431434
0.0004860885
0.0000176202
-0.0000489532
-0.0001608441
0.0002462897
0.0006624845
-0.0002354402
-0.0003557255
-0.0002805972
-0.0002622832
0.0002120599
-0.0001372358
-0.0000507542
0.0005026609
0.0005549684
0.0005072718
0.0008427219
0.0011091380
0.0008240039
0.0009830714
0.0008241638
-0.0000167441
0.0001276918
0.0011459010
0.0016139650
0.0004938796
-0.0004820880
0.0002827945
0.0003272608
-0.0001149413
0.0008869424
0.0014113190
0.0011792120
0.0004038492
-0.0000374421
0.0008984782
0.0001945576
0.0000123152
0.0011118710
-0.0000174596
0.0001410023
0.0007675770
-0.0004368178
-0.0002412128
-0.0001188030
-0.0001047019
0.0008116347
0.0004240656
0.0002020286
0.0003060161
-0.0000913777
0.0002676158
0.0011330280
0.0019799940
0.0013569780
-0.0001802267
-0.0003927078
0.0002743930
0.0006158065
0.0007864117
0.0004802240
-0.0003255532
0.0002654583
0.0003127650
-0.0002272360
0.0005848205
-0.0000379561
-0.0003328551
0.0005354724
0.0003142390
-0.0000006586
-0.0001739116
0.0003341240
0.0001653542
-0.0000376579
0.0007685237
-0.0002177392
-0.0006210113
0.0002729662
0.0006614725
0.0007341459
0.0003187597
0.0008081989
0.0003856976
-0.0000219440
0.0004851430
-0.0008941339
-0.0003198617
0.0010971690
0.0007190782
0.0013712260
0.0014061340
0.0009778226
0.0005146842
-0.0004469784
-0.0004946363
0.0001571746
0.0010861710
0.0004757544
-0.0001920180
0.0005220254
-0.0002780556
-0.0008092291
0.0000233288
-0.0000966143
-0.0001609195
0.0003992071
0.0006510857
0.0012139720
0.0011840070
0.0000282511
-0.0001227679
-0.0004060740
-0.0003289447
0.0007797155
0.0002442957
0.0007500079
0.0011308460
0.0001653800
0.0010192110
0.0005990518
0.0001039290
0.0006801666
-0.0002055719
-0.0006631979
-0.0001574527
0.0008107999
0.0010234840
0.0007341832
0.0006751960
-0.0004686453
-0.0004188145
0.0006701041
0.0006003381
0.0010082660
0.0006158289
-0.0005845810
-0.0003053478
-0.0004721719
-0.0004800142
0.0002295736
-0.0000092129
-0.0000399861
0.0001820248
0.0000663795
-0.0002724109
-0.0004777318
-0.0005406601
-0.0002506076
0.0009948763
0.0010605040
0.0002288367
0.0005228531
0.0009829110
0.0011175490
0.0002908523
-0.0007468730
0.0001517807
0.0010047350
0.0000837944
-0.0001289054
0.0002013504
-0.0002006374
0.0002631480
0.0002992033
-0.0003476343
0.0000449337
-0.0006103163
-0.0014275990
-0.0004003772
0.0001013107
-0.0003925150
-0.0001693727
0.0003470615
-0.0002678363
-0.0008116225
0.0001184340
0.0006262462
0.0005837209
0.0012078240
0.0009121708
-0.0005253148
-0.0010592160
-0.0003498035
-0.0002050604
-0.0001133554
0.0003840735
-0.0001463350
0.0005250257
0.0010335070
-0.0002821874
0.0003355357
0.0008877422
0.0003320762
0.0004273906
0.0001640059
0.0006191730
0.0008609506
-0.0001562755
-0.0005306332
0.0001318038
0.0006776291
0.0002480662
-0.0001602432
-0.0003375779
-0.0006552178
0.0001563999
0.0012248770
0.0009101423
0.0008465923
0.0006279313
-0.0004438297
0.0004323189
0.0014538760
0.0003986343
-0.0002004817
0.0000332902
0.0001500356
0.0010270180
0.0015026220
-0.0000096590
-0.0003786112
0.0008178555
0.0005752725
0.0004188060
0.0012240090
0.0009769470
0.0009898673
0.0018614450
0.0004936189
-0.0006992751
0.0006025089
0.0010684020
0.0009138293
0.0007328803
0.0002548936
0.0006441609
0.0006625017
-0.0001529992
-0.0000820262
0.0001144059
-0.0003746567
-0.0000449309
0.0008373422
0.0007864714
-0.0000033816
0.0004757436
0.0014687250
0.0017315960
0.0037863190
0.0061641230
0.0066453430
0.0069677260
0.0066528530
0.0048730890
0.0025186660
-0.0007065551
-0.0038382260
-0.0046617330
-0.0037844010
-0.0024605530
-0.0000598722
0.0050239100
0.0097160870
0.0096342340
0.0075951310
0.0042881180
-0.0017207810
-0.0073394820
-0.0108542200
-0.0119838500
-0.0109461700
-0.0079224490
-0.0029718320
0.0004851852
0.0011419630
0.0022248440
0.0043063010
0.0039031210
-0.0015600970
-0.0081640160
-0.0103705000
-0.0103616500
-0.0105003600
-0.0076601300
-0.0014027050
0.0058638090
0.0122826800
0.0153435500
0.0149262900
0.0142896300
0.0129752500
0.0075324060
-0.0012103570
-0.0079057120
-0.0083451450
-0.0066664180
-0.0064839590
-0.0045593540
-0.0010532430
0.0023698380
0.0043617590
0.0041217220
0.0022735590
-0.0016359880
-0.0039699620
-0.0038297650
-0.0032596830
0.0015663210
0.0087613440
0.0123227100
0.0113435900
0.0061784970
0.0016034970
-0.0003358538
-0.0043754590
-0.0100211800
-0.0143491400
-0.0139252900
-0.0068130440
0.0023399710
0.0092859180
0.0121390600
0.0110234500
0.0083334420
0.0068970010
0.0073956370
0.0069810580
0.0038658220
-0.0011896930
-0.0057204570
-0.0087271450
-0.0112015600
-0.0087732690
0.0007280100
0.0079792310
0.0068852230
0.0003346544
-0.0053462700
-0.0058231970
-0.0071852170
-0.0095743930
-0.0050668360
0.0013438490
0.0039370240
0.0047926930
0.0078252140
0.0158574100
0.0219878300
0.0230941500
0.0226974400
0.0171842900
0.0083474770
0.0004432091
-0.0108177800
-0.0248860400
-0.0340675600
-0.0307463600
-0.0158244600
-0.0010982290
0.0090197750
0.0163977100
0.0185036900
0.0166292600
0.0116429600
0.0050319700
0.0006889503
-0.0047486800
-0.0123288100
-0.0202462900
-0.0256786000
-0.0236140400
-0.0183345500
-0.0127261900
-0.0040187820
0.0067498740
0.0171452200
0.0209833100
0.0147771000
0.0023634450
-0.0110540000
-0.0180579000
-0.0150022400
-0.0042271290
0.0098390930
0.0223869300
0.0332993700
0.0369451400
0.0254945400
0.0066299910
-0.0121585900
-0.0304957300
-0.0412497200
-0.0387325000
-0.0272120300
-0.0152979900
-0.0069722000
0.0016312620
0.0105922300
0.0183030800
0.0233629800
0.0197100200
0.0124977400
0.0068903040
0.0006153826
-0.0035329160
-0.0075446530
-0.0085212950
-0.0028500210
0.0031313880
0.0060401120
0.0016352330
-0.0070430160
-0.0098869910
-0.0074676570
-0.0042685950
0.0002206908
0.0055358490
0.0086869270
0.0101759000
0.0077696740
-0.0002839294
-0.0069713250
-0.0100502000
-0.0136153100
-0.0173216100
-0.0161557300
-0.0086987260
0.0005548071
0.0097767420
0.0155445200
0.0141211100
0.0114330900
0.0095187180
0.0040520330
-0.0034718810
-0.0062623540
0.0004712935
0.0056816500
-0.0015743680
-0.0116259000
-0.0121008100
-0.0034751200
-0.0013596070
-0.0104956200
-0.0103324700
0.0052558230
0.0203707600
0.0230682200
0.0136437400
0.0031337950
-0.0028154800
-0.0063245820
-0.0054864980
-0.0010063950
0.0036286270
0.0075131150
0.0063253700
-0.0007360324
-0.0077785360
-0.0146750000
-0.0203098100
-0.0201705400
-0.0162838500
-0.0116067800
-0.0080205880
-0.0042791100
0.0011933420
0.0022820440
-0.0033396160
-0.0091625260
-0.0074261780
0.0004980151
0.0042811920
0.0013209350
-0.0040198830
-0.0073556670
-0.0064670010
-0.0025840890
0.0058581890
0.0196804400
0.0320194200
0.0288454000
0.0039160920
-0.0258566200
-0.0376247500
-0.0292576200
-0.0207283000
-0.0218563600
-0.0161377400
0.0042201130
0.0241285400
0.0331390600
0.0395595500
0.0506059500
0.0560183800
0.0460867300
0.0190100200
-0.0186612700
-0.0502277300
-0.0679378700
-0.0694101000
-0.0569951800
-0.0412528900
-0.0239012200
-0.0108191900
-0.0134514000
-0.0280236200
-0.0430346400
-0.0539256300
-0.0556797600
-0.0407981200
-0.0175737400
0.0007223407
0.0106370400
0.0126742800
0.0057740150
-0.0130417600
-0.0331758700
-0.0399272500
-0.0387641000
-0.0432631500
-0.0510666500
-0.0482573400
-0.0329902700
-0.0165887400
-0.0020052620
0.0174249700
0.0378600200
0.0554090600
0.0675299700
0.0590203900
0.0377673400
0.0224217700
0.0028952190
-0.0241646200
-0.0457018900
-0.0498178400
-0.0240170000
0.0261417500
0.0795381200
0.1132372000
0.1043096000
0.0639635200
0.0314140900
0.0155421900
-0.0107715900
-0.0586064100
-0.0897636300
-0.0650978200
-0.0055573320
0.0252701300
0.0014965830
-0.0263174700
-0.0190324400
-0.0143098800
-0.0432398900
-0.0755902400
-0.0795687000
-0.0551810200
-0.0288759800
-0.0227326600
-0.0269708000
-0.0382364300
-0.0497679100
-0.0455928800
-0.0439024700
-0.0549276000
-0.0595157500
-0.0501688800
-0.0374098800
-0.0321408200
-0.0293632700
-0.0272996700
-0.0351174700
-0.0489924700
-0.0594281100
-0.0706990800
-0.0888721700
-0.0892661600
-0.0523460700
-0.0086294410
0.0152167400
0.0298713000
0.0537798500
0.0810621800
0.0904140100
0.0817493900
0.0702568100
0.0528265100
0.0122332000
-0.0377038500
-0.0779279000
-0.1107024000
-0.1320513000
-0.1523307000
-0.1799943000
-0.2051991000
-0.2099765000
-0.1737226000
-0.1149265000
-0.0676554100
-0.0354699900
-0.0047658370
0.0302447400
0.0727856300
0.1144724000
0.1205820000
0.1023495000
0.0987372300
0.0861421400
0.0367150100
-0.0343600300
-0.0900600900
-0.0969676100
-0.0832620400
-0.0903935600
-0.1045477000
-0.0997254000
-0.0625618400
-0.0160413200
0.0040416470
-0.0012935500
-0.0186298700
-0.0227190900
-0.0066335790
0.0061888380
0.0216594900
0.0598270800
0.1035740000
0.1006278000
0.0538606000
0.0335437100
0.0555287900
0.0859139900
0.0945959300
0.0556947100
-0.0365146400
-0.1481224000
-0.2098329000
-0.2021466000
-0.1598611000
-0.1056291000
-0.0628797200
-0.0301851100
0.0128093200
0.0446170700
0.0608701600
0.0796070600
0.0711489200
0.0331404200
-0.0016403930
-0.0124975700
0.0148259400
0.0472144700
0.0542631800
0.0327121300
-0.0211241800
-0.0823188300
-0.1115482000
-0.1012537000
-0.0846394500
-0.0723011100
-0.0665332600
-0.0853764500
-0.1044932000
-0.1087717000
-0.1166984000
-0.1201570000
-0.1041314000
-0.0810080800
-0.0710008500
-0.0795664400
-0.0919694500
-0.0782787000
-0.0442919100
-0.0344526000
-0.0475708700
-0.0368359600
0.0103604400
0.0520477200
0.0634597500
0.0674137300
0.0596733200
0.0221077800
-0.0075256520
-0.0075505580
-0.0099337580
-0.0016150380
0.0554581800
0.1300940000
0.1607754000
0.1426491000
0.1160713000
0.0893316900
0.0456081200
-0.0022760090
-0.0109133100
0.0224206700
0.0413074700
0.0476066100
0.0619622100
0.0377772800
-0.0059409940
0.0125150600
0.0765187800
0.1262828000
0.1467152000
0.0967870600
-0.0205241100
-0.1204119000
-0.1587049000
-0.1008376000
0.0235670200
0.0983245700
0.1216579000
0.1543534000
0.1871398000
0.2029359000
0.2199388000
0.2418298000
0.2230756000
0.1607894000
0.1024921000
0.0571765900
0.0171410600
-0.0386138300
-0.1220925000
-0.1833053000
-0.1999981000
-0.2140860000
-0.2574670000
-0.3189645000
-0.3068655000
-0.1712315000
-0.0079603100
0.1223293000
0.2305880000
0.3264567000
0.4224226000
0.4827160000
0.4550710000
0.3539261000
0.2530246000
0.1717897000
0.0815128100
0.0161357800
0.0000034363
-0.0097925720
-0.0509520200
-0.0986529500
-0.1081056000
-0.0798928800
-0.0347249300
-0.0036159300
0.0072863160
0.0337636500
0.0627814600
0.0687359600
0.0935776300
0.1414316000
0.1358376000
0.0768525700
0.0617600800
0.1202323000
0.1659084000
0.1105321000
0.0026295440
-0.0489752500
-0.0223627300
0.0336099700
0.0337138100
-0.0310922300
-0.1000976000
-0.1698711000
-0.2279764000
-0.2446696000
-0.2402448000
-0.2259514000
-0.1935022000
-0.1756471000
-0.1854851000
-0.1892839000
-0.1665110000
-0.1139318000
-0.0453929700
0.0364844800
0.1309747000
0.2236751000
0.3035124000
0.3304773000
0.2718451000
0.1809790000
0.1346968000
0.1131900000
0.0807638700
0.0367135400
-0.0363150000
-0.0998881300
-0.1127771000
-0.0961976700
-0.0973726900
-0.1531242000
-0.2305350000
-0.2860010000
-0.3134518000
-0.3723106000
-0.4718551000
-0.4910155000
-0.4519397000
-0.4471138000
-0.4030285000
-0.2669322000
-0.1199893000
-0.0415468400
-0.0277716100
-0.0506841900
-0.0872487600
-0.1123026000
-0.1370929000
-0.1752740000
-0.2056991000
-0.1990594000
-0.1544266000
-0.1155228000
-0.0723181900
0.0362710600
0.2018086000
0.3685215000
0.4946560000
0.5731150000
0.6056938000
0.6178017000
0.6400453000
0.6429015000
0.6301787000
0.6417102000
0.5813067000
0.3131535000
-0.0250659700
-0.2281993000
-0.3555233000
-0.4477718000
-0.4081694000
-0.3030099000
-0.2724396000
-0.2657217000
-0.2140782000
-0.1449094000
-0.0910835500
-0.0708090100
-0.0614915900
-0.0960244400
-0.2058510000
-0.3205960000
-0.4008881000
-0.4575818000
-0.5040274000
-0.5294830000
-0.5202510000
-0.4761787000
-0.3958811000
-0.3380174000
-0.3196384000
-0.2795600000
-0.2051098000
-0.0845390900
0.0951338700
0.2887132000
0.4195389000
0.4809413000
0.5221764000
0.5354534000
0.5411139000
0.5518330000
0.5503379000
0.5329568000
0.4759304000
0.4284986000
0.4001764000
0.3545168000
0.2752378000
0.1354294000
0.0119110200
-0.0595581400
-0.1233508000
-0.1899963000
-0.2498110000
-0.2610388000
-0.2517276000
-0.2671571000
-0.2847209000
-0.2976020000
-0.2954601000
-0.2573222000
-0.1903282000
-0.1098077000
0.0026402990
0.1242652000
0.2183511000
0.3193657000
0.3983871000
0.4608757000
0.4721823000
0.3392527000
0.1999488000
0.1022565000
0.0145485200
-0.0053980980
-0.0040948210
-0.0136692400
-0.0671381200
-0.1411609000
-0.2139479000
-0.3155171000
-0.3406902000
-0.2676594000
-0.1505641000
-0.0665214100
-0.0878473400
-0.0873413400
-0.0388980800
-0.0306282200
-0.0461966400
-0.0978563900
-0.1720178000
-0.2110008000
-0.2073388000
-0.1785354000
-0.1382544000
-0.0955064600
-0.0639378300
-0.0530910300
-0.0715635600
-0.1188020000
-0.1742263000
-0.1764172000
-0.1052057000
-0.0614155400
-0.0825495600
-0.0970598000
-0.0783532400
-0.0657206800
-0.0905048100
-0.1038257000
-0.0918889000
-0.0738435600
0.0054974520
0.0979132700
0.1980753000
0.3559996000
0.3800230000
0.2820796000
0.2698063000
0.2424923000
0.1646393000
0.1553163000
0.1744632000
0.1820783000
0.1862085000
0.1629861000
0.1061082000
0.0619121800
0.0091506250
-0.1163003000
-0.2224700000
-0.2248778000
-0.1236708000
0.0045901740
0.0665630700
0.0976495000
0.1044196000
0.0661342500
-0.0012441300
-0.0189244900
0.0091240300
0.0625498700
0.2711364000
0.5256098000
0.6795131000
0.7006484000
0.5996623000
0.5907919000
0.6843995000
0.7514490000
0.7925651000
0.8073906000
0.7883678000
0.7040979000
0.5900868000
0.4427339000
0.2004623000
-0.0156383500
-0.1572202000
-0.3418735000
-0.4679566000
-0.4052038000
-0.3713783000
-0.4871731000
-0.4937370000
-0.3905407000
-0.3283922000
-0.1590171000
-0.1038173000
-0.2938871000
-0.2796717000
-0.1526375000
-0.1361925000
-0.0848298700
-0.0075527480
0.1304656000
0.2850191000
0.3754738000
0.4600114000
0.4979578000
0.4817070000
0.4848301000
0.5360141000
0.5836450000
0.5690344000
0.5009403000
0.3950578000
0.2608239000
0.1002291000
-0.0623338200
-0.1916914000
-0.3121136000
-0.4341362000
-0.5162856000
-0.5225934000
-0.4532378000
-0.3263101000
-0.1617000000
-0.0187508900
0.0863255800
0.1908394000
0.2586188000
0.2481885000
0.1899088000
0.1315197000
0.1169472000
0.1520861000
0.1914461000
0.2289025000
0.2756124000
0.2784710000
0.1964431000
0.0499450300
-0.1136825000
-0.2214605000
-0.2939088000
-0.4160433000
-0.5368076000
-0.6228614000
-0.6365022000
-0.5172820000
-0.3705470000
-0.2489383000
-0.1655681000
-0.1416775000
-0.1638035000
-0.2550059000
-0.3015478000
-0.2747065000
-0.2950141000
-0.3181616000
-0.2406243000
-0.0313978000
0.1782513000
0.3032838000
0.4265367000
0.5453889000
0.6293635000
0.6186522000
0.5659054000
0.5249863000
0.4189335000
0.2681192000
-0.0388395900
-0.4179853000
-0.6247704000
-0.6815730000
-0.6670930000
-0.6018201000
-0.3696354000
-0.1699525000
-0.0935739000
0.1260560000
0.3333948000
0.4401053000
0.4084411000
0.1922101000
0.0595610300
0.0276059700
-0.0361312800
-0.1092025000
-0.1342991000
-0.1273044000
-0.1598925000
-0.1806528000
-0.0478965100
0.2231748000
0.4585110000
0.6097200000
0.6852992000
0.7192593000
0.7698076000
0.7486778000
0.6210570000
0.4122947000
0.1997064000
0.0806388600
-0.1247584000
-0.4565281000
-0.6483684000
-0.7482478000
-0.9096969000
-0.8929327000
-0.5789320000
-0.2457621000
-0.0073995620
0.1905481000
0.2960296000
0.3009927000
0.2510073000
0.1517312000
-0.0231519300
-0.2244038000
-0.3596973000
-0.4270554000
-0.3555882000
-0.1388262000
0.0265003500
0.1126272000
0.1900672000
0.2328096000
0.3103521000
0.4472039000
0.5077947000
0.4544412000
0.3553110000
0.2739422000
0.2293285000
0.1448051000
0.0095103510
-0.1224272000
-0.2764098000
-0.3920202000
-0.3560331000
-0.2295580000
-0.1122326000
-0.0367301300
-0.0112027500
0.0212542800
0.0687799600
0.0910366300
0.1094860000
0.1098621000
0.0915596600
0.0853878400
0.0516064400
-0.0231048100
-0.1348601000
-0.2484398000
-0.2839700000
-0.3035713000
-0.3620345000
-0.3710155000
-0.3194700000
-0.2675210000
-0.2115277000
-0.1423826000
-0.0884886000
-0.0589207800
-0.0511615800
-0.0725981000
-0.1062263000
-0.1163846000
-0.1112355000
-0.1342600000
-0.1635999000
-0.1502299000
-0.1039859000
-0.0613190200
-0.0587023800
-0.0873187800
-0.0922041500
-0.0458891000
0.0359686000
0.1097575000
0.1578426000
0.1931333000
0.2136971000
0.2385471000
0.2670381000
0.2703595000
0.2702147000
0.2641248000
0.2207572000
0.1621401000
0.0993108400
0.0276846700
-0.0281632100
-0.0598524500
-0.0761862800
-0.0945691500
-0.1254614000
-0.1549241000
-0.1874502000
-0.2135097000
-0.2086505000
-0.1996651000
-0.2130288000
-0.2229790000
-0.1894190000
-0.1360385000
-0.1405267000
-0.2074989000
-0.2892374000
-0.3617800000
-0.4007106000
-0.4135011000
-0.4150902000
-0.3687140000
-0.2683496000
-0.1751216000
-0.1144256000
-0.0592431000
-0.0129376900
0.0045524630
-0.0088749620
-0.0367280400
-0.0582304700
-0.0735941400
-0.0603324500
-0.0012931680
0.0712625000
0.1322898000
0.1804647000
0.2268491000
0.2558730000
0.2437955000
0.2080524000
0.1542504000
0.0974726600
0.0624692700
0.0421071700
0.0450240600
0.0612808700
0.0620529200
0.0545468200
0.0515359100
0.0471791700
0.0328127600
0.0109793500
-0.0230054400
-0.0528376700
-0.0543078300
-0.0523004400
-0.0658713400
-0.0903168400
-0.1295959000
-0.1959876000
-0.2873503000
-0.3803641000
-0.4596978000
-0.4916735000
-0.4675568000
-0.4382732000
-0.3981013000
-0.3363785000
-0.2785730000
-0.1948861000
-0.1091546000
-0.0603155200
-0.0051538100
0.0637323900
0.1403484000
0.2058220000
0.2418811000
0.2835174000
0.3387430000
0.3906699000
0.4182828000
0.4349144000
0.4559295000
0.4683057000
0.4688332000
0.4464974000
0.4192771000
0.3998638000
0.4192434000
0.3513596000
0.0724191400
-0.1449426000
-0.2238938000
-0.2858382000
-0.3138620000
-0.3670341000
-0.3442131000
-0.2219453000
-0.1627048000
-0.1322209000
-0.0689781800
0.0108142600
0.0644465900
0.0677084900
0.0385780000
-0.0091236670
-0.0573646000
-0.0720738800
0.0055935150
0.1139146000
0.1677278000
0.2130835000
0.2695021000
0.3320243000
0.2796605000
0.0641827700
-0.0797175000
-0.1316126000
-0.2271737000
-0.2877932000
-0.2411694000
-0.1642754000
-0.1106575000
-0.0439185700
0.0016631020
-0.0076445640
-0.0350221100
-0.0564234100
-0.0272899200
0.0206174800
0.0322065400
0.0315701600
0.0158896700
-0.0010606420
0.0108289600
0.0399504700
0.0608555000
0.0392033200
-0.0177790900
-0.0830006200
-0.1564760000
-0.2184525000
-0.2479131000
-0.2317792000
-0.1410452000
-0.0110366700
0.0805307000
0.1274368000
0.1418868000
0.1128481000
0.0650795400
0.0410381400
0.0482847500
0.0724604300
0.0740791700
0.0358042000
-0.0075390870
-0.0839753800
-0.1967982000
-0.2783847000
-0.3384075000
-0.3668543000
-0.2947857000
-0.1702999000
-0.1154569000
-0.0978277900
-0.0395622800
0.0092135730
0.0260479500
0.0003058747
-0.0951531500
-0.2072425000
-0.2898143000
-0.3199934000
-0.2874560000
-0.2288371000
-0.1624599000
-0.0854453400
-0.0254663600
-0.0146170100
-0.0448617000
-0.0816721200
-0.0982552400
-0.0831201100
-0.0437783900
-0.0034483910
0.0265310400
0.0460651400
0.0472370300
0.0410107600
0.0375378900
0.0305131100
0.0437788000
0.0764380800
0.0934392000
0.0899217100
0.0736920500
0.0601219000
0.0444922100
0.0219150700
0.0208132300
0.0515896700
0.1133961000
0.1669130000
0.1669128000
0.1463558000
0.1392275000
0.1327061000
0.1180855000
0.1040145000
0.0684626900
0.0022314100
-0.0627892800
-0.1312764000
-0.2048161000
-0.2636480000
-0.2725987000
-0.1946719000
-0.0734898100
0.0276440100
0.0923857200
0.1269827000
0.1345588000
0.1204012000
0.1143383000
0.1285088000
0.1534724000
0.1758236000
0.1909996000
0.2099537000
0.2195082000
0.2146976000
0.2037232000
0.1736966000
0.1206604000
0.0558996900
0.0036009720
-0.0271199300
-0.0492197600
-0.0545206700
-0.0387165700
-0.0144328700
-0.0037519660
-0.0263020100
-0.0672505700
-0.1169221000
-0.1707323000
-0.1965463000
-0.1660768000
-0.0856752300
-0.0063434610
0.0337212600
0.0385219400
0.0098222130
-0.0342063300
-0.0556482100
-0.0567405800
-0.0587935900
-0.0570493200
-0.0514250700
-0.0492227500
-0.0569099100
-0.0760849400
-0.0842402800
-0.0556565700
0.0117401800
0.0878485500
0.1544525000
0.2103362000
0.2322040000
0.1983435000
0.1231624000
0.0537206600
-0.0103657600
-0.0835151200
-0.1293549000
-0.1326531000
-0.0915335500
-0.0335254800
0.0123016600
0.0675837000
0.1103275000
0.1218506000
0.1302048000
0.1399606000
0.1363556000
0.1082305000
0.0801277900
0.0821417600
0.0901319000
0.0734248700
0.0489360800
0.0133511200
-0.0324190300
-0.0278628100
0.0035389200
0.0113817300
0.0181654500
0.0183683200
0.0076080440
-0.0144160600
-0.0617251300
-0.1154152000
-0.1528145000
-0.1762591000
-0.1758139000
-0.1161117000
-0.0262180700
0.0297448100
0.0505877300
0.0536831300
0.0498456400
0.0574806300
0.0920430100
0.1479193000
0.1982183000
0.2265590000
0.2278688000
0.2028517000
0.1710171000
0.1329009000
0.0790007500
0.0265204500
-0.0407152100
-0.1193825000
-0.1631147000
-0.1827058000
-0.1944534000
-0.2000649000
-0.1905622000
-0.1525441000
-0.1212921000
-0.1086212000
-0.1116447000
-0.1363997000
-0.1697417000
-0.1990669000
-0.1942937000
-0.1595180000
-0.1302078000
-0.1133613000
-0.0883590400
-0.0396538500
0.0077663340
0.0479298300
0.0925678500
0.1348051000
0.1656437000
0.1800603000
0.1766332000
0.1454493000
0.1026013000
0.0762129000
0.0662268200
0.0680722500
0.0870405800
0.1144967000
0.1253577000
0.1229776000
0.1152794000
0.1142214000
0.1410992000
0.1705415000
0.1955347000
0.2282920000
0.2443354000
0.2325222000
0.1813726000
0.1079677000
0.0442878700
-0.0319381700
-0.1089474000
-0.1727685000
-0.2057717000
-0.1464522000
-0.0416735800
0.0510770900
0.1389284000
0.1986800000
0.2280414000
0.2081940000
0.1473817000
0.1085220000
0.0982886300
0.1096179000
0.1190011000
0.0922279900
0.0445761100
-0.0074293740
-0.0591862800
-0.1060696000
-0.1445863000
-0.1548002000
-0.1207122000
-0.0622494700
-0.0200675100
-0.0106609700
-0.0109687000
-0.0036145950
0.0006585165
-0.0020744350
-0.0052857520
-0.0116265600
-0.0258001100
-0.0423173100
-0.0534487600
-0.0581906300
-0.0640973000
-0.0764716700
-0.0897721500
-0.1083246000
-0.1254570000
-0.1086023000
-0.0571096600
0.0069057770
0.0759922600
0.1350056000
0.1679343000
0.1665676000
0.1338075000
0.0851585400
0.0324190600
-0.0117161800
-0.0462389200
-0.0781219100
-0.1115980000
-0.1470807000
-0.1766797000
-0.1983968000
-0.1925170000
-0.1407210000
-0.0624159600
0.0213109500
0.0984422500
0.1563244000
0.1872705000
0.1943583000
0.1783637000
0.1380662000
0.0888548900
0.0422776700
0.0021925410
-0.0206150800
-0.0238347600
-0.0138034500
0.0102896700
0.0439612200
0.0702556900
0.0869977200
0.1003203000
0.0926296900
0.0519748500
-0.0011405110
-0.0476917100
-0.0830094100
-0.1029363000
-0.1009012000
-0.0743383000
-0.0263085600
0.0313840500
0.0765838600
0.1047924000
0.1242866000
0.1281219000
0.1013766000
0.0448090800
-0.0205710900
-0.0814958500
-0.1202504000
-0.1212088000
-0.1053425000
-0.0897286200
-0.0797085600
-0.0832675300
-0.0946768700
-0.1090618000
-0.1223635000
-0.1253468000
-0.1068844000
-0.0630556900
-0.0064409590
0.0476183800
0.0886038700
0.1232265000
0.1539507000
0.1703521000
0.1790557000
0.1791297000
0.1634391000
0.1263253000
0.0713437400
0.0264981300
0.0023419210
-0.0162920300
-0.0597238300
-0.1128577000
-0.1309330000
-0.1414380000
-0.1621008000
-0.1645703000
-0.1229360000
-0.0346549100
0.0546845700
0.1111028000
0.1343018000
0.1508567000
0.1721846000
0.1755854000
0.1703090000
0.1654220000
0.1622778000
0.1699199000
0.1773246000
0.1756658000
0.1611970000
0.1401925000
0.1241648000
0.1001685000
0.0522607900
-0.0083151840
-0.0505290000
-0.0692028200
-0.0881875000
-0.1025898000
-0.1072897000
-0.1215717000
-0.1395852000
-0.1506065000
-0.1594806000
-0.1607530000
-0.1416011000
-0.1100523000
-0.0870362800
-0.0740314000
-0.0688077200
-0.0624598900
-0.0382678400
0.0023589780
0.0547920300
0.1031333000
0.1212952000
0.1137743000
0.0979152800
0.0781512700
0.0598967400
0.0452278100
0.0334694200
0.0204778600
-0.0039319420
-0.0361633900
-0.0710210700
-0.1031384000
-0.1278151000
-0.1508425000
-0.1597237000
-0.1425492000
-0.1033246000
-0.0539189400
-0.0111644200
0.0215609500
0.0378148700
0.0431861400
0.0533114400
0.0664376000
0.0790588400
0.0809107700
0.0728492000
0.0688826700
0.0730242200
0.0859382900
0.0979940100
0.0991657400
0.0930110700
0.0894032200
0.0881707800
0.0803837000
0.0703857400
0.0602610000
0.0474225300
0.0362608500
0.0227281900
0.0068111530
-0.0026448210
-0.0025252170
0.0038097280
0.0109700100
0.0206358900
0.0301057200
0.0392930500
0.0546653500
0.0638240500
0.0620406200
0.0572081400
0.0467811800
0.0309304900
0.0087334690
-0.0153337000
-0.0361352700
-0.0589998000
-0.0769026300
-0.0817441600
-0.0743400500
-0.0607378400
-0.0562426000
-0.0666889900
-0.0866681300
-0.1033922000
-0.1002665000
-0.0813074600
-0.0607791200
-0.0443525700
-0.0403352700
-0.0511919500
-0.0675039100
-0.0831401000
-0.0940834600
-0.0940090800
-0.0808928300
-0.0612425600
-0.0454524400
-0.0395335400
-0.0390680000
-0.0367422900
-0.0309151800
-0.0229426000
-0.0203945300
-0.0247552600
-0.0303671500
-0.0414281000
-0.0580009200
-0.0758127900
-0.0848892700
-0.0701755000
-0.0431698100
-0.0224324400
-0.0082910260
0.0010675560
0.0091799780
0.0203055800
0.0294713000
0.0314636600
0.0274715000
0.0188322700
0.0109819900
0.0071493060
0.0043602150
0.0029002610
0.0017436900
-0.0067062760
-0.0228953700
-0.0309744500
-0.0272246800
-0.0217456700
-0.0167613800
-0.0148896800
-0.0145717600
-0.0112809700
-0.0085474250
-0.0089455070
-0.0082702320
-0.0000656669
0.0164660300
0.0365607800
0.0555316000
0.0728756200
0.0882570800
0.0936334400
0.0881745400
0.0775209300
0.0618899300
0.0443976900
0.0234258300
0.0010405100
-0.0108398200
-0.0079844970
0.0089088940
0.0323891400
0.0507455400
0.0567496600
0.0470192000
0.0275631100
0.0088176750
-0.0018688440
-0.0000305655
0.0135291100
0.0318668200
0.0423668100
0.0440681600
0.0477456900
0.0505243400
0.0505959800
0.0479212300
0.0339949800
0.0126959200
-0.0093247050
-0.0279325300
-0.0401713100
-0.0469331400
-0.0445278100
-0.0365699100
-0.0273027500
-0.0168921300
-0.0063411130
0.0049736380
0.0051101430
-0.0110257200
-0.0323869500
-0.0533948700
-0.0687493000
-0.0756880700
-0.0748868600
-0.0643435600
-0.0450122400
-0.0228437200
-0.0079598600
-0.0084215560
-0.0271857400
-0.0547369000
-0.0745564300
-0.0846219600
-0.0851476800
-0.0782436900
-0.0711061900
-0.0627486300
-0.0569469400
-0.0567294600
-0.0639747000
-0.0768450400
-0.0821569900
-0.0782573300
-0.0680209500
-0.0589204200
-0.0598368500
-0.0639912500
-0.0666289400
-0.0672039700
-0.0662597700
-0.0659338600
-0.0648570300
-0.0575137300
-0.0405559200
-0.0209773300
0.0005297617
0.0251922600
0.0435129600
0.0513036700
0.0482964800
0.0351172400
0.0183964500
0.0041578840
-0.0097022700
-0.0229164700
-0.0261110200
-0.0212016400
-0.0186261500
-0.0210415000
-0.0246041800
-0.0225170400
-0.0156254100
-0.0116659300
-0.0148027200
-0.0212889400
-0.0248009600
-0.0309919500
-0.0475572000
-0.0668683300
-0.0801151500
-0.0842566200
-0.0752496400
-0.0559579600
-0.0345487200
-0.0166764200
-0.0039590540
0.0053383310
0.0100230900
0.0082330020
0.0018912240
-0.0043742220
-0.0074829020
-0.0083586910
-0.0056481110
0.0019333870
0.0111470600
0.0157480800
0.0130519100
0.0124200000
0.0148582000
0.0109799600
0.0052042220
0.0002348423
-0.0058274340
-0.0112674900
-0.0170313500
-0.0147088100
0.0002523894
0.0162987800
0.0272352200
0.0357932100
0.0422697400
0.0463949500
0.0480993000
0.0391839200
0.0192422600
-0.0008772469
-0.0184031400
-0.0294465500
-0.0313596000
-0.0286393500
-0.0252068100
-0.0258904000
-0.0283647300
-0.0280320200
-0.0243643400
-0.0174622300
-0.0114447700
-0.0084576950
-0.0109966900
-0.0169902800
-0.0179006700
-0.0209671200
-0.0341216900
-0.0446743900
-0.0430948900
-0.0342424300
-0.0233509400
-0.0142604800
-0.0077357790
-0.0044221330
-0.0097351010
-0.0217162800
-0.0354411000
-0.0435051900
-0.0387261800
-0.0275539800
-0.0105412900
0.0080013550
0.0129955400
0.0091744610
0.0076542890
0.0102205800
0.0139662000
0.0175883300
0.0286717100
0.0439496400
0.0495457200
0.0453673100
0.0386013100
0.0322750300
0.0299902100
0.0367909200
0.0507367600
0.0651389800
0.0794643200
0.0898131100
0.0858320000
0.0661158500
0.0408617300
0.0237189400
0.0129410300
-0.0013545500
-0.0144186800
-0.0194926700
-0.0178188500
-0.0193782200
-0.0268947900
-0.0295311000
-0.0284468100
-0.0298721500
-0.0339611000
-0.0353973100
-0.0280154500
-0.0151382400
-0.0021723340
0.0047802830
0.0060604660
0.0078426900
0.0093976970
0.0125413300
0.0216237300
0.0352170800
0.0481810100
0.0561173600
0.0553170300
0.0438966400
0.0279321500
0.0147706700
0.0073549200
0.0064399870
0.0079457010
0.0057063220
0.0007988622
-0.0033856460
-0.0042331960
0.0012725110
0.0057925310
0.0051222190
0.0040952110
0.0051911840
0.0099086660
0.0133973900
0.0139204500
0.0144637900
0.0113004900
0.0019320250
-0.0047371840
0.0014201940
0.0090103270
0.0088439050
0.0115012200
0.0196527500
0.0301968600
0.0384100000
0.0390720600
0.0372794800
0.0384387900
0.0432616800
0.0480291100
0.0480836000
0.0438855300
0.0368763900
0.0272921500
0.0131533800
-0.0036336960
-0.0174844500
-0.0290659400
-0.0392383200
-0.0460102200
-0.0474439900
-0.0414358000
-0.0295457900
-0.0167304800
-0.0061854300
0.0052308750
0.0161754300
0.0193084500
0.0186617700
0.0202256100
0.0214557000
0.0196392600
0.0147050600
0.0104961700
0.0116482000
0.0166085400
0.0176278300
0.0133925900
0.0132510300
0.0164237300
0.0103481500
-0.0039233660
-0.0150237600
-0.0194938300
-0.0171180700
-0.0102420100
-0.0055322590
-0.0049429750
-0.0019214150
0.0063201420
0.0112263600
0.0108395800
0.0073864910
0.0022730780
0.0045010960
0.0115293100
0.0116971700
0.0046105440
-0.0013483550
-0.0010157840
0.0003113394
-0.0028223880
-0.0078596480
-0.0095242340
-0.0088894610
-0.0102614300
-0.0151012200
-0.0208430900
-0.0167682300
-0.0027813830
0.0084719340
0.0134263300
0.0112500200
0.0063903760
0.0096738270
0.0167504700
0.0161452800
0.0076513650
0.0008125654
0.0002091582
-0.0046936960
-0.0172863800
-0.0283812100
-0.0329359600
-0.0310257600
-0.0298693600
-0.0290808600
-0.0197145300
-0.0010037240
0.0218878100
0.0376800900
0.0422719800
0.0396537100
0.0319520000
0.0208085200
0.0010116620
-0.0197991900
-0.0228866100
-0.0125038800
-0.0045026630
0.0014146220
0.0118193500
0.0200202700
0.0200771100
0.0173820600
0.0140796800
0.0077922220
0.0031946600
0.0028876990
-0.0010594520
-0.0069858550
-0.0082658400
-0.0090630060
-0.0119808800
-0.0154871600
-0.0206913800
-0.0257600900
-0.0220383700
-0.0079780840
0.0065021030
0.0148831500
0.0199756200
0.0232661400
0.0194043100
0.0127647700
0.0114693500
0.0121402300
0.0122267200
0.0103309100
0.0047816420
0.0002640882
0.0022389350
0.0072544950
0.0059367410
-0.0005365411
-0.0067893340
-0.0171362000
-0.0330564800
-0.0443756600
-0.0428707100
-0.0344949600
-0.0248564200
-0.0099781870
0.0060358380
0.0128803900
0.0116332300
0.0102720100
0.0105755800
0.0090920830
0.0084040910
0.0140697000
0.0213699700
0.0230548600
0.0226237700
0.0257124900
0.0268376200
0.0190036900
0.0083322940
0.0017118810
-0.0048354860
-0.0136041700
-0.0211432400
-0.0235263900
-0.0172444700
-0.0073280940
0.0004902840
0.0094956140
0.0184597000
0.0235864100
0.0253975900
0.0249558800
0.0230582000
0.0206719900
0.0197331500
0.0226270000
0.0305105500
0.0335162800
0.0249365600
0.0170644200
0.0140723800
0.0098082220
0.0071221370
0.0113425400
0.0194868600
0.0236804900
0.0233151700
0.0231035000
0.0250826700
0.0236597800
0.0129593300
0.0009283462
-0.0060395550
-0.0099085840
-0.0080389090
-0.0007148449
0.0071297930
0.0152432200
0.0256348700
0.0354569300
0.0402048500
0.0414330700
0.0399976400
0.0344676600
0.0256215100
0.0181710800
0.0175572900
0.0203463600
0.0232344200
0.0209740500
0.0063214320
-0.0142134200
-0.0334455600
-0.0502490400
-0.0642902300
-0.0694131300
-0.0554604600
-0.0290904700
-0.0053228610
0.0083665160
0.0111282700
0.0101994600
0.0091706420
0.0029172390
-0.0031129320
0.0005392279
0.0087681850
0.0164754800
0.0209642600
0.0164534200
0.0046082830
-0.0130487200
-0.0351987500
-0.0508973800
-0.0536293400
-0.0482284000
-0.0404469900
-0.0316715400
-0.0221751100
-0.0132432100
-0.0054601760
0.0011201780
0.0059838910
0.0060930270
0.0022041910
-0.0045040830
-0.0177395300
-0.0343795300
-0.0500430400
-0.0588654700
-0.0533543800
-0.0390313100
-0.0245822300
-0.0133609500
-0.0050406580
0.0037555230
0.0127683800
0.0164128600
0.0107253600
0.0013844000
0.0011734290
0.0177197800
0.0438801200
0.0675960900
0.0835244900
0.0855195300
0.0694678300
0.0436322100
0.0194135500
-0.0017746510
-0.0202499800
-0.0333413400
-0.0462395500
-0.0618399700
-0.0697499500
-0.0615489400
-0.0457771600
-0.0360808000
-0.0332650600
-0.0305479300
-0.0222337800
-0.0107728200
0.0013378610
0.0189019600
0.0341183400
0.0387880800
0.0419417800
0.0488511700
0.0576277000
0.0650211300
0.0623016200
0.0465567200
0.0235313700
-0.0027172310
-0.0220990200
-0.0222788900
-0.0066092250
0.0143057000
0.0326663900
0.0438585700
0.0471075800
0.0426888500
0.0383303800
0.0414403300
0.0443357300
0.0387067400
0.0238169100
-0.0008141718
-0.0311043500
-0.0573328100
-0.0697285600
-0.0642943200
-0.0445917100
-0.0163086800
0.0113068600
0.0270864200
0.0230501700
0.0017612140
-0.0190060200
-0.0295478100
-0.0306126000
-0.0203523900
-0.0054270110
0.0071066100
0.0149284900
0.0167685400
0.0199220800
0.0287467800
0.0404309900
0.0559586500
0.0683701200
0.0632324500
0.0466138600
0.0301441500
0.0115549600
-0.0059467980
-0.0171749900
-0.0231725900
-0.0286004900
-0.0383450400
-0.0483319700
-0.0487313000
-0.0374714700
-0.0236523800
-0.0109061100
0.0026802320
0.0132816400
0.0170939200
0.0145969500
0.0072155470
-0.0044226790
-0.0135634500
-0.0125249500
-0.0026135960
0.0111472200
0.0207684600
0.0204054900
0.0154560100
0.0115242000
0.0052878130
-0.0035878720
-0.0104826200
-0.0143077400
-0.0144724500
-0.0099875890
-0.0026044870
0.0037697780
0.0061139640
0.0053995350
0.0015415170
-0.0075913530
-0.0209976400
-0.0372830500
-0.0520878000
-0.0607333200
-0.0618531300
-0.0550892300
-0.0502335100
-0.0499558100
-0.0455286700
-0.0391163500
-0.0319587700
-0.0237944400
-0.0162633700
-0.0103826000
-0.0090273440
-0.0093238660
-0.0103749100
-0.0138269100
-0.0175014700
-0.0160630600
-0.0093381250
-0.0030392430
0.0047023340
0.0117971100
0.0138090400
0.0121241900
0.0059741660
-0.0010404550
-0.0079046570
-0.0148289400
-0.0149561600
-0.0094167580
-0.0028392260
0.0039604950
0.0074093000
0.0069207370
0.0025960680
-0.0091635450
-0.0244856300
-0.0323177200
-0.0275771700
-0.0169485400
-0.0120809100
-0.0163550000
-0.0242669200
-0.0298984400
-0.0301056100
-0.0251075800
-0.0185876700
-0.0138603000
-0.0112472000
-0.0106889100
-0.0079073150
-0.0000542163
0.0084470550
0.0177957900
0.0284724000
0.0358949700
0.0382526700
0.0384772400
0.0381503900
0.0326844400
0.0228107900
0.0132424500
0.0043146550
-0.0015014920
-0.0035320660
-0.0020942570
0.0024508050
0.0041608980
0.0011656380
-0.0035416860
-0.0073941270
-0.0066050130
-0.0010880070
0.0047871280
0.0062292070
0.0016410690
-0.0033733850
-0.0060327360
-0.0101003400
-0.0129524900
-0.0125487700
-0.0131747000
-0.0138517300
-0.0135043700
-0.0172327100
-0.0250227600
-0.0310105100
-0.0324078100
-0.0281682400
-0.0202298500
-0.0139785200
-0.0141304600
-0.0196987700
-0.0226244800
-0.0205282100
-0.0158472300
-0.0092821970
-0.0006515267
0.0094344820
0.0120694800
0.0052986500
0.0012077300
0.0038550380
0.0059910450
0.0030857320
-0.0008979509
-0.0032763710
-0.0054460490
-0.0059639020
-0.0035631750
0.0016838310
0.0095609940
0.0186253100
0.0278420000
0.0353720900
0.0358245000
0.0259746700
0.0102644600
-0.0042270050
-0.0123522900
-0.0129796800
-0.0111980600
-0.0128111100
-0.0148576700
-0.0120136100
-0.0090080330
-0.0113588300
-0.0158400700
-0.0154755400
-0.0050848770
0.0131024600
0.0301179300
0.0362471900
0.0342624100
0.0347264500
0.0322823500
0.0216912700
0.0100792200
0.0024385460
0.0032489710
0.0121197300
0.0244957400
0.0371291500
0.0439819700
0.0422622500
0.0306732000
0.0104350000
-0.0065131000
-0.0134626100
-0.0152468800
-0.0158359600
-0.0184800100
-0.0248665000
-0.0337468500
-0.0419939000
-0.0444299500
-0.0378931800
-0.0226737900
-0.0035497930
0.0122400500
0.0206074700
0.0234541700
0.0252339900
0.0241751100
0.0153239000
0.0018883430
-0.0096533970
-0.0182198300
-0.0235283200
-0.0271002900
-0.0294407500
-0.0271824200
-0.0219868900
-0.0160853100
-0.0077700960
0.0043971630
0.0163387200
0.0225747000
0.0242382000
0.0227759300
0.0225665500
0.0262418900
0.0284234600
0.0288912300
0.0294044400
0.0267551100
0.0175501300
0.0021722390
-0.0139706400
-0.0234110900
-0.0252752500
-0.0232081900
-0.0168000800
-0.0102404300
-0.0073047050
-0.0069044460
-0.0103616400
-0.0127488200
-0.0094018280
-0.0050156350
-0.0058836780
-0.0138964200
-0.0250600000
-0.0345367900
-0.0405596100
-0.0408251800
-0.0329976500
-0.0214530200
-0.0078249950
0.0110460500
0.0302096800
0.0439639000
0.0465291300
0.0368013800
0.0274367000
0.0207674600
0.0112881700
0.0070492190
0.0100628000
0.0087560360
-0.0002150976
-0.0091718490
-0.0121922500
-0.0122709400
-0.0151202700
-0.0193194700
-0.0227235600
-0.0244465300
-0.0195501600
-0.0089883540
0.0001035012
0.0064004280
0.0109281900
0.0088624710
-0.0015499310
-0.0107598000
-0.0111076800
-0.0018268130
0.0127098500
0.0241287300
0.0308055900
0.0322617200
0.0267467100
0.0166110600
0.0031283460
-0.0097496640
-0.0192827400
-0.0285550600
-0.0346047700
-0.0333189500
-0.0286868400
-0.0253053000
-0.0237917600
-0.0207053200
-0.0149453700
-0.0095625640
-0.0043105240
0.0029660950
0.0130116500
0.0238652200
0.0319510900
0.0338449500
0.0317945900
0.0312815500
0.0298365300
0.0271028900
0.0271569700
0.0275587300
0.0219648800
0.0106479600
0.0012324960
-0.0052074320
-0.0095782140
-0.0115927700
-0.0138293900
-0.0149490900
-0.0165997600
-0.0217657700
-0.0256112100
-0.0223270000
-0.0118399300
0.0012177390
0.0117684700
0.0186157200
0.0264219500
0.0379412600
0.0478175100
0.0523355800
0.0562071800
0.0596688300
0.0553768300
0.0464304900
0.0397408000
0.0319011600
0.0220219800
0.0124673000
0.0048766850
0.0036242850
0.0067726260
0.0098938010
0.0111495600
0.0088860580
0.0046230910
-0.0018864110
-0.0102090200
-0.0171953100
-0.0198177100
-0.0169212200
-0.0125603600
-0.0079670350
-0.0030729710
-0.0006884457
-0.0012828180
-0.0042863240
-0.0082346280
-0.0119236000
-0.0172857200
-0.0246195300
-0.0286197300
-0.0252840200
-0.0158964900
-0.0042241260
0.0063478430
0.0119009300
0.0076040160
-0.0028876810
-0.0121821000
-0.0169093300
-0.0145190300
-0.0061299410
0.0014896350
-0.0004447113
-0.0114260400
-0.0215123900
-0.0245874000
-0.0239868300
-0.0228658900
-0.0181384600
-0.0126127900
-0.0084141750
-0.0030009400
0.0018239990
0.0096443120
0.0208884500
0.0249209100
0.0197537900
0.0127204900
0.0057272900
-0.0007802467
-0.0037809340
-0.0041475480
-0.0008328805
0.0070880360
0.0110490900
0.0067041120
0.0000418568
-0.0052497030
-0.0079211110
-0.0076830540
-0.0073304850
-0.0065423720
-0.0054169960
-0.0054402820
-0.0010502560
0.0094205280
0.0173990400
0.0203225400
0.0201934800
0.0163232100
0.0144835700
0.0188383400
0.0245278000
0.0275311200
0.0274648500
0.0250525600
0.0214266900
0.0189322900
0.0162489200
0.0104669500
0.0042383900
0.0012907740
0.0019146940
0.0027822530
0.0028240280
0.0012703310
-0.0057431660
-0.0147683600
-0.0217017300
-0.0286609200
-0.0348387900
-0.0399438700
-0.0434916800
-0.0389560200
-0.0246938100
-0.0049764420
0.0167626800
0.0336775100
0.0429468600
0.0461428000
0.0412724300
0.0307409000
0.0191693000
0.0098342060
0.0045031680
-0.0002277743
-0.0058820660
-0.0119355300
-0.0172942100
-0.0170641300
-0.0109760600
-0.0040499420
0.0017461010
0.0039380890
0.0007106318
-0.0043473230
-0.0071069610
-0.0064397170
-0.0054429960
-0.0041372700
0.0018467930
0.0100811500
0.0143762800
0.0143555100
0.0133150200
0.0108945600
0.0067856770
0.0038117680
0.0029532780
0.0048083210
0.0080088390
0.0097416320
0.0096660370
0.0078692890
0.0059274190
0.0059232370
0.0097601060
0.0175607000
0.0230428400
0.0202358300
0.0113081600
0.0016498410
-0.0067980910
-0.0113817400
-0.0118972500
-0.0143010300
-0.0174728300
-0.0185568000
-0.0193394000
-0.0179651600
-0.0153874200
-0.0136735600
-0.0107205600
-0.0065494000
-0.0029853450
-0.0036825240
-0.0105296300
-0.0193010900
-0.0261472600
-0.0275434300
-0.0207171600
-0.0083143940
0.0052038780
0.0156639000
0.0199545500
0.0133171200
-0.0039445320
-0.0193468100
-0.0275739000
-0.0294143100
-0.0246147200
-0.0199675500
-0.0173653400
-0.0149535100
-0.0129096300
-0.0090814790
-0.0018688910
0.0073313660
0.0135285400
0.0156332200
0.0142894900
0.0080202810
-0.0015693470
-0.0107711500
-0.0160890200
-0.0164025400
-0.0115387600
-0.0055534630
-0.0031229180
-0.0026346810
-0.0024859920
-0.0024703320
-0.0030641650
-0.0027160950
-0.0006225244
-0.0001294246
-0.0020622070
-0.0062598750
-0.0122007200
-0.0154978800
-0.0129854500
-0.0076390620
-0.0021436980
0.0038681130
0.0089042500
0.0103380300
0.0074640700
0.0021760500
-0.0051062470
-0.0125749300
-0.0145632900
-0.0109419900
-0.0041642600
0.0062229490
0.0155940000
0.0184560500
0.0154271700
0.0089304300
0.0035693290
0.0035883470
0.0079629560
0.0132151900
0.0187960500
0.0243176300
0.0243260500
0.0156978300
0.0020853800
-0.0093023460
-0.0114719700
-0.0033754390
0.0092680520
0.0185540500
0.0218352200
0.0199271700
0.0111725400
-0.0018989940
-0.0121460000
-0.0160646500
-0.0136854600
-0.0052150320
0.0069193550
0.0165482000
0.0185268900
0.0119683400
0.0031620480
-0.0006920631
-0.0003127633
0.0035187660
0.0095800010
0.0119313400
0.0099109040
0.0070667810
0.0038978510
0.0014059660
0.0006524831
-0.0001974656
-0.0021123180
-0.0040170180
-0.0059419710
-0.0064215140
-0.0027808710
0.0022966020
0.0062159740
0.0077212870
0.0043772550
-0.0000862128
-0.0020835980
-0.0004085102
0.0080211460
0.0185085300
0.0226741100
0.0213826300
0.0188450500
0.0145463000
0.0096017750
0.0065763280
0.0028738210
-0.0030876820
-0.0105782500
-0.0178565600
-0.0210124800
-0.0211492400
-0.0212555100
-0.0211399200
-0.0195821900
-0.0148408600
-0.0098646990
-0.0085490380
-0.0096439530
-0.0111218400
-0.0110530200
-0.0096079310
-0.0083103380
-0.0054090090
-0.0006681882
0.0026121560
0.0025077470
-0.0015559630
-0.0082341300
-0.0119302100
-0.0105238500
-0.0071791510
-0.0033973480
0.0003951942
0.0041176900
0.0073199390
0.0091793720
0.0066753230
0.0015946290
0.0000621762
-0.0013964550
-0.0028915620
-0.0013087730
0.0002456042
0.0001629525
-0.0027045090
-0.0062403910
-0.0077917060
-0.0056517100
0.0008998085
0.0065149410
0.0082022550
0.0085125330
0.0100050800
0.0125400800
0.0153105700
0.0172472200
0.0163499400
0.0116476100
0.0043179510
-0.0023375500
-0.0059086130
-0.0044058500
-0.0003366316
0.0026829580
0.0062882990
0.0084415130
0.0071333680
0.0032253710
-0.0019946490
-0.0042716100
-0.0019088830
0.0042921050
0.0102996800
0.0146882200
0.0209545700
0.0248636200
0.0255212200
0.0254519300
0.0218191100
0.0165450800
0.0117145900
0.0091060750
0.0079948550
0.0044747320
0.0007476069
-0.0012103050
-0.0014549500
-0.0025990040
-0.0043407560
-0.0034274310
-0.0021850510
0.0005470859
0.0041547330
0.0051640520
0.0017409690
-0.0075025700
-0.0151749900
-0.0176471000
-0.0189918300
-0.0202805800
-0.0207771000
-0.0197005500
-0.0172258200
-0.0137704100
-0.0123000700
-0.0128508900
-0.0132435800
-0.0130371200
-0.0105172200
-0.0077385470
-0.0037959350
0.0012771920
0.0035496290
0.0058660020
0.0095204600
0.0135040200
0.0169976200
0.0192912000
0.0198261500
0.0169330900
0.0128656400
0.0076472920
0.0022969070
0.0019186430
0.0054327500
0.0079386560
0.0070177620
0.0046141610
0.0007600120
-0.0052918830
-0.0080988560
-0.0061094390
-0.0013870700
0.0075037990
0.0173335100
0.0231918500
0.0253707800
0.0235149300
0.0174475400
0.0104428600
0.0041903060
-0.0025692650
-0.0071261670
-0.0067554450
-0.0046272520
-0.0027896900
-0.0034354290
-0.0061240670
-0.0062164170
-0.0043045700
-0.0017636490
0.0008360972
0.0013882250
0.0000562738
-0.0010962810
-0.0010522140
-0.0012400840
-0.0034541790
-0.0083203810
-0.0117921100
-0.0103961700
-0.0080991460
-0.0082682550
-0.0100114100
-0.0115098200
-0.0128328200
-0.0145988800
-0.0153253400
-0.0147793100
-0.0139232200
-0.0134501700
-0.0131171300
-0.0109807900
-0.0074209740
-0.0031682100
0.0024284730
0.0057882680
0.0039453960
0.0010065360
0.0011952400
0.0040104280
0.0071115560
0.0102732900
0.0151543400
0.0208718300
0.0256360600
0.0283394800
0.0283181400
0.0250370500
0.0192004900
0.0149580000
0.0118901500
0.0078653870
0.0050831360
0.0025165820
-0.0019985630
-0.0081777370
-0.0153045000
-0.0207315400
-0.0207036500
-0.0160834600
-0.0105716500
-0.0051672360
-0.0008307053
0.0001655515
-0.0023013880
-0.0055117620
-0.0075278860
-0.0091424320
-0.0117327400
-0.0136945200
-0.0124153200
-0.0078229300
-0.0014713290
0.0040916090
0.0084963800
0.0116157700
0.0126544000
0.0115663800
0.0068164370
0.0013009150
-0.0018991010
-0.0051244740
-0.0086457530
-0.0104719100
-0.0077359820
-0.0012415280
0.0031660400
0.0030011840
-0.0002020392
-0.0027363320
-0.0036219640
-0.0042270790
-0.0025349020
-0.0003424935
-0.0016553990
-0.0055048860
-0.0078422080
-0.0062833290
-0.0018830620
0.0051617530
0.0095359210
0.0046916960
-0.0053864690
-0.0144070600
-0.0203233200
-0.0232705700
-0.0222289300
-0.0181853700
-0.0152825700
-0.0144306700
-0.0143088300
-0.0141495100
-0.0133238300
-0.0096386210
-0.0044648530
-0.0017791620
-0.0010086080
-0.0009419621
-0.0011736250
-0.0023041060
-0.0037182470
-0.0030378250
-0.0004722712
0.0022372410
0.0045882330
0.0072110760
0.0079025000
0.0068362000
0.0069419860
0.0058643310
0.0008525233
-0.0049782830
-0.0080217780
-0.0100773400
-0.0125297500
-0.0155972800
-0.0190243900
-0.0216110800
-0.0248173500
-0.0274641700
-0.0257214000
-0.0190620800
-0.0139155500
-0.0128240800
-0.0101069800
-0.0079408670
-0.0073322190
-0.0034664070
0.0018854970
0.0068205520
0.0116359800
0.0150958200
0.0166537000
0.0167001000
0.0161498400
0.0138124100
0.0087357280
0.0037294410
-0.0011543790
-0.0078297970
-0.0145572300
-0.0172481300
-0.0123965400
-0.0005360182
0.0130163400
0.0202939600
0.0179626300
0.0098334020
0.0000672341
-0.0090297790
-0.0162027600
-0.0192642700
-0.0159989100
-0.0091996520
-0.0011357820
0.0092246160
0.0168821300
0.0176571500
0.0146970100
0.0083755410
-0.0019532530
-0.0132175400
-0.0198167700
-0.0167777200
-0.0067519240
0.0036422760
0.0109904400
0.0139498400
0.0141006900
0.0121507800
0.0068306750
0.0034097960
0.0030819550
0.0018498940
0.0015332740
0.0013053410
0.0012957440
0.0027020060
0.0032907120
0.0039180020
0.0045795880
0.0051182510
0.0037415420
-0.0001901930
-0.0028362450
-0.0061708610
-0.0092602320
-0.0069213260
-0.0009171032
0.0032005750
0.0031735790
0.0032696720
0.0047114170
0.0047014920
0.0025049120
-0.0001635362
-0.0004868755
-0.0005145342
-0.0004467935
0.0019111850
0.0051457170
0.0080298670
0.0085045620
0.0078197710
0.0080119180
0.0080465930
0.0084437510
0.0063912950
0.0008881510
-0.0046616730
-0.0076767640
-0.0058678330
-0.0025654750
-0.0001774512
0.0035451060
0.0068246880
0.0062246720
0.0020286710
-0.0027310350
-0.0062530340
-0.0069376980
-0.0059864850
-0.0048174230
-0.0012061740
0.0039982790
0.0100194100
0.0126226500
0.0083032170
0.0031324700
-0.0000336221
-0.0000852688
0.0027829580
0.0049735760
0.0084474020
0.0126642600
0.0147403800
0.0157087500
0.0129512200
0.0065407650
0.0000482636
-0.0062140950
-0.0079375580
-0.0037295550
0.0021303670
0.0067863420
0.0051878340
-0.0020444510
-0.0085422340
-0.0114837400
-0.0112624800
-0.0097219700
-0.0070341720
-0.0040054060
-0.0004514510
0.0029425240
0.0046226550
0.0069631790
0.0079855150
0.0058506980
0.0023175930
-0.0003193563
0.0020200500
0.0069192410
0.0089205880
0.0076906530
0.0054554120
0.0043949540
0.0067307010
0.0125649100
0.0183086900
0.0199702500
0.0155842300
0.0076878540
-0.0001219837
-0.0068415700
-0.0117776100
-0.0149477900
-0.0145996100
-0.0089104710
-0.0009711744
0.0053026900
0.0086751870
0.0116842500
0.0145239700
0.0125168000
0.0074291740
0.0033544720
0.0000892766
-0.0028071870
-0.0040425790
-0.0011954610
0.0025757400
0.0040618400
0.0056738650
0.0073534360
0.0070406270
0.0053937430
0.0026260570
-0.0019946300
-0.0064315650
-0.0093165750
-0.0092307100
-0.0063331370
-0.0033107960
0.0004257122
0.0040300900
0.0072579760
0.0111218800
0.0118270800
0.0078383330
0.0034046920
0.0008954746
-0.0004692062
-0.0025777490
-0.0065718960
-0.0099513650
-0.0126792200
-0.0141750900
-0.0136749300
-0.0150253000
-0.0168947000
-0.0175871200
-0.0177719400
-0.0173654300
-0.0157947900
-0.0104459400
-0.0045126460
-0.0024493200
-0.0045371110
-0.0076892580
-0.0080389140
-0.0071699210
-0.0055149590
-0.0038018040
-0.0038324440
-0.0053745810
-0.0077774660
-0.0077551900
-0.0049139340
-0.0008326214
0.0011391800
-0.0001747090
-0.0011755780
-0.0035445990
-0.0075235470
-0.0118054800
-0.0142200600
-0.0110382200
-0.0059125080
-0.0019959090
0.0007355927
0.0030928810
0.0070607280
0.0118629200
0.0159845800
0.0190885000
0.0210392500
0.0209773900
0.0185719200
0.0140205300
0.0080083700
0.0018996700
-0.0025395840
-0.0033139210
-0.0011687910
0.0042490630
0.0110156900
0.0138567400
0.0140024100
0.0126913600
0.0118488500
0.0137171400
0.0160621900
0.0183888300
0.0193577600
0.0201511100
0.0197682200
0.0163333200
0.0144157300
0.0117796500
0.0073963740
0.0019919520
-0.0070512300
-0.0152634100
-0.0203503700
-0.0220014100
-0.0177357900
-0.0096686780
-0.0037693590
-0.0042432300
-0.0084219250
-0.0127934800
-0.0151948300
-0.0137069600
-0.0095855590
-0.0045479710
-0.0006776800
0.0022637910
0.0044573430
0.0035723120
0.0013807660
-0.0007788995
-0.0012134260
0.0014016350
0.0031013250
0.0033280790
0.0027213770
0.0009770339
-0.0007118112
-0.0018109260
-0.0008298816
0.0020093850
0.0042751290
0.0033231890
-0.0003463739
-0.0014977710
0.0010349240
0.0024578240
0.0011414910
-0.0001047216
0.0005578034
0.0035992520
0.0065589630
0.0065559750
0.0046115980
0.0001898155
-0.0039039510
-0.0028739060
-0.0014318400
-0.0006869286
0.0021613000
0.0010941360
-0.0050011060
-0.0098738280
-0.0119680500
-0.0128282000
-0.0129848100
-0.0108553200
-0.0047924970
0.0035674850
0.0110754900
0.0160689600
0.0171722400
0.0133885500
0.0072026990
0.0021461820
-0.0012435890
-0.0031863000
-0.0039139340
-0.0046565380
-0.0049612540
-0.0043241920
-0.0044257470
-0.0050207290
-0.0045531850
-0.0031808030
-0.0012352190
0.0008364053
0.0022177250
0.0019398550
0.0015675790
0.0042655970
0.0068126670
0.0060089910
0.0067957970
0.0095236950
0.0079125360
0.0034434760
0.0009621700
0.0000551692
-0.0007249147
-0.0034920750
-0.0090074010
-0.0135286100
-0.0154489700
-0.0150730600
-0.0102566600
-0.0029462360
0.0029378340
0.0069556510
0.0090957860
0.0097381690
0.0105635900
0.0137268000
0.0173289700
0.0186009800
0.0188836500
0.0185916000
0.0155874400
0.0078920050
-0.0013732280
-0.0088009060
-0.0148421400
-0.0171317800
-0.0143792200
-0.0081038170
-0.0008452142
0.0038598300
0.0074171320
0.0107246200
0.0100485500
0.0058535110
0.0006732015
-0.0032767910
-0.0031000240
-0.0013876310
-0.0009185215
-0.0020864380
-0.0053221840
-0.0066666880
-0.0044574610
-0.0010088790
0.0027192230
0.0053372480
0.0052063570
0.0034687530
0.0019929810
-0.0001403785
-0.0012856200
0.0003944520
0.0024579380
0.0033454470
0.0036098840
0.0041742750
0.0053762730
0.0073466620
0.0067443750
0.0025467880
-0.0006548957
-0.0012440700
0.0008558916
0.0018304950
-0.0004948507
-0.0021495320
-0.0046999330
-0.0088098680
-0.0106626300
-0.0096380910
-0.0063366030
-0.0031396390
-0.0029396900
-0.0046659430
-0.0072477620
-0.0099804750
-0.0086296090
-0.0042645070
-0.0023553030
-0.0020450670
-0.0036174260
-0.0069383340
-0.0084747480
-0.0081224590
-0.0036336870
0.0038620230
0.0081865190
0.0100594000
0.0102657600
0.0068387700
0.0003221792
-0.0078159870
-0.0119154200
-0.0099197940
-0.0065699980
-0.0032438020
-0.0010380580
-0.0011644540
-0.0023858200
-0.0019446420
-0.0010489060
-0.0015185120
-0.0009399509
-0.0027890710
-0.0052155040
-0.0043065390
-0.0030626820
0.0006734172
0.0051302380
0.0083128250
0.0107658400
0.0099771950
0.0080163150
0.0042683830
-0.0000409010
-0.0008064016
-0.0029395320
-0.0071763030
-0.0082048090
-0.0073353600
-0.0069962940
-0.0069769180
-0.0075140950
-0.0078459770
-0.0068402560
-0.0041869740
-0.0012098590
0.0010048810
0.0024901620
0.0014978500
-0.0019982980
-0.0068670900
-0.0104835900
-0.0090516960
-0.0041733720
0.0013601990
0.0055622840
0.0078119410
0.0095699980
0.0098002710
0.0088460710
0.0079688730
0.0065584300
0.0035695760
-0.0013488920
-0.0052994700
-0.0062471040
-0.0067194990
-0.0064394480
-0.0027960010
0.0023243990
0.0076767740
0.0129775900
0.0121205300
0.0048818120
-0.0010951610
-0.0037480670
-0.0050081150
-0.0071210820
-0.0095481820
-0.0096630590
-0.0078116560
-0.0056976800
-0.0039224400
-0.0014461100
0.0018087650
0.0039554820
0.0044012590
0.0042052650
0.0032415460
0.0023075830
0.0028949760
0.0047556430
0.0079935540
0.0094133420
0.0077076940
0.0060164730
0.0029162890
-0.0011783430
-0.0029437030
-0.0022393830
-0.0014035260
-0.0027228370
-0.0034816860
-0.0025191220
-0.0017816650
0.0006641452
0.0045411470
0.0068745330
0.0084054940
0.0089906940
0.0060915540
0.0002582580
-0.0065864260
-0.0121856900
-0.0143154000
-0.0112295300
-0.0036470420
0.0006660418
-0.0000197183
0.0009007216
0.0027722230
0.0026078220
0.0025119950
0.0034489570
0.0039075440
0.0028462040
-0.0003465294
-0.0046885130
-0.0084059230
-0.0099936430
-0.0101353000
-0.0095861240
-0.0066264550
-0.0024618030
0.0018039120
0.0039316640
0.0019664870
-0.0003610037
-0.0025544060
-0.0044033110
-0.0037584740
-0.0016947660
-0.0011995520
-0.0048897540
-0.0090130210
-0.0099570250
-0.0095007190
-0.0069416790
-0.0031634900
-0.0019859640
-0.0031005550
-0.0035920050
-0.0008319387
0.0034315390
0.0056659530
0.0073428490
0.0088289650
0.0077662910
0.0050437470
0.0039451910
0.0054204850
0.0077719040
0.0086721640
0.0067683160
0.0050999080
0.0058122360
0.0068477620
0.0065305830
0.0043089510
0.0030149310
0.0044349940
0.0047518710
0.0033846700
0.0032907090
0.0044497690
0.0057007390
0.0065470340
0.0074142810
0.0082267640
0.0086044950
0.0080568060
0.0054464580
0.0039008750
0.0046893480
0.0043868820
0.0050712940
0.0073065990
0.0067887330
0.0042832800
0.0013234070
-0.0029016620
-0.0064085630
-0.0064087920
-0.0043565580
-0.0035192260
-0.0043659130
-0.0060710710
-0.0057201750
-0.0028920690
-0.0010443020
0.0015408310
0.0040365780
0.0049153430
0.0074515180
0.0074034260
0.0032916910
-0.0006802114
-0.0046372220
-0.0061664130
-0.0040163590
0.0000760356
0.0046075650
0.0072638930
0.0075930330
0.0041950890
-0.0011567560
-0.0025990520
-0.0010074440
0.0003338158
0.0013422300
0.0010112450
-0.0001424292
-0.0005791691
-0.0003640988
0.0015743210
0.0036698750
0.0028147620
0.0002714664
-0.0018094610
-0.0024837510
-0.0023784660
-0.0029168380
-0.0040682760
-0.0055362660
-0.0057219360
-0.0038720580
-0.0024852560
-0.0029967280
-0.0048841060
-0.0072149130
-0.0084986980
-0.0070408440
-0.0027856500
0.0012624870
0.0044858520
0.0077215830
0.0083734500
0.0071217720
0.0049236450
0.0008120092
-0.0028310590
-0.0052404230
-0.0062085320
-0.0059620430
-0.0056765930
-0.0052014790
-0.0050261400
-0.0053702050
-0.0067512630
-0.0063547030
-0.0025902840
0.0004753655
0.0026881920
0.0048848660
0.0058135100
0.0053176390
0.0034033190
0.0005297395
-0.0024851180
-0.0038440990
-0.0031527390
-0.0017522300
-0.0000159685
0.0013189080
0.0016756360
0.0011366220
0.0002045982
-0.0003840291
-0.0005653733
-0.0003084802
-0.0006740516
-0.0019731540
-0.0021631400
-0.0019039070
-0.0029586240
-0.0039294370
-0.0043764980
-0.0051176140
-0.0051958410
-0.0046269940
-0.0040426670
-0.0030067800
-0.0021228060
-0.0013198420
-0.0002188355
0.0008414676
0.0016436290
0.0003744570
-0.0021513890
-0.0034027400
-0.0036414680
-0.0025815310
-0.0009350091
0.0004207005
0.0015007190
0.0011507080
0.0008429211
0.0008861388
-0.0001375049
-0.0011898550
-0.0024064800
-0.0036447690
-0.0037923010
-0.0028639160
-0.0017109380
-0.0006021514
0.0004360017
0.0002440687
-0.0004975898
-0.0013078790
-0.0022520070
-0.0017479760
-0.0000489874
0.0013820960
0.0017934570
0.0007636689
-0.0013495960
-0.0033566410
-0.0047356380
-0.0055434260
-0.0054931500
-0.0046303270
-0.0034376930
-0.0033253830
-0.0047366650
-0.0060685100
-0.0064222270
-0.0056181820
-0.0037750780
-0.0019199570
-0.0006767095
-0.0001464216
-0.0004045427
-0.0006872930
-0.0003977421
0.0003576216
0.0009802057
0.0007958298
0.0009543096
0.0014567300
0.0009347895
0.0002013195
-0.0006969883
-0.0019559450
-0.0024601820
-0.0024212230
-0.0025184640
-0.0025322430
-0.0021581920
-0.0016129020
-0.0010613400
-0.0008134885
-0.0008481728
-0.0006575479
-0.0003373581
-0.0000058965
-0.0000045413
-0.0002166893
-0.0003542196
-0.0006722164
-0.0006702949
-0.0003187369
-0.0001426405
-0.0001084854
-0.0003550589
-0.0007580180
-0.0007499102
-0.0003760577
0.0001818899
0.0006430500
0.0006863649
0.0007100072
0.0004818060
0.0000260769
0.0001373749
0.0004688165
0.0005975459
0.0005572703
0.0003208555
0.0000300250
-0.0002727696
-0.0004773764
-0.0003351143
-0.0000887983
-0.0001690682
-0.0002448959
-0.0000525136
0.0001307129
0.0003853053
0.0006627553
0.0008133774
0.0009861528
0.0008022618
0.0004379350
0.0004615194
0.0004214324
0.0003517860
0.0005020260
0.0004595206
0.0001295236
-0.0001570488
-0.0001558985
0.0000750945
0.0004780972
0.0008322904
0.0010723890
0.0012180400
0.0010228890
0.0007507638
0.0006308061
0.0005197523
0.0003652834
0.0001750211
-0.0000055395
-0.0000972813
-0.0000226865
-0.0000132065
-0.0000117778
0.0003046991
0.0006008019
0.0006652717
0.0006273195
0.0004424136
0.0002698325
0.0001721512
0.0000823509
0.0001625864
0.0003489057
0.0004275824
0.0004099745
0.0003623157
0.0002814529
0.0002230191
0.0002456686
0.0002655682
0.0002859285
0.0003307318
0.0003230645
0.0002697737
0.0002163791
0.0002293366
0.0003218267
0.0004382237
0.0005607278
0.0006565067
0.0007109314
0.0007177561
0.0006815719
0.0006434176
0.0005912434
0.0005383808
0.0005285310
0.0005299825
0.0005231708
0.0005114342
0.0004804827
0.0004490932
0.0004341578
0.0004435391
0.0004842388
0.0005351719
0.0005782994
0.0006024657
0.0006107312
0.0006146557
0.0006122380
0.0006119889
0.0006154738
0.0006149358
0.0006207185
0.0006290218
0.0006254623
0.0006208719
0.0006215659
0.0006252134
0.0006352706
0.0006427488
0.0006425322
0.0006363831
0.0006264993
0.0006167740
0.0006047489
0.0005959521
0.0005937417
0.0005945997
0.0005992264
0.0006058152
0.0006116640
0.0006138085
0.0006138793
0.0006155517
0.0006178328
0.0006188758
0.0006181629
0.0006162159
0.0006133328
0.0006114380
0.0006106213
0.0006088996
0.0006062606
0.0006031810
0.0006005150
0.0005982414
0.0005958077
0.0005934023
0.0005909138
0.0005883093
0.0005857741
0.0005832802
0.0005806906
0.0005779391
0.0005749574
0.0005716767
0.0005682533
0.0005648117
0.0005612944
0.0005576776
0.0005539616
0.0005501408
0.0005462112
0.0005421702
0.0005380192
0.0005337559
0.0005293811
0.0005248959
0.0005203012
0.0005155978
0.0005107855
0.0005058636
0.0000000000
0.0000000000
0.0000000000
0.0000000000
